1 87 42.355208 -71.108994 0.000885482924 0.003600 53.54
1 88 42.355215 -71.108987 0.000895665447 0.003600 53.54
1 89 42.355222 -71.108980 0.000905847971 0.003600 53.54
1 90 42.355230 -71.108972 0.000916030495 0.003600 53.54
1 91 42.355237 -71.108965 0.000926213511 0.003600 53.54
1 92 42.355244 -71.108958 0.000936396528 0.003600 53.54
1 93 42.355251 -71.108951 0.000946579544 0.003600 53.54
1 94 42.355259 -71.108943 0.000956762560 0.003600 53.54
1 95 42.355266 -71.108936 0.000966945576 0.003600 53.54
1 96 42.355273 -71.108929 0.000977129081 0.003600 53.54
1 97 42.355280 -71.108922 0.000987312586 0.003600 53.54
1 98 42.355287 -71.108915 0.000997496090 0.003600 53.54
1 99 42.355295 -71.108907 0.001007679595 0.003600 53.54
1 100 42.355302 -71.108900 0.001017863100 0.003601 53.54
1 101 42.355309 -71.108893 0.001028047089 0.003601 53.54
1 102 42.355316 -71.108886 0.001038231078 0.003601 53.54
1 103 42.355323 -71.108879 0.001048415066 0.003601 53.54
1 104 42.355331 -71.108871 0.001058599055 0.003601 53.54
1 105 42.355338 -71.108864 0.001068783044 0.003601 53.54
1 106 42.355345 -71.108857 0.001078967513 0.003601 53.54
1 107 42.355352 -71.108850 0.001089151982 0.003601 53.54
1 108 42.355359 -71.108843 0.001099336451 0.003601 53.54
1 109 42.355367 -71.108835 0.001109520920 0.003601 53.54
1 110 42.355374 -71.108828 0.001119705390 0.003601 53.54
1 111 42.355381 -71.108821 0.001129890335 0.003601 53.54
1 112 42.355388 -71.108814 0.001140075280 0.003601 53.54
1 113 42.355395 -71.108807 0.001150260225 0.003601 53.54
1 114 42.355403 -71.108799 0.001160445170 0.003601 53.54
1 115 42.355410 -71.108792 0.001170630115 0.003601 53.54
1 116 42.355417 -71.108785 0.001180815532 0.003601 53.54
1 117 42.355424 -71.108778 0.001191000949 0.003601 53.54
1 118 42.355431 -71.108771 0.001201186366 0.003601 53.54
1 119 42.355439 -71.108763 0.001211371783 0.003601 53.54
1 120 42.355446 -71.108756 0.001221557200 0.003601 53.54
1 121 42.355453 -71.108749 0.001231743085 0.003601 53.54
1 122 42.355460 -71.108742 0.001241928970 0.003601 53.54
1 123 42.355467 -71.108735 0.001252114855 0.003601 53.54
1 124 42.355475 -71.108727 0.001262300739 0.003601 53.54
1 125 42.355482 -71.108720 0.001272486624 0.003601 53.54
1 126 42.355489 -71.108713 0.001282672973 0.003601 53.54
1 127 42.355496 -71.108706 0.001292859321 0.003601 53.54
1 128 42.355503 -71.108699 0.001303045670 0.003601 53.54
1 129 42.355511 -71.108691 0.001313232018 0.003601 53.54
1 130 42.355518 -71.108684 0.001323418367 0.003602 53.54
1 131 42.355525 -71.108677 0.001333605175 0.003602 53.54
1 132 42.355532 -71.108670 0.001343791983 0.003602 53.54
1 133 42.355539 -71.108663 0.001353978791 0.003602 53.54
1 134 42.355547 -71.108655 0.001364165600 0.003602 53.54
1 135 42.355554 -71.108648 0.001374352408 0.003602 53.54
1 136 42.355561 -71.108641 0.001384539671 0.003602 53.54
1 137 42.355568 -71.108634 0.001394726935 0.003602 53.54
1 138 42.355575 -71.108627 0.001404914199 0.003602 53.54
1 139 42.355583 -71.108619 0.001415101462 0.003602 53.54
1 140 42.355590 -71.108612 0.001425288726 0.003602 53.54
1 141 42.355597 -71.108605 0.001435476441 0.003602 53.54
1 142 42.355604 -71.108598 0.001445664156 0.003602 53.54
1 143 42.355611 -71.108591 0.001455851871 0.003602 53.54
1 144 42.355619 -71.108583 0.001466039586 0.003602 53.54
1 145 42.355626 -71.108576 0.001476227301 0.003602 53.54
1 146 42.355633 -71.108569 0.001486415464 0.003602 53.54
1 147 42.355640 -71.108562 0.001496603626 0.003602 53.54
1 148 42.355647 -71.108555 0.001506791788 0.003602 53.54
1 149 42.355655 -71.108547 0.001516979951 0.003602 53.54
1 150 42.355662 -71.108540 0.001527168113 0.003602 53.54
1 151 42.355669 -71.108533 0.001537356719 0.003602 53.54
1 152 42.355676 -71.108526 0.001547545324 0.003602 53.54
1 153 42.355683 -71.108519 0.001557733930 0.003602 53.54
1 154 42.355691 -71.108511 0.001567922535 0.003602 53.54
1 155 42.355698 -71.108504 0.001578111141 0.003602 53.54
1 156 42.355705 -71.108497 0.001588300185 0.003602 53.54
1 157 42.355712 -71.108490 0.001598489230 0.003602 53.54
1 158 42.355719 -71.108483 0.001608678275 0.003602 53.54
1 159 42.355727 -71.108475 0.001618867319 0.003602 53.54
1 160 42.355734 -71.108468 0.001629056364 0.003603 53.54
1 161 42.355741 -71.108461 0.001639245843 0.003603 53.54
1 162 42.355748 -71.108454 0.001649435323 0.003603 53.54
1 163 42.355755 -71.108447 0.001659624803 0.003603 53.54
1 164 42.355763 -71.108439 0.001669814282 0.003603 53.54
1 165 42.355770 -71.108432 0.001680003762 0.003603 53.54
1 166 42.355777 -71.108425 0.001690193672 0.003603 53.54
1 167 42.355784 -71.108418 0.001700383583 0.003603 53.54
1 168 42.355792 -71.108410 0.001710573493 0.003603 53.54
1 169 42.355799 -71.108403 0.001720763404 0.003603 53.54
1 170 42.355806 -71.108396 0.001730953314 0.003603 53.54
1 171 42.355813 -71.108389 0.001741143651 0.003603 53.54
1 172 42.355820 -71.108382 0.001751333989 0.003603 53.54
1 173 42.355828 -71.108374 0.001761524326 0.003603 53.54
1 174 42.355835 -71.108367 0.001771714663 0.003603 53.54
1 175 42.355842 -71.108360 0.001781905000 0.003603 53.54
1 176 42.355849 -71.108353 0.001792095760 0.003603 53.54
1 177 42.355856 -71.108346 0.001802286520 0.003603 53.54
1 178 42.355864 -71.108338 0.001812477280 0.003603 53.54
1 179 42.355871 -71.108331 0.001822668040 0.003603 53.54
1 180 42.355878 -71.108324 0.001832858800 0.003603 53.54
1 181 42.355885 -71.108317 0.001843049978 0.003603 53.54
1 182 42.355892 -71.108310 0.001853241156 0.003603 53.54
1 183 42.355900 -71.108302 0.001863432335 0.003603 53.54
1 184 42.355907 -71.108295 0.001873623513 0.003603 53.54
1 185 42.355914 -71.108288 0.001883814692 0.003603 53.54
1 186 42.355921 -71.108281 0.001894006285 0.003603 53.54
1 187 42.355928 -71.108274 0.001904197878 0.003603 53.54
1 188 42.355936 -71.108266 0.001914389470 0.003603 53.54
1 189 42.355943 -71.108259 0.001924581063 0.003603 53.54
1 190 42.355950 -71.108252 0.001934772656 0.003603 53.54
1 191 42.355957 -71.108245 0.001944964659 0.003603 53.54
1 192 42.355964 -71.108238 0.001955156663 0.003603 53.54
1 193 42.355972 -71.108230 0.001965348666 0.003603 53.54
1 194 42.355979 -71.108223 0.001975540669 0.003603 53.54
1 195 42.355986 -71.108216 0.001985732672 0.003604 53.54
1 196 42.355993 -71.108209 0.001995925082 0.003604 53.54
2 87 42.355208 -71.108994 0.000885482924 0.003600 53.54
2 88 42.355215 -71.108987 0.000895665447 0.003600 53.54
2 89 42.355222 -71.108980 0.000905847971 0.003600 53.54
2 90 42.355230 -71.108972 0.000916030495 0.003600 53.54
2 91 42.355237 -71.108965 0.000926213511 0.003600 53.54
2 92 42.355244 -71.108958 0.000936396528 0.003600 53.54
2 93 42.355251 -71.108951 0.000946579544 0.003600 53.54
2 94 42.355259 -71.108943 0.000956762560 0.003600 53.54
2 95 42.355266 -71.108936 0.000966945576 0.003600 53.54
2 96 42.355273 -71.108929 0.000977129081 0.003600 53.54
2 97 42.355280 -71.108922 0.000987312586 0.003600 53.54
2 98 42.355287 -71.108915 0.000997496090 0.003600 53.54
2 99 42.355295 -71.108907 0.001007679595 0.003600 53.54
2 100 42.355302 -71.108900 0.001017863100 0.003601 53.54
2 101 42.355309 -71.108893 0.001028047089 0.003601 53.54
2 102 42.355316 -71.108886 0.001038231078 0.003601 53.54
2 103 42.355323 -71.108879 0.001048415066 0.003601 53.54
2 104 42.355331 -71.108871 0.001058599055 0.003601 53.54
2 105 42.355338 -71.108864 0.001068783044 0.003601 53.54
2 106 42.355345 -71.108857 0.001078967513 0.003601 53.54
2 107 42.355352 -71.108850 0.001089151982 0.003601 53.54
2 108 42.355359 -71.108843 0.001099336451 0.003601 53.54
2 109 42.355367 -71.108835 0.001109520920 0.003601 53.54
2 110 42.355374 -71.108828 0.001119705390 0.003601 53.54
2 111 42.355381 -71.108821 0.001129890335 0.003601 53.54
2 112 42.355388 -71.108814 0.001140075280 0.003601 53.54
2 113 42.355395 -71.108807 0.001150260225 0.003601 53.54
2 114 42.355403 -71.108799 0.001160445170 0.003601 53.54
2 115 42.355410 -71.108792 0.001170630115 0.003601 53.54
2 116 42.355417 -71.108785 0.001180815532 0.003601 53.54
2 117 42.355424 -71.108778 0.001191000949 0.003601 53.54
2 118 42.355431 -71.108771 0.001201186366 0.003601 53.54
2 119 42.355439 -71.108763 0.001211371783 0.003601 53.54
2 120 42.355446 -71.108756 0.001221557200 0.003601 53.54
2 121 42.355453 -71.108749 0.001231743085 0.003601 53.54
2 122 42.355460 -71.108742 0.001241928970 0.003601 53.54
2 123 42.355467 -71.108735 0.001252114855 0.003601 53.54
2 124 42.355475 -71.108727 0.001262300739 0.003601 53.54
2 125 42.355482 -71.108720 0.001272486624 0.003601 53.54
2 126 42.355489 -71.108713 0.001282672973 0.003601 53.54
2 127 42.355496 -71.108706 0.001292859321 0.003601 53.54
2 128 42.355503 -71.108699 0.001303045670 0.003601 53.54
2 129 42.355511 -71.108691 0.001313232018 0.003601 53.54
2 130 42.355518 -71.108684 0.001323418367 0.003602 53.54
2 131 42.355525 -71.108677 0.001333605175 0.003602 53.54
2 132 42.355532 -71.108670 0.001343791983 0.003602 53.54
2 133 42.355539 -71.108663 0.001353978791 0.003602 53.54
2 134 42.355547 -71.108655 0.001364165600 0.003602 53.54
2 135 42.355554 -71.108648 0.001374352408 0.003602 53.54
2 136 42.355561 -71.108641 0.001384539671 0.003602 53.54
2 137 42.355568 -71.108634 0.001394726935 0.003602 53.54
2 138 42.355575 -71.108627 0.001404914199 0.003602 53.54
2 139 42.355583 -71.108619 0.001415101462 0.003602 53.54
2 140 42.355590 -71.108612 0.001425288726 0.003602 53.54
2 141 42.355597 -71.108605 0.001435476441 0.003602 53.54
2 142 42.355604 -71.108598 0.001445664156 0.003602 53.54
2 143 42.355611 -71.108591 0.001455851871 0.003602 53.54
2 144 42.355619 -71.108583 0.001466039586 0.003602 53.54
2 145 42.355626 -71.108576 0.001476227301 0.003602 53.54
2 146 42.355633 -71.108569 0.001486415464 0.003602 53.54
2 147 42.355640 -71.108562 0.001496603626 0.003602 53.54
2 148 42.355647 -71.108555 0.001506791788 0.003602 53.54
2 149 42.355655 -71.108547 0.001516979951 0.003602 53.54
2 150 42.355662 -71.108540 0.001527168113 0.003602 53.54
2 151 42.355669 -71.108533 0.001537356719 0.003602 53.54
2 152 42.355676 -71.108526 0.001547545324 0.003602 53.54
2 153 42.355683 -71.108519 0.001557733930 0.003602 53.54
2 154 42.355691 -71.108511 0.001567922535 0.003602 53.54
2 155 42.355698 -71.108504 0.001578111141 0.003602 53.54
2 156 42.355705 -71.108497 0.001588300185 0.003602 53.54
2 157 42.355712 -71.108490 0.001598489230 0.003602 53.54
2 158 42.355719 -71.108483 0.001608678275 0.003602 53.54
2 159 42.355727 -71.108475 0.001618867319 0.003602 53.54
2 160 42.355734 -71.108468 0.001629056364 0.003603 53.54
2 161 42.355741 -71.108461 0.001639245843 0.003603 53.54
2 162 42.355748 -71.108454 0.001649435323 0.003603 53.54
2 163 42.355755 -71.108447 0.001659624803 0.003603 53.54
2 164 42.355763 -71.108439 0.001669814282 0.003603 53.54
2 165 42.355770 -71.108432 0.001680003762 0.003603 53.54
2 166 42.355777 -71.108425 0.001690193672 0.003603 53.54
2 167 42.355784 -71.108418 0.001700383583 0.003603 53.54
2 168 42.355792 -71.108410 0.001710573493 0.003603 53.54
2 169 42.355799 -71.108403 0.001720763404 0.003603 53.54
2 170 42.355806 -71.108396 0.001730953314 0.003603 53.54
2 171 42.355813 -71.108389 0.001741143651 0.003603 53.54
2 172 42.355820 -71.108382 0.001751333989 0.003603 53.54
2 173 42.355828 -71.108374 0.001761524326 0.003603 53.54
2 174 42.355835 -71.108367 0.001771714663 0.003603 53.54
2 175 42.355842 -71.108360 0.001781905000 0.003603 53.54
2 176 42.355849 -71.108353 0.001792095760 0.003603 53.54
2 177 42.355856 -71.108346 0.001802286520 0.003603 53.54
2 178 42.355864 -71.108338 0.001812477280 0.003603 53.54
2 179 42.355871 -71.108331 0.001822668040 0.003603 53.54
2 180 42.355878 -71.108324 0.001832858800 0.003603 53.54
2 181 42.355885 -71.108317 0.001843049978 0.003603 53.54
2 182 42.355892 -71.108310 0.001853241156 0.003603 53.54
2 183 42.355900 -71.108302 0.001863432335 0.003603 53.54
2 184 42.355907 -71.108295 0.001873623513 0.003603 53.54
2 185 42.355914 -71.108288 0.001883814692 0.003603 53.54
2 186 42.355921 -71.108281 0.001894006285 0.003603 53.54
2 187 42.355928 -71.108274 0.001904197878 0.003603 53.54
2 188 42.355936 -71.108266 0.001914389470 0.003603 53.54
2 189 42.355943 -71.108259 0.001924581063 0.003603 53.54
2 190 42.355950 -71.108252 0.001934772656 0.003603 53.54
2 191 42.355957 -71.108245 0.001944964659 0.003603 53.54
2 192 42.355964 -71.108238 0.001955156663 0.003603 53.54
2 193 42.355972 -71.108230 0.001965348666 0.003603 53.54
2 194 42.355979 -71.108223 0.001975540669 0.003603 53.54
2 195 42.355986 -71.108216 0.001985732672 0.003604 53.54
2 196 42.355993 -71.108209 0.001995925082 0.003604 53.54
3 87 42.355208 -71.108994 0.000885482924 0.003600 53.54
3 88 42.355215 -71.108987 0.000895665447 0.003600 53.54
3 89 42.355222 -71.108980 0.000905847971 0.003600 53.54
3 90 42.355230 -71.108972 0.000916030495 0.003600 53.54
3 91 42.355237 -71.108965 0.000926213511 0.003600 53.54
3 92 42.355244 -71.108958 0.000936396528 0.003600 53.54
3 93 42.355251 -71.108951 0.000946579544 0.003600 53.54
3 94 42.355259 -71.108943 0.000956762560 0.003600 53.54
3 95 42.355266 -71.108936 0.000966945576 0.003600 53.54
3 96 42.355273 -71.108929 0.000977129081 0.003600 53.54
3 97 42.355280 -71.108922 0.000987312586 0.003600 53.54
3 98 42.355287 -71.108915 0.000997496090 0.003600 53.54
3 99 42.355295 -71.108907 0.001007679595 0.003600 53.54
3 100 42.355302 -71.108900 0.001017863100 0.003601 53.54
3 101 42.355309 -71.108893 0.001028047089 0.003601 53.54
3 102 42.355316 -71.108886 0.001038231078 0.003601 53.54
3 103 42.355323 -71.108879 0.001048415066 0.003601 53.54
3 104 42.355331 -71.108871 0.001058599055 0.003601 53.54
3 105 42.355338 -71.108864 0.001068783044 0.003601 53.54
3 106 42.355345 -71.108857 0.001078967513 0.003601 53.54
3 107 42.355352 -71.108850 0.001089151982 0.003601 53.54
3 108 42.355359 -71.108843 0.001099336451 0.003601 53.54
3 109 42.355367 -71.108835 0.001109520920 0.003601 53.54
3 110 42.355374 -71.108828 0.001119705390 0.003601 53.54
3 111 42.355381 -71.108821 0.001129890335 0.003601 53.54
3 112 42.355388 -71.108814 0.001140075280 0.003601 53.54
3 113 42.355395 -71.108807 0.001150260225 0.003601 53.54
3 114 42.355403 -71.108799 0.001160445170 0.003601 53.54
3 115 42.355410 -71.108792 0.001170630115 0.003601 53.54
3 116 42.355417 -71.108785 0.001180815532 0.003601 53.54
3 117 42.355424 -71.108778 0.001191000949 0.003601 53.54
3 118 42.355431 -71.108771 0.001201186366 0.003601 53.54
3 119 42.355439 -71.108763 0.001211371783 0.003601 53.54
3 120 42.355446 -71.108756 0.001221557200 0.003601 53.54
3 121 42.355453 -71.108749 0.001231743085 0.003601 53.54
3 122 42.355460 -71.108742 0.001241928970 0.003601 53.54
3 123 42.355467 -71.108735 0.001252114855 0.003601 53.54
3 124 42.355475 -71.108727 0.001262300739 0.003601 53.54
3 125 42.355482 -71.108720 0.001272486624 0.003601 53.54
3 126 42.355489 -71.108713 0.001282672973 0.003601 53.54
3 127 42.355496 -71.108706 0.001292859321 0.003601 53.54
3 128 42.355503 -71.108699 0.001303045670 0.003601 53.54
3 129 42.355511 -71.108691 0.001313232018 0.003601 53.54
3 130 42.355518 -71.108684 0.001323418367 0.003602 53.54
3 131 42.355525 -71.108677 0.001333605175 0.003602 53.54
3 132 42.355532 -71.108670 0.001343791983 0.003602 53.54
3 133 42.355539 -71.108663 0.001353978791 0.003602 53.54
3 134 42.355547 -71.108655 0.001364165600 0.003602 53.54
3 135 42.355554 -71.108648 0.001374352408 0.003602 53.54
3 136 42.355561 -71.108641 0.001384539671 0.003602 53.54
3 137 42.355568 -71.108634 0.001394726935 0.003602 53.54
3 138 42.355575 -71.108627 0.001404914199 0.003602 53.54
3 139 42.355583 -71.108619 0.001415101462 0.003602 53.54
3 140 42.355590 -71.108612 0.001425288726 0.003602 53.54
3 141 42.355597 -71.108605 0.001435476441 0.003602 53.54
3 142 42.355604 -71.108598 0.001445664156 0.003602 53.54
3 143 42.355611 -71.108591 0.001455851871 0.003602 53.54
3 144 42.355619 -71.108583 0.001466039586 0.003602 53.54
3 145 42.355626 -71.108576 0.001476227301 0.003602 53.54
3 146 42.355633 -71.108569 0.001486415464 0.003602 53.54
3 147 42.355640 -71.108562 0.001496603626 0.003602 53.54
3 148 42.355647 -71.108555 0.001506791788 0.003602 53.54
3 149 42.355655 -71.108547 0.001516979951 0.003602 53.54
3 150 42.355662 -71.108540 0.001527168113 0.003602 53.54
3 151 42.355669 -71.108533 0.001537356719 0.003602 53.54
3 152 42.355676 -71.108526 0.001547545324 0.003602 53.54
3 153 42.355683 -71.108519 0.001557733930 0.003602 53.54
3 154 42.355691 -71.108511 0.001567922535 0.003602 53.54
3 155 42.355698 -71.108504 0.001578111141 0.003602 53.54
3 156 42.355705 -71.108497 0.001588300185 0.003602 53.54
3 157 42.355712 -71.108490 0.001598489230 0.003602 53.54
3 158 42.355719 -71.108483 0.001608678275 0.003602 53.54
3 159 42.355727 -71.108475 0.001618867319 0.003602 53.54
3 160 42.355734 -71.108468 0.001629056364 0.003603 53.54
3 161 42.355741 -71.108461 0.001639245843 0.003603 53.54
3 162 42.355748 -71.108454 0.001649435323 0.003603 53.54
3 163 42.355755 -71.108447 0.001659624803 0.003603 53.54
3 164 42.355763 -71.108439 0.001669814282 0.003603 53.54
3 165 42.355770 -71.108432 0.001680003762 0.003603 53.54
3 166 42.355777 -71.108425 0.001690193672 0.003603 53.54
3 167 42.355784 -71.108418 0.001700383583 0.003603 53.54
3 168 42.355792 -71.108410 0.001710573493 0.003603 53.54
3 169 42.355799 -71.108403 0.001720763404 0.003603 53.54
3 170 42.355806 -71.108396 0.001730953314 0.003603 53.54
3 171 42.355813 -71.108389 0.001741143651 0.003603 53.54
3 172 42.355820 -71.108382 0.001751333989 0.003603 53.54
3 173 42.355828 -71.108374 0.001761524326 0.003603 53.54
3 174 42.355835 -71.108367 0.001771714663 0.003603 53.54
3 175 42.355842 -71.108360 0.001781905000 0.003603 53.54
3 176 42.355849 -71.108353 0.001792095760 0.003603 53.54
3 177 42.355856 -71.108346 0.001802286520 0.003603 53.54
3 178 42.355864 -71.108338 0.001812477280 0.003603 53.54
3 179 42.355871 -71.108331 0.001822668040 0.003603 53.54
3 180 42.355878 -71.108324 0.001832858800 0.003603 53.54
3 181 42.355885 -71.108317 0.001843049978 0.003603 53.54
3 182 42.355892 -71.108310 0.001853241156 0.003603 53.54
3 183 42.355900 -71.108302 0.001863432335 0.003603 53.54
3 184 42.355907 -71.108295 0.001873623513 0.003603 53.54
3 185 42.355914 -71.108288 0.001883814692 0.003603 53.54
3 186 42.355921 -71.108281 0.001894006285 0.003603 53.54
3 187 42.355928 -71.108274 0.001904197878 0.003603 53.54
3 188 42.355936 -71.108266 0.001914389470 0.003603 53.54
3 189 42.355943 -71.108259 0.001924581063 0.003603 53.54
3 190 42.355950 -71.108252 0.001934772656 0.003603 53.54
3 191 42.355957 -71.108245 0.001944964659 0.003603 53.54
3 192 42.355964 -71.108238 0.001955156663 0.003603 53.54
3 193 42.355972 -71.108230 0.001965348666 0.003603 53.54
3 194 42.355979 -71.108223 0.001975540669 0.003603 53.54
3 195 42.355986 -71.108216 0.001985732672 0.003604 53.54
3 196 42.355993 -71.108209 0.001995925082 0.003604 53.54
4 87 42.355208 -71.108994 0.000885482924 0.003600 53.54
4 88 42.355215 -71.108987 0.000895665447 0.003600 53.54
4 89 42.355222 -71.108980 0.000905847971 0.003600 53.54
4 90 42.355230 -71.108972 0.000916030495 0.003600 53.54
4 91 42.355237 -71.108965 0.000926213511 0.003600 53.54
4 92 42.355244 -71.108958 0.000936396528 0.003600 53.54
4 93 42.355251 -71.108951 0.000946579544 0.003600 53.54
4 94 42.355259 -71.108943 0.000956762560 0.003600 53.54
4 95 42.355266 -71.108936 0.000966945576 0.003600 53.54
4 96 42.355273 -71.108929 0.000977129081 0.003600 53.54
4 97 42.355280 -71.108922 0.000987312586 0.003600 53.54
4 98 42.355287 -71.108915 0.000997496090 0.003600 53.54
4 99 42.355295 -71.108907 0.001007679595 0.003600 53.54
4 100 42.355302 -71.108900 0.001017863100 0.003601 53.54
4 101 42.355309 -71.108893 0.001028047089 0.003601 53.54
4 102 42.355316 -71.108886 0.001038231078 0.003601 53.54
4 103 42.355323 -71.108879 0.001048415066 0.003601 53.54
4 104 42.355331 -71.108871 0.001058599055 0.003601 53.54
4 105 42.355338 -71.108864 0.001068783044 0.003601 53.54
4 106 42.355345 -71.108857 0.001078967513 0.003601 53.54
4 107 42.355352 -71.108850 0.001089151982 0.003601 53.54
4 108 42.355359 -71.108843 0.001099336451 0.003601 53.54
4 109 42.355367 -71.108835 0.001109520920 0.003601 53.54
4 110 42.355374 -71.108828 0.001119705390 0.003601 53.54
4 111 42.355381 -71.108821 0.001129890335 0.003601 53.54
4 112 42.355388 -71.108814 0.001140075280 0.003601 53.54
4 113 42.355395 -71.108807 0.001150260225 0.003601 53.54
4 114 42.355403 -71.108799 0.001160445170 0.003601 53.54
4 115 42.355410 -71.108792 0.001170630115 0.003601 53.54
4 116 42.355417 -71.108785 0.001180815532 0.003601 53.54
4 117 42.355424 -71.108778 0.001191000949 0.003601 53.54
4 118 42.355431 -71.108771 0.001201186366 0.003601 53.54
4 119 42.355439 -71.108763 0.001211371783 0.003601 53.54
4 120 42.355446 -71.108756 0.001221557200 0.003601 53.54
4 121 42.355453 -71.108749 0.001231743085 0.003601 53.54
4 122 42.355460 -71.108742 0.001241928970 0.003601 53.54
4 123 42.355467 -71.108735 0.001252114855 0.003601 53.54
4 124 42.355475 -71.108727 0.001262300739 0.003601 53.54
4 125 42.355482 -71.108720 0.001272486624 0.003601 53.54
4 126 42.355489 -71.108713 0.001282672973 0.003601 53.54
4 127 42.355496 -71.108706 0.001292859321 0.003601 53.54
4 128 42.355503 -71.108699 0.001303045670 0.003601 53.54
4 129 42.355511 -71.108691 0.001313232018 0.003601 53.54
4 130 42.355518 -71.108684 0.001323418367 0.003602 53.54
4 131 42.355525 -71.108677 0.001333605175 0.003602 53.54
4 132 42.355532 -71.108670 0.001343791983 0.003602 53.54
4 133 42.355539 -71.108663 0.001353978791 0.003602 53.54
4 134 42.355547 -71.108655 0.001364165600 0.003602 53.54
4 135 42.355554 -71.108648 0.001374352408 0.003602 53.54
4 136 42.355561 -71.108641 0.001384539671 0.003602 53.54
4 137 42.355568 -71.108634 0.001394726935 0.003602 53.54
4 138 42.355575 -71.108627 0.001404914199 0.003602 53.54
4 139 42.355583 -71.108619 0.001415101462 0.003602 53.54
4 140 42.355590 -71.108612 0.001425288726 0.003602 53.54
4 141 42.355597 -71.108605 0.001435476441 0.003602 53.54
4 142 42.355604 -71.108598 0.001445664156 0.003602 53.54
4 143 42.355611 -71.108591 0.001455851871 0.003602 53.54
4 144 42.355619 -71.108583 0.001466039586 0.003602 53.54
4 145 42.355626 -71.108576 0.001476227301 0.003602 53.54
4 146 42.355633 -71.108569 0.001486415464 0.003602 53.54
4 147 42.355640 -71.108562 0.001496603626 0.003602 53.54
4 148 42.355647 -71.108555 0.001506791788 0.003602 53.54
4 149 42.355655 -71.108547 0.001516979951 0.003602 53.54
4 150 42.355662 -71.108540 0.001527168113 0.003602 53.54
4 151 42.355669 -71.108533 0.001537356719 0.003602 53.54
4 152 42.355676 -71.108526 0.001547545324 0.003602 53.54
4 153 42.355683 -71.108519 0.001557733930 0.003602 53.54
4 154 42.355691 -71.108511 0.001567922535 0.003602 53.54
4 155 42.355698 -71.108504 0.001578111141 0.003602 53.54
4 156 42.355705 -71.108497 0.001588300185 0.003602 53.54
4 157 42.355712 -71.108490 0.001598489230 0.003602 53.54
4 158 42.355719 -71.108483 0.001608678275 0.003602 53.54
4 159 42.355727 -71.108475 0.001618867319 0.003602 53.54
4 160 42.355734 -71.108468 0.001629056364 0.003603 53.54
4 161 42.355741 -71.108461 0.001639245843 0.003603 53.54
4 162 42.355748 -71.108454 0.001649435323 0.003603 53.54
4 163 42.355755 -71.108447 0.001659624803 0.003603 53.54
4 164 42.355763 -71.108439 0.001669814282 0.003603 53.54
4 165 42.355770 -71.108432 0.001680003762 0.003603 53.54
4 166 42.355777 -71.108425 0.001690193672 0.003603 53.54
4 167 42.355784 -71.108418 0.001700383583 0.003603 53.54
4 168 42.355792 -71.108410 0.001710573493 0.003603 53.54
4 169 42.355799 -71.108403 0.001720763404 0.003603 53.54
4 170 42.355806 -71.108396 0.001730953314 0.003603 53.54
4 171 42.355813 -71.108389 0.001741143651 0.003603 53.54
4 172 42.355820 -71.108382 0.001751333989 0.003603 53.54
4 173 42.355828 -71.108374 0.001761524326 0.003603 53.54
4 174 42.355835 -71.108367 0.001771714663 0.003603 53.54
4 175 42.355842 -71.108360 0.001781905000 0.003603 53.54
4 176 42.355849 -71.108353 0.001792095760 0.003603 53.54
4 177 42.355856 -71.108346 0.001802286520 0.003603 53.54
4 178 42.355864 -71.108338 0.001812477280 0.003603 53.54
4 179 42.355871 -71.108331 0.001822668040 0.003603 53.54
4 180 42.355878 -71.108324 0.001832858800 0.003603 53.54
4 181 42.355885 -71.108317 0.001843049978 0.003603 53.54
4 182 42.355892 -71.108310 0.001853241156 0.003603 53.54
4 183 42.355900 -71.108302 0.001863432335 0.003603 53.54
4 184 42.355907 -71.108295 0.001873623513 0.003603 53.54
4 185 42.355914 -71.108288 0.001883814692 0.003603 53.54
4 186 42.355921 -71.108281 0.001894006285 0.003603 53.54
4 187 42.355928 -71.108274 0.001904197878 0.003603 53.54
4 188 42.355936 -71.108266 0.001914389470 0.003603 53.54
4 189 42.355943 -71.108259 0.001924581063 0.003603 53.54
4 190 42.355950 -71.108252 0.001934772656 0.003603 53.54
4 191 42.355957 -71.108245 0.001944964659 0.003603 53.54
4 192 42.355964 -71.108238 0.001955156663 0.003603 53.54
4 193 42.355972 -71.108230 0.001965348666 0.003603 53.54
4 194 42.355979 -71.108223 0.001975540669 0.003603 53.54
4 195 42.355986 -71.108216 0.001985732672 0.003604 53.54
4 196 42.355993 -71.108209 0.001995925082 0.003604 53.54
