1 0 42.354582 -71.109620 0.000000000000 0.003597 53.54
1 1 42.354589 -71.109613 0.000010173523 0.003597 53.54
1 2 42.354596 -71.109606 0.000020347046 0.003597 53.54
1 3 42.354604 -71.109598 0.000030520569 0.003597 53.54
1 4 42.354611 -71.109591 0.000040694092 0.003597 53.54
1 5 42.354618 -71.109584 0.000050867615 0.003597 53.54
1 6 42.354625 -71.109577 0.000061041701 0.003597 53.54
1 7 42.354632 -71.109570 0.000071215786 0.003597 53.54
1 8 42.354640 -71.109562 0.000081389871 0.003597 53.54
1 9 42.354647 -71.109555 0.000091563957 0.003597 53.54
1 10 42.354654 -71.109548 0.000101738042 0.003597 53.54
1 11 42.354661 -71.109541 0.000111912686 0.003597 53.54
1 12 42.354668 -71.109534 0.000122087329 0.003597 53.54
1 13 42.354675 -71.109527 0.000132261973 0.003597 53.54
1 14 42.354683 -71.109519 0.000142436617 0.003597 53.54
1 15 42.354690 -71.109512 0.000152611260 0.003597 53.54
1 16 42.354697 -71.109505 0.000162786458 0.003597 53.54
1 17 42.354704 -71.109498 0.000172961656 0.003597 53.54
1 18 42.354711 -71.109491 0.000183136854 0.003597 53.54
1 19 42.354719 -71.109483 0.000193312051 0.003597 53.54
1 20 42.354726 -71.109476 0.000203487249 0.003598 53.54
1 21 42.354733 -71.109469 0.000213662997 0.003598 53.54
1 22 42.354740 -71.109462 0.000223838745 0.003598 53.54
1 23 42.354747 -71.109455 0.000234014492 0.003598 53.54
1 24 42.354755 -71.109447 0.000244190240 0.003598 53.54
1 25 42.354762 -71.109440 0.000254365988 0.003598 53.54
1 26 42.354769 -71.109433 0.000264542282 0.003598 53.54
1 27 42.354776 -71.109426 0.000274718575 0.003598 53.54
1 28 42.354783 -71.109419 0.000284894869 0.003598 53.54
1 29 42.354791 -71.109411 0.000295071163 0.003598 53.54
1 30 42.354798 -71.109404 0.000305247456 0.003598 53.54
1 31 42.354805 -71.109397 0.000315424292 0.003598 53.54
1 32 42.354812 -71.109390 0.000325601127 0.003598 53.54
1 33 42.354819 -71.109383 0.000335777963 0.003598 53.54
1 34 42.354827 -71.109375 0.000345954798 0.003598 53.54
1 35 42.354834 -71.109368 0.000356131633 0.003598 53.54
1 36 42.354841 -71.109361 0.000366309007 0.003598 53.54
1 37 42.354848 -71.109354 0.000376486380 0.003598 53.54
1 38 42.354855 -71.109347 0.000386663753 0.003598 53.54
1 39 42.354863 -71.109339 0.000396841126 0.003598 53.54
1 40 42.354870 -71.109332 0.000407018499 0.003598 53.54
1 41 42.354877 -71.109325 0.000417196406 0.003598 53.54
1 42 42.354884 -71.109318 0.000427374312 0.003598 53.54
1 43 42.354891 -71.109311 0.000437552219 0.003598 53.54
1 44 42.354899 -71.109303 0.000447730126 0.003598 53.54
1 45 42.354906 -71.109296 0.000457908033 0.003599 53.54
1 46 42.354913 -71.109289 0.000468086469 0.003599 53.54
1 47 42.354920 -71.109282 0.000478264905 0.003599 53.54
1 48 42.354927 -71.109275 0.000488443341 0.003599 53.54
1 49 42.354935 -71.109267 0.000498621777 0.003599 53.54
1 50 42.354942 -71.109260 0.000508800213 0.003599 53.54
1 51 42.354949 -71.109253 0.000518979175 0.003599 53.54
1 52 42.354956 -71.109246 0.000529158136 0.003599 53.54
1 53 42.354963 -71.109239 0.000539337098 0.003599 53.54
1 54 42.354971 -71.109231 0.000549516059 0.003599 53.54
1 55 42.354978 -71.109224 0.000559695021 0.003599 53.54
1 56 42.354985 -71.109217 0.000569874503 0.003599 53.54
1 57 42.354992 -71.109210 0.000580053986 0.003599 53.54
1 58 42.354999 -71.109203 0.000590233469 0.003599 53.54
2 0 42.354582 -71.109620 0.000000000000 0.003597 53.54
2 1 42.354589 -71.109613 0.000010173523 0.003597 53.54
2 2 42.354596 -71.109606 0.000020347046 0.003597 53.54
2 3 42.354604 -71.109598 0.000030520569 0.003597 53.54
2 4 42.354611 -71.109591 0.000040694092 0.003597 53.54
2 5 42.354618 -71.109584 0.000050867615 0.003597 53.54
2 6 42.354625 -71.109577 0.000061041701 0.003597 53.54
2 7 42.354632 -71.109570 0.000071215786 0.003597 53.54
2 8 42.354640 -71.109562 0.000081389871 0.003597 53.54
2 9 42.354647 -71.109555 0.000091563957 0.003597 53.54
2 10 42.354654 -71.109548 0.000101738042 0.003597 53.54
2 11 42.354661 -71.109541 0.000111912686 0.003597 53.54
2 12 42.354668 -71.109534 0.000122087329 0.003597 53.54
2 13 42.354675 -71.109527 0.000132261973 0.003597 53.54
2 14 42.354683 -71.109519 0.000142436617 0.003597 53.54
2 15 42.354690 -71.109512 0.000152611260 0.003597 53.54
2 16 42.354697 -71.109505 0.000162786458 0.003597 53.54
2 17 42.354704 -71.109498 0.000172961656 0.003597 53.54
2 18 42.354711 -71.109491 0.000183136854 0.003597 53.54
2 19 42.354719 -71.109483 0.000193312051 0.003597 53.54
2 20 42.354726 -71.109476 0.000203487249 0.003598 53.54
2 21 42.354733 -71.109469 0.000213662997 0.003598 53.54
2 22 42.354740 -71.109462 0.000223838745 0.003598 53.54
2 23 42.354747 -71.109455 0.000234014492 0.003598 53.54
2 24 42.354755 -71.109447 0.000244190240 0.003598 53.54
2 25 42.354762 -71.109440 0.000254365988 0.003598 53.54
2 26 42.354769 -71.109433 0.000264542282 0.003598 53.54
2 27 42.354776 -71.109426 0.000274718575 0.003598 53.54
2 28 42.354783 -71.109419 0.000284894869 0.003598 53.54
2 29 42.354791 -71.109411 0.000295071163 0.003598 53.54
2 30 42.354798 -71.109404 0.000305247456 0.003598 53.54
2 31 42.354805 -71.109397 0.000315424292 0.003598 53.54
2 32 42.354812 -71.109390 0.000325601127 0.003598 53.54
2 33 42.354819 -71.109383 0.000335777963 0.003598 53.54
2 34 42.354827 -71.109375 0.000345954798 0.003598 53.54
2 35 42.354834 -71.109368 0.000356131633 0.003598 53.54
2 36 42.354841 -71.109361 0.000366309007 0.003598 53.54
2 37 42.354848 -71.109354 0.000376486380 0.003598 53.54
2 38 42.354855 -71.109347 0.000386663753 0.003598 53.54
2 39 42.354863 -71.109339 0.000396841126 0.003598 53.54
2 40 42.354870 -71.109332 0.000407018499 0.003598 53.54
2 41 42.354877 -71.109325 0.000417196406 0.003598 53.54
2 42 42.354884 -71.109318 0.000427374312 0.003598 53.54
2 43 42.354891 -71.109311 0.000437552219 0.003598 53.54
2 44 42.354899 -71.109303 0.000447730126 0.003598 53.54
2 45 42.354906 -71.109296 0.000457908033 0.003599 53.54
2 46 42.354913 -71.109289 0.000468086469 0.003599 53.54
2 47 42.354920 -71.109282 0.000478264905 0.003599 53.54
2 48 42.354927 -71.109275 0.000488443341 0.003599 53.54
2 49 42.354935 -71.109267 0.000498621777 0.003599 53.54
2 50 42.354942 -71.109260 0.000508800213 0.003599 53.54
2 51 42.354949 -71.109253 0.000518979175 0.003599 53.54
2 52 42.354956 -71.109246 0.000529158136 0.003599 53.54
2 53 42.354963 -71.109239 0.000539337098 0.003599 53.54
2 54 42.354971 -71.109231 0.000549516059 0.003599 53.54
2 55 42.354978 -71.109224 0.000559695021 0.003599 53.54
2 56 42.354985 -71.109217 0.000569874503 0.003599 53.54
2 57 42.354992 -71.109210 0.000580053986 0.003599 53.54
2 58 42.354999 -71.109203 0.000590233469 0.003599 53.54
3 0 42.354582 -71.109620 0.000000000000 0.003597 53.54
3 1 42.354589 -71.109613 0.000010173523 0.003597 53.54
3 2 42.354596 -71.109606 0.000020347046 0.003597 53.54
3 3 42.354604 -71.109598 0.000030520569 0.003597 53.54
3 4 42.354611 -71.109591 0.000040694092 0.003597 53.54
3 5 42.354618 -71.109584 0.000050867615 0.003597 53.54
3 6 42.354625 -71.109577 0.000061041701 0.003597 53.54
3 7 42.354632 -71.109570 0.000071215786 0.003597 53.54
3 8 42.354640 -71.109562 0.000081389871 0.003597 53.54
3 9 42.354647 -71.109555 0.000091563957 0.003597 53.54
3 10 42.354654 -71.109548 0.000101738042 0.003597 53.54
3 11 42.354661 -71.109541 0.000111912686 0.003597 53.54
3 12 42.354668 -71.109534 0.000122087329 0.003597 53.54
3 13 42.354675 -71.109527 0.000132261973 0.003597 53.54
3 14 42.354683 -71.109519 0.000142436617 0.003597 53.54
3 15 42.354690 -71.109512 0.000152611260 0.003597 53.54
3 16 42.354697 -71.109505 0.000162786458 0.003597 53.54
3 17 42.354704 -71.109498 0.000172961656 0.003597 53.54
3 18 42.354711 -71.109491 0.000183136854 0.003597 53.54
3 19 42.354719 -71.109483 0.000193312051 0.003597 53.54
3 20 42.354726 -71.109476 0.000203487249 0.003598 53.54
3 21 42.354733 -71.109469 0.000213662997 0.003598 53.54
3 22 42.354740 -71.109462 0.000223838745 0.003598 53.54
3 23 42.354747 -71.109455 0.000234014492 0.003598 53.54
3 24 42.354755 -71.109447 0.000244190240 0.003598 53.54
3 25 42.354762 -71.109440 0.000254365988 0.003598 53.54
3 26 42.354769 -71.109433 0.000264542282 0.003598 53.54
3 27 42.354776 -71.109426 0.000274718575 0.003598 53.54
3 28 42.354783 -71.109419 0.000284894869 0.003598 53.54
3 29 42.354791 -71.109411 0.000295071163 0.003598 53.54
3 30 42.354798 -71.109404 0.000305247456 0.003598 53.54
3 31 42.354805 -71.109397 0.000315424292 0.003598 53.54
3 32 42.354812 -71.109390 0.000325601127 0.003598 53.54
3 33 42.354819 -71.109383 0.000335777963 0.003598 53.54
3 34 42.354827 -71.109375 0.000345954798 0.003598 53.54
3 35 42.354834 -71.109368 0.000356131633 0.003598 53.54
3 36 42.354841 -71.109361 0.000366309007 0.003598 53.54
3 37 42.354848 -71.109354 0.000376486380 0.003598 53.54
3 38 42.354855 -71.109347 0.000386663753 0.003598 53.54
3 39 42.354863 -71.109339 0.000396841126 0.003598 53.54
3 40 42.354870 -71.109332 0.000407018499 0.003598 53.54
3 41 42.354877 -71.109325 0.000417196406 0.003598 53.54
3 42 42.354884 -71.109318 0.000427374312 0.003598 53.54
3 43 42.354891 -71.109311 0.000437552219 0.003598 53.54
3 44 42.354899 -71.109303 0.000447730126 0.003598 53.54
3 45 42.354906 -71.109296 0.000457908033 0.003599 53.54
3 46 42.354913 -71.109289 0.000468086469 0.003599 53.54
3 47 42.354920 -71.109282 0.000478264905 0.003599 53.54
3 48 42.354927 -71.109275 0.000488443341 0.003599 53.54
3 49 42.354935 -71.109267 0.000498621777 0.003599 53.54
3 50 42.354942 -71.109260 0.000508800213 0.003599 53.54
3 51 42.354949 -71.109253 0.000518979175 0.003599 53.54
3 52 42.354956 -71.109246 0.000529158136 0.003599 53.54
3 53 42.354963 -71.109239 0.000539337098 0.003599 53.54
3 54 42.354971 -71.109231 0.000549516059 0.003599 53.54
3 55 42.354978 -71.109224 0.000559695021 0.003599 53.54
3 56 42.354985 -71.109217 0.000569874503 0.003599 53.54
3 57 42.354992 -71.109210 0.000580053986 0.003599 53.54
3 58 42.354999 -71.109203 0.000590233469 0.003599 53.54
4 0 42.354582 -71.109620 0.000000000000 0.003597 53.54
4 1 42.354589 -71.109613 0.000010173523 0.003597 53.54
4 2 42.354596 -71.109606 0.000020347046 0.003597 53.54
4 3 42.354604 -71.109598 0.000030520569 0.003597 53.54
4 4 42.354611 -71.109591 0.000040694092 0.003597 53.54
4 5 42.354618 -71.109584 0.000050867615 0.003597 53.54
4 6 42.354625 -71.109577 0.000061041701 0.003597 53.54
4 7 42.354632 -71.109570 0.000071215786 0.003597 53.54
4 8 42.354640 -71.109562 0.000081389871 0.003597 53.54
4 9 42.354647 -71.109555 0.000091563957 0.003597 53.54
4 10 42.354654 -71.109548 0.000101738042 0.003597 53.54
4 11 42.354661 -71.109541 0.000111912686 0.003597 53.54
4 12 42.354668 -71.109534 0.000122087329 0.003597 53.54
4 13 42.354675 -71.109527 0.000132261973 0.003597 53.54
4 14 42.354683 -71.109519 0.000142436617 0.003597 53.54
4 15 42.354690 -71.109512 0.000152611260 0.003597 53.54
4 16 42.354697 -71.109505 0.000162786458 0.003597 53.54
4 17 42.354704 -71.109498 0.000172961656 0.003597 53.54
4 18 42.354711 -71.109491 0.000183136854 0.003597 53.54
4 19 42.354719 -71.109483 0.000193312051 0.003597 53.54
4 20 42.354726 -71.109476 0.000203487249 0.003598 53.54
4 21 42.354733 -71.109469 0.000213662997 0.003598 53.54
4 22 42.354740 -71.109462 0.000223838745 0.003598 53.54
4 23 42.354747 -71.109455 0.000234014492 0.003598 53.54
4 24 42.354755 -71.109447 0.000244190240 0.003598 53.54
4 25 42.354762 -71.109440 0.000254365988 0.003598 53.54
4 26 42.354769 -71.109433 0.000264542282 0.003598 53.54
4 27 42.354776 -71.109426 0.000274718575 0.003598 53.54
4 28 42.354783 -71.109419 0.000284894869 0.003598 53.54
4 29 42.354791 -71.109411 0.000295071163 0.003598 53.54
4 30 42.354798 -71.109404 0.000305247456 0.003598 53.54
4 31 42.354805 -71.109397 0.000315424292 0.003598 53.54
4 32 42.354812 -71.109390 0.000325601127 0.003598 53.54
4 33 42.354819 -71.109383 0.000335777963 0.003598 53.54
4 34 42.354827 -71.109375 0.000345954798 0.003598 53.54
4 35 42.354834 -71.109368 0.000356131633 0.003598 53.54
4 36 42.354841 -71.109361 0.000366309007 0.003598 53.54
4 37 42.354848 -71.109354 0.000376486380 0.003598 53.54
4 38 42.354855 -71.109347 0.000386663753 0.003598 53.54
4 39 42.354863 -71.109339 0.000396841126 0.003598 53.54
4 40 42.354870 -71.109332 0.000407018499 0.003598 53.54
4 41 42.354877 -71.109325 0.000417196406 0.003598 53.54
4 42 42.354884 -71.109318 0.000427374312 0.003598 53.54
4 43 42.354891 -71.109311 0.000437552219 0.003598 53.54
4 44 42.354899 -71.109303 0.000447730126 0.003598 53.54
4 45 42.354906 -71.109296 0.000457908033 0.003599 53.54
4 46 42.354913 -71.109289 0.000468086469 0.003599 53.54
4 47 42.354920 -71.109282 0.000478264905 0.003599 53.54
4 48 42.354927 -71.109275 0.000488443341 0.003599 53.54
4 49 42.354935 -71.109267 0.000498621777 0.003599 53.54
4 50 42.354942 -71.109260 0.000508800213 0.003599 53.54
4 51 42.354949 -71.109253 0.000518979175 0.003599 53.54
4 52 42.354956 -71.109246 0.000529158136 0.003599 53.54
4 53 42.354963 -71.109239 0.000539337098 0.003599 53.54
4 54 42.354971 -71.109231 0.000549516059 0.003599 53.54
4 55 42.354978 -71.109224 0.000559695021 0.003599 53.54
4 56 42.354985 -71.109217 0.000569874503 0.003599 53.54
4 57 42.354992 -71.109210 0.000580053986 0.003599 53.54
4 58 42.354999 -71.109203 0.000590233469 0.003599 53.54
