1 364 42.357205 -71.106997 0.003709244043 0.003607 53.54
1 365 42.357212 -71.106990 0.003719447557 0.003608 53.54
1 366 42.357219 -71.106983 0.003729651339 0.003608 53.54
1 367 42.357226 -71.106976 0.003739855120 0.003608 53.54
1 368 42.357234 -71.106968 0.003750058901 0.003608 53.54
1 369 42.357241 -71.106961 0.003760262683 0.003608 53.54
1 370 42.357248 -71.106954 0.003770466464 0.003608 53.54
1 371 42.357255 -71.106947 0.003780670508 0.003608 53.54
1 372 42.357263 -71.106939 0.003790874552 0.003608 53.54
1 373 42.357270 -71.106932 0.003801078596 0.003608 53.54
1 374 42.357277 -71.106925 0.003811282641 0.003608 53.54
1 375 42.357284 -71.106918 0.003821486685 0.003608 53.54
1 376 42.357291 -71.106911 0.003831690987 0.003608 53.54
1 377 42.357299 -71.106903 0.003841895290 0.003608 53.54
1 378 42.357306 -71.106896 0.003852099593 0.003608 53.54
1 379 42.357313 -71.106889 0.003862303896 0.003608 53.54
1 380 42.357320 -71.106882 0.003872508198 0.003608 53.54
1 381 42.357327 -71.106875 0.003882712756 0.003608 53.54
1 382 42.357335 -71.106867 0.003892917313 0.003608 53.54
1 383 42.357342 -71.106860 0.003903121870 0.003608 53.54
1 384 42.357349 -71.106853 0.003913326428 0.003608 53.54
1 385 42.357356 -71.106846 0.003923530985 0.003608 53.54
1 386 42.357364 -71.106838 0.003933735793 0.003608 53.54
1 387 42.357371 -71.106831 0.003943940600 0.003608 53.54
1 388 42.357378 -71.106824 0.003954145408 0.003608 53.54
1 389 42.357385 -71.106817 0.003964350216 0.003608 53.54
1 390 42.357392 -71.106810 0.003974555023 0.003608 53.54
1 391 42.357400 -71.106802 0.003984760077 0.003608 53.54
1 392 42.357407 -71.106795 0.003994965132 0.003608 53.54
1 393 42.357414 -71.106788 0.004005170186 0.003608 53.54
1 394 42.357421 -71.106781 0.004015375240 0.003608 53.54
1 395 42.357428 -71.106774 0.004025580294 0.003608 53.54
1 396 42.357436 -71.106766 0.004035785590 0.003608 53.54
1 397 42.357443 -71.106759 0.004045990886 0.003608 53.54
1 398 42.357450 -71.106752 0.004056196183 0.003608 53.54
1 399 42.357457 -71.106745 0.004066401479 0.003608 53.54
1 400 42.357465 -71.106737 0.004076606775 0.003608 53.54
1 401 42.357472 -71.106730 0.004086812310 0.003608 53.54
1 402 42.357479 -71.106723 0.004097017844 0.003608 53.54
1 403 42.357486 -71.106716 0.004107223379 0.003608 53.54
1 404 42.357493 -71.106709 0.004117428913 0.003608 53.54
1 405 42.357501 -71.106701 0.004127634448 0.003608 53.54
1 406 42.357508 -71.106694 0.004137840216 0.003608 53.54
1 407 42.357515 -71.106687 0.004148045985 0.003608 53.54
1 408 42.357522 -71.106680 0.004158251753 0.003608 53.54
1 409 42.357530 -71.106672 0.004168457522 0.003608 53.54
1 410 42.357537 -71.106665 0.004178663290 0.003608 53.54
1 411 42.357544 -71.106658 0.004188869288 0.003608 53.54
1 412 42.357551 -71.106651 0.004199075287 0.003608 53.54
1 413 42.357558 -71.106644 0.004209281285 0.003608 53.54
1 414 42.357566 -71.106636 0.004219487284 0.003608 53.54
1 415 42.357573 -71.106629 0.004229693282 0.003608 53.54
1 416 42.357580 -71.106622 0.004239899507 0.003608 53.54
1 417 42.357587 -71.106615 0.004250105731 0.003608 53.54
1 418 42.357594 -71.106608 0.004260311955 0.003608 53.54
1 419 42.357602 -71.106600 0.004270518180 0.003608 53.54
1 420 42.357609 -71.106593 0.004280724404 0.003609 53.54
1 421 42.357616 -71.106586 0.004290930850 0.003609 53.54
1 422 42.357623 -71.106579 0.004301137296 0.003609 53.54
1 423 42.357631 -71.106571 0.004311343742 0.003609 53.54
1 424 42.357638 -71.106564 0.004321550188 0.003609 53.54
1 425 42.357645 -71.106557 0.004331756634 0.003609 53.54
1 426 42.357652 -71.106550 0.004341963298 0.003609 53.54
1 427 42.357659 -71.106543 0.004352169962 0.003609 53.54
1 428 42.357667 -71.106535 0.004362376625 0.003609 53.54
1 429 42.357674 -71.106528 0.004372583289 0.003609 53.54
1 430 42.357681 -71.106521 0.004382789953 0.003609 53.54
1 431 42.357688 -71.106514 0.004392996830 0.003609 53.54
1 432 42.357696 -71.106506 0.004403203708 0.003609 53.54
1 433 42.357703 -71.106499 0.004413410585 0.003609 53.54
1 434 42.357710 -71.106492 0.004423617462 0.003609 53.54
1 435 42.357717 -71.106485 0.004433824339 0.003609 53.54
1 436 42.357724 -71.106478 0.004444031426 0.003609 53.54
1 437 42.357732 -71.106470 0.004454238513 0.003609 53.54
1 438 42.357739 -71.106463 0.004464445600 0.003609 53.54
1 439 42.357746 -71.106456 0.004474652687 0.003609 53.54
1 440 42.357753 -71.106449 0.004484859773 0.003609 53.54
1 441 42.357760 -71.106442 0.004495067066 0.003609 53.54
1 442 42.357768 -71.106434 0.004505274358 0.003609 53.54
1 443 42.357775 -71.106427 0.004515481650 0.003609 53.54
1 444 42.357782 -71.106420 0.004525688942 0.003609 53.54
1 445 42.357789 -71.106413 0.004535896234 0.003609 53.54
1 446 42.357797 -71.106405 0.004546103728 0.003609 53.54
1 447 42.357804 -71.106398 0.004556311221 0.003609 53.54
1 448 42.357811 -71.106391 0.004566518715 0.003609 53.54
1 449 42.357818 -71.106384 0.004576726208 0.003609 53.54
1 450 42.357825 -71.106377 0.004586933701 0.003609 53.54
1 451 42.357833 -71.106369 0.004597141392 0.003609 53.54
1 452 42.357840 -71.106362 0.004607349083 0.003609 53.54
1 453 42.357847 -71.106355 0.004617556773 0.003609 53.54
1 454 42.357854 -71.106348 0.004627764464 0.003609 53.54
1 455 42.357862 -71.106340 0.004637972154 0.003609 53.54
1 456 42.357869 -71.106333 0.004648180038 0.003609 53.54
1 457 42.357876 -71.106326 0.004658387922 0.003609 53.54
1 458 42.357883 -71.106319 0.004668595806 0.003609 53.54
1 459 42.357890 -71.106312 0.004678803689 0.003609 53.54
1 460 42.357898 -71.106304 0.004689011573 0.003609 53.54
1 461 42.357905 -71.106297 0.004699219646 0.003609 53.54
1 462 42.357912 -71.106290 0.004709427718 0.003609 53.54
1 463 42.357919 -71.106283 0.004719635791 0.003609 53.54
1 464 42.357926 -71.106276 0.004729843864 0.003609 53.54
1 465 42.357934 -71.106268 0.004740051937 0.003609 53.54
1 466 42.357941 -71.106261 0.004750260194 0.003609 53.54
1 467 42.357948 -71.106254 0.004760468452 0.003609 53.54
1 468 42.357955 -71.106247 0.004770676709 0.003609 53.54
1 469 42.357963 -71.106239 0.004780884967 0.003609 53.54
1 470 42.357970 -71.106232 0.004791093225 0.003609 53.54
1 471 42.357977 -71.106225 0.004801301663 0.003609 53.54
1 472 42.357984 -71.106218 0.004811510101 0.003609 53.54
1 473 42.357991 -71.106211 0.004821718540 0.003609 53.54
1 474 42.357999 -71.106203 0.004831926978 0.003609 53.54
2 364 42.357205 -71.106997 0.003709244043 0.003607 53.54
2 365 42.357212 -71.106990 0.003719447557 0.003608 53.54
2 366 42.357219 -71.106983 0.003729651339 0.003608 53.54
2 367 42.357226 -71.106976 0.003739855120 0.003608 53.54
2 368 42.357234 -71.106968 0.003750058901 0.003608 53.54
2 369 42.357241 -71.106961 0.003760262683 0.003608 53.54
2 370 42.357248 -71.106954 0.003770466464 0.003608 53.54
2 371 42.357255 -71.106947 0.003780670508 0.003608 53.54
2 372 42.357263 -71.106939 0.003790874552 0.003608 53.54
2 373 42.357270 -71.106932 0.003801078596 0.003608 53.54
2 374 42.357277 -71.106925 0.003811282641 0.003608 53.54
2 375 42.357284 -71.106918 0.003821486685 0.003608 53.54
2 376 42.357291 -71.106911 0.003831690987 0.003608 53.54
2 377 42.357299 -71.106903 0.003841895290 0.003608 53.54
2 378 42.357306 -71.106896 0.003852099593 0.003608 53.54
2 379 42.357313 -71.106889 0.003862303896 0.003608 53.54
2 380 42.357320 -71.106882 0.003872508198 0.003608 53.54
2 381 42.357327 -71.106875 0.003882712756 0.003608 53.54
2 382 42.357335 -71.106867 0.003892917313 0.003608 53.54
2 383 42.357342 -71.106860 0.003903121870 0.003608 53.54
2 384 42.357349 -71.106853 0.003913326428 0.003608 53.54
2 385 42.357356 -71.106846 0.003923530985 0.003608 53.54
2 386 42.357364 -71.106838 0.003933735793 0.003608 53.54
2 387 42.357371 -71.106831 0.003943940600 0.003608 53.54
2 388 42.357378 -71.106824 0.003954145408 0.003608 53.54
2 389 42.357385 -71.106817 0.003964350216 0.003608 53.54
2 390 42.357392 -71.106810 0.003974555023 0.003608 53.54
2 391 42.357400 -71.106802 0.003984760077 0.003608 53.54
2 392 42.357407 -71.106795 0.003994965132 0.003608 53.54
2 393 42.357414 -71.106788 0.004005170186 0.003608 53.54
2 394 42.357421 -71.106781 0.004015375240 0.003608 53.54
2 395 42.357428 -71.106774 0.004025580294 0.003608 53.54
2 396 42.357436 -71.106766 0.004035785590 0.003608 53.54
2 397 42.357443 -71.106759 0.004045990886 0.003608 53.54
2 398 42.357450 -71.106752 0.004056196183 0.003608 53.54
2 399 42.357457 -71.106745 0.004066401479 0.003608 53.54
2 400 42.357465 -71.106737 0.004076606775 0.003608 53.54
2 401 42.357472 -71.106730 0.004086812310 0.003608 53.54
2 402 42.357479 -71.106723 0.004097017844 0.003608 53.54
2 403 42.357486 -71.106716 0.004107223379 0.003608 53.54
2 404 42.357493 -71.106709 0.004117428913 0.003608 53.54
2 405 42.357501 -71.106701 0.004127634448 0.003608 53.54
2 406 42.357508 -71.106694 0.004137840216 0.003608 53.54
2 407 42.357515 -71.106687 0.004148045985 0.003608 53.54
2 408 42.357522 -71.106680 0.004158251753 0.003608 53.54
2 409 42.357530 -71.106672 0.004168457522 0.003608 53.54
2 410 42.357537 -71.106665 0.004178663290 0.003608 53.54
2 411 42.357544 -71.106658 0.004188869288 0.003608 53.54
2 412 42.357551 -71.106651 0.004199075287 0.003608 53.54
2 413 42.357558 -71.106644 0.004209281285 0.003608 53.54
2 414 42.357566 -71.106636 0.004219487284 0.003608 53.54
2 415 42.357573 -71.106629 0.004229693282 0.003608 53.54
2 416 42.357580 -71.106622 0.004239899507 0.003608 53.54
2 417 42.357587 -71.106615 0.004250105731 0.003608 53.54
2 418 42.357594 -71.106608 0.004260311955 0.003608 53.54
2 419 42.357602 -71.106600 0.004270518180 0.003608 53.54
2 420 42.357609 -71.106593 0.004280724404 0.003609 53.54
2 421 42.357616 -71.106586 0.004290930850 0.003609 53.54
2 422 42.357623 -71.106579 0.004301137296 0.003609 53.54
2 423 42.357631 -71.106571 0.004311343742 0.003609 53.54
2 424 42.357638 -71.106564 0.004321550188 0.003609 53.54
2 425 42.357645 -71.106557 0.004331756634 0.003609 53.54
2 426 42.357652 -71.106550 0.004341963298 0.003609 53.54
2 427 42.357659 -71.106543 0.004352169962 0.003609 53.54
2 428 42.357667 -71.106535 0.004362376625 0.003609 53.54
2 429 42.357674 -71.106528 0.004372583289 0.003609 53.54
2 430 42.357681 -71.106521 0.004382789953 0.003609 53.54
2 431 42.357688 -71.106514 0.004392996830 0.003609 53.54
2 432 42.357696 -71.106506 0.004403203708 0.003609 53.54
2 433 42.357703 -71.106499 0.004413410585 0.003609 53.54
2 434 42.357710 -71.106492 0.004423617462 0.003609 53.54
2 435 42.357717 -71.106485 0.004433824339 0.003609 53.54
2 436 42.357724 -71.106478 0.004444031426 0.003609 53.54
2 437 42.357732 -71.106470 0.004454238513 0.003609 53.54
2 438 42.357739 -71.106463 0.004464445600 0.003609 53.54
2 439 42.357746 -71.106456 0.004474652687 0.003609 53.54
2 440 42.357753 -71.106449 0.004484859773 0.003609 53.54
2 441 42.357760 -71.106442 0.004495067066 0.003609 53.54
2 442 42.357768 -71.106434 0.004505274358 0.003609 53.54
2 443 42.357775 -71.106427 0.004515481650 0.003609 53.54
2 444 42.357782 -71.106420 0.004525688942 0.003609 53.54
2 445 42.357789 -71.106413 0.004535896234 0.003609 53.54
2 446 42.357797 -71.106405 0.004546103728 0.003609 53.54
2 447 42.357804 -71.106398 0.004556311221 0.003609 53.54
2 448 42.357811 -71.106391 0.004566518715 0.003609 53.54
2 449 42.357818 -71.106384 0.004576726208 0.003609 53.54
2 450 42.357825 -71.106377 0.004586933701 0.003609 53.54
2 451 42.357833 -71.106369 0.004597141392 0.003609 53.54
2 452 42.357840 -71.106362 0.004607349083 0.003609 53.54
2 453 42.357847 -71.106355 0.004617556773 0.003609 53.54
2 454 42.357854 -71.106348 0.004627764464 0.003609 53.54
2 455 42.357862 -71.106340 0.004637972154 0.003609 53.54
2 456 42.357869 -71.106333 0.004648180038 0.003609 53.54
2 457 42.357876 -71.106326 0.004658387922 0.003609 53.54
2 458 42.357883 -71.106319 0.004668595806 0.003609 53.54
2 459 42.357890 -71.106312 0.004678803689 0.003609 53.54
2 460 42.357898 -71.106304 0.004689011573 0.003609 53.54
2 461 42.357905 -71.106297 0.004699219646 0.003609 53.54
2 462 42.357912 -71.106290 0.004709427718 0.003609 53.54
2 463 42.357919 -71.106283 0.004719635791 0.003609 53.54
2 464 42.357926 -71.106276 0.004729843864 0.003609 53.54
2 465 42.357934 -71.106268 0.004740051937 0.003609 53.54
2 466 42.357941 -71.106261 0.004750260194 0.003609 53.54
2 467 42.357948 -71.106254 0.004760468452 0.003609 53.54
2 468 42.357955 -71.106247 0.004770676709 0.003609 53.54
2 469 42.357963 -71.106239 0.004780884967 0.003609 53.54
2 470 42.357970 -71.106232 0.004791093225 0.003609 53.54
2 471 42.357977 -71.106225 0.004801301663 0.003609 53.54
2 472 42.357984 -71.106218 0.004811510101 0.003609 53.54
2 473 42.357991 -71.106211 0.004821718540 0.003609 53.54
2 474 42.357999 -71.106203 0.004831926978 0.003609 53.54
3 364 42.357205 -71.106997 0.003709244043 0.003607 53.54
3 365 42.357212 -71.106990 0.003719447557 0.003608 53.54
3 366 42.357219 -71.106983 0.003729651339 0.003608 53.54
3 367 42.357226 -71.106976 0.003739855120 0.003608 53.54
3 368 42.357234 -71.106968 0.003750058901 0.003608 53.54
3 369 42.357241 -71.106961 0.003760262683 0.003608 53.54
3 370 42.357248 -71.106954 0.003770466464 0.003608 53.54
3 371 42.357255 -71.106947 0.003780670508 0.003608 53.54
3 372 42.357263 -71.106939 0.003790874552 0.003608 53.54
3 373 42.357270 -71.106932 0.003801078596 0.003608 53.54
3 374 42.357277 -71.106925 0.003811282641 0.003608 53.54
3 375 42.357284 -71.106918 0.003821486685 0.003608 53.54
3 376 42.357291 -71.106911 0.003831690987 0.003608 53.54
3 377 42.357299 -71.106903 0.003841895290 0.003608 53.54
3 378 42.357306 -71.106896 0.003852099593 0.003608 53.54
3 379 42.357313 -71.106889 0.003862303896 0.003608 53.54
3 380 42.357320 -71.106882 0.003872508198 0.003608 53.54
3 381 42.357327 -71.106875 0.003882712756 0.003608 53.54
3 382 42.357335 -71.106867 0.003892917313 0.003608 53.54
3 383 42.357342 -71.106860 0.003903121870 0.003608 53.54
3 384 42.357349 -71.106853 0.003913326428 0.003608 53.54
3 385 42.357356 -71.106846 0.003923530985 0.003608 53.54
3 386 42.357364 -71.106838 0.003933735793 0.003608 53.54
3 387 42.357371 -71.106831 0.003943940600 0.003608 53.54
3 388 42.357378 -71.106824 0.003954145408 0.003608 53.54
3 389 42.357385 -71.106817 0.003964350216 0.003608 53.54
3 390 42.357392 -71.106810 0.003974555023 0.003608 53.54
3 391 42.357400 -71.106802 0.003984760077 0.003608 53.54
3 392 42.357407 -71.106795 0.003994965132 0.003608 53.54
3 393 42.357414 -71.106788 0.004005170186 0.003608 53.54
3 394 42.357421 -71.106781 0.004015375240 0.003608 53.54
3 395 42.357428 -71.106774 0.004025580294 0.003608 53.54
3 396 42.357436 -71.106766 0.004035785590 0.003608 53.54
3 397 42.357443 -71.106759 0.004045990886 0.003608 53.54
3 398 42.357450 -71.106752 0.004056196183 0.003608 53.54
3 399 42.357457 -71.106745 0.004066401479 0.003608 53.54
3 400 42.357465 -71.106737 0.004076606775 0.003608 53.54
3 401 42.357472 -71.106730 0.004086812310 0.003608 53.54
3 402 42.357479 -71.106723 0.004097017844 0.003608 53.54
3 403 42.357486 -71.106716 0.004107223379 0.003608 53.54
3 404 42.357493 -71.106709 0.004117428913 0.003608 53.54
3 405 42.357501 -71.106701 0.004127634448 0.003608 53.54
3 406 42.357508 -71.106694 0.004137840216 0.003608 53.54
3 407 42.357515 -71.106687 0.004148045985 0.003608 53.54
3 408 42.357522 -71.106680 0.004158251753 0.003608 53.54
3 409 42.357530 -71.106672 0.004168457522 0.003608 53.54
3 410 42.357537 -71.106665 0.004178663290 0.003608 53.54
3 411 42.357544 -71.106658 0.004188869288 0.003608 53.54
3 412 42.357551 -71.106651 0.004199075287 0.003608 53.54
3 413 42.357558 -71.106644 0.004209281285 0.003608 53.54
3 414 42.357566 -71.106636 0.004219487284 0.003608 53.54
3 415 42.357573 -71.106629 0.004229693282 0.003608 53.54
3 416 42.357580 -71.106622 0.004239899507 0.003608 53.54
3 417 42.357587 -71.106615 0.004250105731 0.003608 53.54
3 418 42.357594 -71.106608 0.004260311955 0.003608 53.54
3 419 42.357602 -71.106600 0.004270518180 0.003608 53.54
3 420 42.357609 -71.106593 0.004280724404 0.003609 53.54
3 421 42.357616 -71.106586 0.004290930850 0.003609 53.54
3 422 42.357623 -71.106579 0.004301137296 0.003609 53.54
3 423 42.357631 -71.106571 0.004311343742 0.003609 53.54
3 424 42.357638 -71.106564 0.004321550188 0.003609 53.54
3 425 42.357645 -71.106557 0.004331756634 0.003609 53.54
3 426 42.357652 -71.106550 0.004341963298 0.003609 53.54
3 427 42.357659 -71.106543 0.004352169962 0.003609 53.54
3 428 42.357667 -71.106535 0.004362376625 0.003609 53.54
3 429 42.357674 -71.106528 0.004372583289 0.003609 53.54
3 430 42.357681 -71.106521 0.004382789953 0.003609 53.54
3 431 42.357688 -71.106514 0.004392996830 0.003609 53.54
3 432 42.357696 -71.106506 0.004403203708 0.003609 53.54
3 433 42.357703 -71.106499 0.004413410585 0.003609 53.54
3 434 42.357710 -71.106492 0.004423617462 0.003609 53.54
3 435 42.357717 -71.106485 0.004433824339 0.003609 53.54
3 436 42.357724 -71.106478 0.004444031426 0.003609 53.54
3 437 42.357732 -71.106470 0.004454238513 0.003609 53.54
3 438 42.357739 -71.106463 0.004464445600 0.003609 53.54
3 439 42.357746 -71.106456 0.004474652687 0.003609 53.54
3 440 42.357753 -71.106449 0.004484859773 0.003609 53.54
3 441 42.357760 -71.106442 0.004495067066 0.003609 53.54
3 442 42.357768 -71.106434 0.004505274358 0.003609 53.54
3 443 42.357775 -71.106427 0.004515481650 0.003609 53.54
3 444 42.357782 -71.106420 0.004525688942 0.003609 53.54
3 445 42.357789 -71.106413 0.004535896234 0.003609 53.54
3 446 42.357797 -71.106405 0.004546103728 0.003609 53.54
3 447 42.357804 -71.106398 0.004556311221 0.003609 53.54
3 448 42.357811 -71.106391 0.004566518715 0.003609 53.54
3 449 42.357818 -71.106384 0.004576726208 0.003609 53.54
3 450 42.357825 -71.106377 0.004586933701 0.003609 53.54
3 451 42.357833 -71.106369 0.004597141392 0.003609 53.54
3 452 42.357840 -71.106362 0.004607349083 0.003609 53.54
3 453 42.357847 -71.106355 0.004617556773 0.003609 53.54
3 454 42.357854 -71.106348 0.004627764464 0.003609 53.54
3 455 42.357862 -71.106340 0.004637972154 0.003609 53.54
3 456 42.357869 -71.106333 0.004648180038 0.003609 53.54
3 457 42.357876 -71.106326 0.004658387922 0.003609 53.54
3 458 42.357883 -71.106319 0.004668595806 0.003609 53.54
3 459 42.357890 -71.106312 0.004678803689 0.003609 53.54
3 460 42.357898 -71.106304 0.004689011573 0.003609 53.54
3 461 42.357905 -71.106297 0.004699219646 0.003609 53.54
3 462 42.357912 -71.106290 0.004709427718 0.003609 53.54
3 463 42.357919 -71.106283 0.004719635791 0.003609 53.54
3 464 42.357926 -71.106276 0.004729843864 0.003609 53.54
3 465 42.357934 -71.106268 0.004740051937 0.003609 53.54
3 466 42.357941 -71.106261 0.004750260194 0.003609 53.54
3 467 42.357948 -71.106254 0.004760468452 0.003609 53.54
3 468 42.357955 -71.106247 0.004770676709 0.003609 53.54
3 469 42.357963 -71.106239 0.004780884967 0.003609 53.54
3 470 42.357970 -71.106232 0.004791093225 0.003609 53.54
3 471 42.357977 -71.106225 0.004801301663 0.003609 53.54
3 472 42.357984 -71.106218 0.004811510101 0.003609 53.54
3 473 42.357991 -71.106211 0.004821718540 0.003609 53.54
3 474 42.357999 -71.106203 0.004831926978 0.003609 53.54
4 364 42.357205 -71.106997 0.003709244043 0.003607 53.54
4 365 42.357212 -71.106990 0.003719447557 0.003608 53.54
4 366 42.357219 -71.106983 0.003729651339 0.003608 53.54
4 367 42.357226 -71.106976 0.003739855120 0.003608 53.54
4 368 42.357234 -71.106968 0.003750058901 0.003608 53.54
4 369 42.357241 -71.106961 0.003760262683 0.003608 53.54
4 370 42.357248 -71.106954 0.003770466464 0.003608 53.54
4 371 42.357255 -71.106947 0.003780670508 0.003608 53.54
4 372 42.357263 -71.106939 0.003790874552 0.003608 53.54
4 373 42.357270 -71.106932 0.003801078596 0.003608 53.54
4 374 42.357277 -71.106925 0.003811282641 0.003608 53.54
4 375 42.357284 -71.106918 0.003821486685 0.003608 53.54
4 376 42.357291 -71.106911 0.003831690987 0.003608 53.54
4 377 42.357299 -71.106903 0.003841895290 0.003608 53.54
4 378 42.357306 -71.106896 0.003852099593 0.003608 53.54
4 379 42.357313 -71.106889 0.003862303896 0.003608 53.54
4 380 42.357320 -71.106882 0.003872508198 0.003608 53.54
4 381 42.357327 -71.106875 0.003882712756 0.003608 53.54
4 382 42.357335 -71.106867 0.003892917313 0.003608 53.54
4 383 42.357342 -71.106860 0.003903121870 0.003608 53.54
4 384 42.357349 -71.106853 0.003913326428 0.003608 53.54
4 385 42.357356 -71.106846 0.003923530985 0.003608 53.54
4 386 42.357364 -71.106838 0.003933735793 0.003608 53.54
4 387 42.357371 -71.106831 0.003943940600 0.003608 53.54
4 388 42.357378 -71.106824 0.003954145408 0.003608 53.54
4 389 42.357385 -71.106817 0.003964350216 0.003608 53.54
4 390 42.357392 -71.106810 0.003974555023 0.003608 53.54
4 391 42.357400 -71.106802 0.003984760077 0.003608 53.54
4 392 42.357407 -71.106795 0.003994965132 0.003608 53.54
4 393 42.357414 -71.106788 0.004005170186 0.003608 53.54
4 394 42.357421 -71.106781 0.004015375240 0.003608 53.54
4 395 42.357428 -71.106774 0.004025580294 0.003608 53.54
4 396 42.357436 -71.106766 0.004035785590 0.003608 53.54
4 397 42.357443 -71.106759 0.004045990886 0.003608 53.54
4 398 42.357450 -71.106752 0.004056196183 0.003608 53.54
4 399 42.357457 -71.106745 0.004066401479 0.003608 53.54
4 400 42.357465 -71.106737 0.004076606775 0.003608 53.54
4 401 42.357472 -71.106730 0.004086812310 0.003608 53.54
4 402 42.357479 -71.106723 0.004097017844 0.003608 53.54
4 403 42.357486 -71.106716 0.004107223379 0.003608 53.54
4 404 42.357493 -71.106709 0.004117428913 0.003608 53.54
4 405 42.357501 -71.106701 0.004127634448 0.003608 53.54
4 406 42.357508 -71.106694 0.004137840216 0.003608 53.54
4 407 42.357515 -71.106687 0.004148045985 0.003608 53.54
4 408 42.357522 -71.106680 0.004158251753 0.003608 53.54
4 409 42.357530 -71.106672 0.004168457522 0.003608 53.54
4 410 42.357537 -71.106665 0.004178663290 0.003608 53.54
4 411 42.357544 -71.106658 0.004188869288 0.003608 53.54
4 412 42.357551 -71.106651 0.004199075287 0.003608 53.54
4 413 42.357558 -71.106644 0.004209281285 0.003608 53.54
4 414 42.357566 -71.106636 0.004219487284 0.003608 53.54
4 415 42.357573 -71.106629 0.004229693282 0.003608 53.54
4 416 42.357580 -71.106622 0.004239899507 0.003608 53.54
4 417 42.357587 -71.106615 0.004250105731 0.003608 53.54
4 418 42.357594 -71.106608 0.004260311955 0.003608 53.54
4 419 42.357602 -71.106600 0.004270518180 0.003608 53.54
4 420 42.357609 -71.106593 0.004280724404 0.003609 53.54
4 421 42.357616 -71.106586 0.004290930850 0.003609 53.54
4 422 42.357623 -71.106579 0.004301137296 0.003609 53.54
4 423 42.357631 -71.106571 0.004311343742 0.003609 53.54
4 424 42.357638 -71.106564 0.004321550188 0.003609 53.54
4 425 42.357645 -71.106557 0.004331756634 0.003609 53.54
4 426 42.357652 -71.106550 0.004341963298 0.003609 53.54
4 427 42.357659 -71.106543 0.004352169962 0.003609 53.54
4 428 42.357667 -71.106535 0.004362376625 0.003609 53.54
4 429 42.357674 -71.106528 0.004372583289 0.003609 53.54
4 430 42.357681 -71.106521 0.004382789953 0.003609 53.54
4 431 42.357688 -71.106514 0.004392996830 0.003609 53.54
4 432 42.357696 -71.106506 0.004403203708 0.003609 53.54
4 433 42.357703 -71.106499 0.004413410585 0.003609 53.54
4 434 42.357710 -71.106492 0.004423617462 0.003609 53.54
4 435 42.357717 -71.106485 0.004433824339 0.003609 53.54
4 436 42.357724 -71.106478 0.004444031426 0.003609 53.54
4 437 42.357732 -71.106470 0.004454238513 0.003609 53.54
4 438 42.357739 -71.106463 0.004464445600 0.003609 53.54
4 439 42.357746 -71.106456 0.004474652687 0.003609 53.54
4 440 42.357753 -71.106449 0.004484859773 0.003609 53.54
4 441 42.357760 -71.106442 0.004495067066 0.003609 53.54
4 442 42.357768 -71.106434 0.004505274358 0.003609 53.54
4 443 42.357775 -71.106427 0.004515481650 0.003609 53.54
4 444 42.357782 -71.106420 0.004525688942 0.003609 53.54
4 445 42.357789 -71.106413 0.004535896234 0.003609 53.54
4 446 42.357797 -71.106405 0.004546103728 0.003609 53.54
4 447 42.357804 -71.106398 0.004556311221 0.003609 53.54
4 448 42.357811 -71.106391 0.004566518715 0.003609 53.54
4 449 42.357818 -71.106384 0.004576726208 0.003609 53.54
4 450 42.357825 -71.106377 0.004586933701 0.003609 53.54
4 451 42.357833 -71.106369 0.004597141392 0.003609 53.54
4 452 42.357840 -71.106362 0.004607349083 0.003609 53.54
4 453 42.357847 -71.106355 0.004617556773 0.003609 53.54
4 454 42.357854 -71.106348 0.004627764464 0.003609 53.54
4 455 42.357862 -71.106340 0.004637972154 0.003609 53.54
4 456 42.357869 -71.106333 0.004648180038 0.003609 53.54
4 457 42.357876 -71.106326 0.004658387922 0.003609 53.54
4 458 42.357883 -71.106319 0.004668595806 0.003609 53.54
4 459 42.357890 -71.106312 0.004678803689 0.003609 53.54
4 460 42.357898 -71.106304 0.004689011573 0.003609 53.54
4 461 42.357905 -71.106297 0.004699219646 0.003609 53.54
4 462 42.357912 -71.106290 0.004709427718 0.003609 53.54
4 463 42.357919 -71.106283 0.004719635791 0.003609 53.54
4 464 42.357926 -71.106276 0.004729843864 0.003609 53.54
4 465 42.357934 -71.106268 0.004740051937 0.003609 53.54
4 466 42.357941 -71.106261 0.004750260194 0.003609 53.54
4 467 42.357948 -71.106254 0.004760468452 0.003609 53.54
4 468 42.357955 -71.106247 0.004770676709 0.003609 53.54
4 469 42.357963 -71.106239 0.004780884967 0.003609 53.54
4 470 42.357970 -71.106232 0.004791093225 0.003609 53.54
4 471 42.357977 -71.106225 0.004801301663 0.003609 53.54
4 472 42.357984 -71.106218 0.004811510101 0.003609 53.54
4 473 42.357991 -71.106211 0.004821718540 0.003609 53.54
4 474 42.357999 -71.106203 0.004831926978 0.003609 53.54
