1 336 42.357003 -71.107199 0.003423564969 0.003607 53.54
1 337 42.357010 -71.107192 0.003433767087 0.003607 53.54
1 338 42.357017 -71.107185 0.003443969206 0.003607 53.54
1 339 42.357024 -71.107178 0.003454171325 0.003607 53.54
1 340 42.357032 -71.107170 0.003464373444 0.003607 53.54
1 341 42.357039 -71.107163 0.003474575851 0.003607 53.54
1 342 42.357046 -71.107156 0.003484778257 0.003607 53.54
1 343 42.357053 -71.107149 0.003494980663 0.003607 53.54
1 344 42.357061 -71.107141 0.003505183069 0.003607 53.54
1 345 42.357068 -71.107134 0.003515385476 0.003607 53.54
1 346 42.357075 -71.107127 0.003525588165 0.003607 53.54
1 347 42.357082 -71.107120 0.003535790855 0.003607 53.54
1 348 42.357089 -71.107113 0.003545993544 0.003607 53.54
1 349 42.357097 -71.107105 0.003556196234 0.003607 53.54
1 350 42.357104 -71.107098 0.003566398923 0.003607 53.54
1 351 42.357111 -71.107091 0.003576601892 0.003607 53.54
1 352 42.357118 -71.107084 0.003586804860 0.003607 53.54
1 353 42.357125 -71.107077 0.003597007829 0.003607 53.54
1 354 42.357133 -71.107069 0.003607210798 0.003607 53.54
1 355 42.357140 -71.107062 0.003617413766 0.003607 53.54
1 356 42.357147 -71.107055 0.003627617010 0.003607 53.54
1 357 42.357154 -71.107048 0.003637820253 0.003607 53.54
1 358 42.357162 -71.107040 0.003648023497 0.003607 53.54
1 359 42.357169 -71.107033 0.003658226741 0.003607 53.54
1 360 42.357176 -71.107026 0.003668429984 0.003607 53.54
1 361 42.357183 -71.107019 0.003678633499 0.003607 53.54
1 362 42.357190 -71.107012 0.003688837013 0.003607 53.54
1 363 42.357198 -71.107004 0.003699040528 0.003607 53.54
2 336 42.357003 -71.107199 0.003423564969 0.003607 53.54
2 337 42.357010 -71.107192 0.003433767087 0.003607 53.54
2 338 42.357017 -71.107185 0.003443969206 0.003607 53.54
2 339 42.357024 -71.107178 0.003454171325 0.003607 53.54
2 340 42.357032 -71.107170 0.003464373444 0.003607 53.54
2 341 42.357039 -71.107163 0.003474575851 0.003607 53.54
2 342 42.357046 -71.107156 0.003484778257 0.003607 53.54
2 343 42.357053 -71.107149 0.003494980663 0.003607 53.54
2 344 42.357061 -71.107141 0.003505183069 0.003607 53.54
2 345 42.357068 -71.107134 0.003515385476 0.003607 53.54
2 346 42.357075 -71.107127 0.003525588165 0.003607 53.54
2 347 42.357082 -71.107120 0.003535790855 0.003607 53.54
2 348 42.357089 -71.107113 0.003545993544 0.003607 53.54
2 349 42.357097 -71.107105 0.003556196234 0.003607 53.54
2 350 42.357104 -71.107098 0.003566398923 0.003607 53.54
2 351 42.357111 -71.107091 0.003576601892 0.003607 53.54
2 352 42.357118 -71.107084 0.003586804860 0.003607 53.54
2 353 42.357125 -71.107077 0.003597007829 0.003607 53.54
2 354 42.357133 -71.107069 0.003607210798 0.003607 53.54
2 355 42.357140 -71.107062 0.003617413766 0.003607 53.54
2 356 42.357147 -71.107055 0.003627617010 0.003607 53.54
2 357 42.357154 -71.107048 0.003637820253 0.003607 53.54
2 358 42.357162 -71.107040 0.003648023497 0.003607 53.54
2 359 42.357169 -71.107033 0.003658226741 0.003607 53.54
2 360 42.357176 -71.107026 0.003668429984 0.003607 53.54
2 361 42.357183 -71.107019 0.003678633499 0.003607 53.54
2 362 42.357190 -71.107012 0.003688837013 0.003607 53.54
2 363 42.357198 -71.107004 0.003699040528 0.003607 53.54
3 336 42.357003 -71.107199 0.003423564969 0.003607 53.54
3 337 42.357010 -71.107192 0.003433767087 0.003607 53.54
3 338 42.357017 -71.107185 0.003443969206 0.003607 53.54
3 339 42.357024 -71.107178 0.003454171325 0.003607 53.54
3 340 42.357032 -71.107170 0.003464373444 0.003607 53.54
3 341 42.357039 -71.107163 0.003474575851 0.003607 53.54
3 342 42.357046 -71.107156 0.003484778257 0.003607 53.54
3 343 42.357053 -71.107149 0.003494980663 0.003607 53.54
3 344 42.357061 -71.107141 0.003505183069 0.003607 53.54
3 345 42.357068 -71.107134 0.003515385476 0.003607 53.54
3 346 42.357075 -71.107127 0.003525588165 0.003607 53.54
3 347 42.357082 -71.107120 0.003535790855 0.003607 53.54
3 348 42.357089 -71.107113 0.003545993544 0.003607 53.54
3 349 42.357097 -71.107105 0.003556196234 0.003607 53.54
3 350 42.357104 -71.107098 0.003566398923 0.003607 53.54
3 351 42.357111 -71.107091 0.003576601892 0.003607 53.54
3 352 42.357118 -71.107084 0.003586804860 0.003607 53.54
3 353 42.357125 -71.107077 0.003597007829 0.003607 53.54
3 354 42.357133 -71.107069 0.003607210798 0.003607 53.54
3 355 42.357140 -71.107062 0.003617413766 0.003607 53.54
3 356 42.357147 -71.107055 0.003627617010 0.003607 53.54
3 357 42.357154 -71.107048 0.003637820253 0.003607 53.54
3 358 42.357162 -71.107040 0.003648023497 0.003607 53.54
3 359 42.357169 -71.107033 0.003658226741 0.003607 53.54
3 360 42.357176 -71.107026 0.003668429984 0.003607 53.54
3 361 42.357183 -71.107019 0.003678633499 0.003607 53.54
3 362 42.357190 -71.107012 0.003688837013 0.003607 53.54
3 363 42.357198 -71.107004 0.003699040528 0.003607 53.54
4 336 42.357003 -71.107199 0.003423564969 0.003607 53.54
4 337 42.357010 -71.107192 0.003433767087 0.003607 53.54
4 338 42.357017 -71.107185 0.003443969206 0.003607 53.54
4 339 42.357024 -71.107178 0.003454171325 0.003607 53.54
4 340 42.357032 -71.107170 0.003464373444 0.003607 53.54
4 341 42.357039 -71.107163 0.003474575851 0.003607 53.54
4 342 42.357046 -71.107156 0.003484778257 0.003607 53.54
4 343 42.357053 -71.107149 0.003494980663 0.003607 53.54
4 344 42.357061 -71.107141 0.003505183069 0.003607 53.54
4 345 42.357068 -71.107134 0.003515385476 0.003607 53.54
4 346 42.357075 -71.107127 0.003525588165 0.003607 53.54
4 347 42.357082 -71.107120 0.003535790855 0.003607 53.54
4 348 42.357089 -71.107113 0.003545993544 0.003607 53.54
4 349 42.357097 -71.107105 0.003556196234 0.003607 53.54
4 350 42.357104 -71.107098 0.003566398923 0.003607 53.54
4 351 42.357111 -71.107091 0.003576601892 0.003607 53.54
4 352 42.357118 -71.107084 0.003586804860 0.003607 53.54
4 353 42.357125 -71.107077 0.003597007829 0.003607 53.54
4 354 42.357133 -71.107069 0.003607210798 0.003607 53.54
4 355 42.357140 -71.107062 0.003617413766 0.003607 53.54
4 356 42.357147 -71.107055 0.003627617010 0.003607 53.54
4 357 42.357154 -71.107048 0.003637820253 0.003607 53.54
4 358 42.357162 -71.107040 0.003648023497 0.003607 53.54
4 359 42.357169 -71.107033 0.003658226741 0.003607 53.54
4 360 42.357176 -71.107026 0.003668429984 0.003607 53.54
4 361 42.357183 -71.107019 0.003678633499 0.003607 53.54
4 362 42.357190 -71.107012 0.003688837013 0.003607 53.54
4 363 42.357198 -71.107004 0.003699040528 0.003607 53.54
