1 641 42.359204 -71.104998 0.006537113064 0.003611 53.54
1 642 42.359212 -71.104990 0.006547325214 0.003611 53.54
1 643 42.359219 -71.104983 0.006557537363 0.003611 53.54
1 644 42.359226 -71.104976 0.006567749513 0.003611 53.54
1 645 42.359233 -71.104969 0.006577961663 0.003611 53.54
1 646 42.359241 -71.104961 0.006588173850 0.003611 53.54
1 647 42.359248 -71.104954 0.006598386037 0.003611 53.54
1 648 42.359255 -71.104947 0.006608598224 0.003611 53.54
1 649 42.359262 -71.104940 0.006618810411 0.003611 53.54
1 650 42.359269 -71.104933 0.006629022598 0.003611 53.54
1 651 42.359277 -71.104925 0.006639234819 0.003611 53.54
1 652 42.359284 -71.104918 0.006649447039 0.003611 53.54
1 653 42.359291 -71.104911 0.006659659260 0.003611 53.54
1 654 42.359298 -71.104904 0.006669871480 0.003611 53.54
1 655 42.359305 -71.104897 0.006680083701 0.003611 53.54
1 656 42.359313 -71.104889 0.006690295951 0.003611 53.54
1 657 42.359320 -71.104882 0.006700508200 0.003611 53.54
1 658 42.359327 -71.104875 0.006710720450 0.003611 53.54
1 659 42.359334 -71.104868 0.006720932700 0.003611 53.54
1 660 42.359342 -71.104860 0.006731144950 0.003611 53.54
1 661 42.359349 -71.104853 0.006741357225 0.003611 53.54
1 662 42.359356 -71.104846 0.006751569500 0.003611 53.54
1 663 42.359363 -71.104839 0.006761781775 0.003611 53.54
1 664 42.359370 -71.104832 0.006771994050 0.003611 53.54
1 665 42.359378 -71.104824 0.006782206325 0.003611 53.54
1 666 42.359385 -71.104817 0.006792418622 0.003611 53.54
1 667 42.359392 -71.104810 0.006802630918 0.003611 53.54
1 668 42.359399 -71.104803 0.006812843214 0.003611 53.54
1 669 42.359407 -71.104795 0.006823055510 0.003611 53.54
1 670 42.359414 -71.104788 0.006833267806 0.003611 53.54
1 671 42.359421 -71.104781 0.006843480120 0.003611 53.54
1 672 42.359428 -71.104774 0.006853692433 0.003611 53.54
1 673 42.359435 -71.104767 0.006863904746 0.003611 53.54
1 674 42.359443 -71.104759 0.006874117060 0.003611 53.54
1 675 42.359450 -71.104752 0.006884329373 0.003611 53.54
1 676 42.359457 -71.104745 0.006894541699 0.003611 53.54
1 677 42.359464 -71.104738 0.006904754025 0.003611 53.54
1 678 42.359472 -71.104730 0.006914966351 0.003611 53.54
1 679 42.359479 -71.104723 0.006925178678 0.003611 53.54
1 680 42.359486 -71.104716 0.006935391004 0.003611 53.54
1 681 42.359493 -71.104709 0.006945603339 0.003611 53.54
1 682 42.359500 -71.104702 0.006955815674 0.003611 53.54
1 683 42.359508 -71.104694 0.006966028009 0.003611 53.54
1 684 42.359515 -71.104687 0.006976240344 0.003611 53.54
1 685 42.359522 -71.104680 0.006986452679 0.003611 53.54
1 686 42.359529 -71.104673 0.006996665019 0.003611 53.54
1 687 42.359537 -71.104665 0.007006877359 0.003611 53.54
1 688 42.359544 -71.104658 0.007017089699 0.003611 53.54
1 689 42.359551 -71.104651 0.007027302039 0.003611 53.54
1 690 42.359558 -71.104644 0.007037514378 0.003611 53.54
1 691 42.359565 -71.104637 0.007047726719 0.003611 53.54
1 692 42.359573 -71.104629 0.007057939059 0.003611 53.54
1 693 42.359580 -71.104622 0.007068151400 0.003611 53.54
1 694 42.359587 -71.104615 0.007078363741 0.003611 53.54
1 695 42.359594 -71.104608 0.007088576081 0.003611 53.54
1 696 42.359602 -71.104600 0.007098788418 0.003611 53.54
1 697 42.359609 -71.104593 0.007109000755 0.003611 53.54
1 698 42.359616 -71.104586 0.007119213092 0.003611 53.54
1 699 42.359623 -71.104579 0.007129425429 0.003611 53.54
1 700 42.359630 -71.104572 0.007139637766 0.003611 53.54
1 701 42.359638 -71.104564 0.007149850096 0.003611 53.54
1 702 42.359645 -71.104557 0.007160062426 0.003611 53.54
1 703 42.359652 -71.104550 0.007170274755 0.003611 53.54
1 704 42.359659 -71.104543 0.007180487085 0.003611 53.54
1 705 42.359667 -71.104535 0.007190699414 0.003611 53.54
1 706 42.359674 -71.104528 0.007200911732 0.003611 53.54
1 707 42.359681 -71.104521 0.007211124050 0.003611 53.54
1 708 42.359688 -71.104514 0.007221336368 0.003611 53.54
1 709 42.359695 -71.104507 0.007231548686 0.003611 53.54
1 710 42.359703 -71.104499 0.007241761004 0.003611 53.54
1 711 42.359710 -71.104492 0.007251973307 0.003611 53.54
1 712 42.359717 -71.104485 0.007262185609 0.003611 53.54
1 713 42.359724 -71.104478 0.007272397911 0.003611 53.54
1 714 42.359732 -71.104470 0.007282610213 0.003611 53.54
1 715 42.359739 -71.104463 0.007292822516 0.003611 53.54
1 716 42.359746 -71.104456 0.007303034798 0.003611 53.54
1 717 42.359753 -71.104449 0.007313247081 0.003611 53.54
1 718 42.359760 -71.104442 0.007323459363 0.003611 53.54
1 719 42.359768 -71.104434 0.007333671646 0.003611 53.54
1 720 42.359775 -71.104427 0.007343883928 0.003611 53.54
1 721 42.359782 -71.104420 0.007354096187 0.003611 53.54
1 722 42.359789 -71.104413 0.007364308445 0.003611 53.54
1 723 42.359797 -71.104405 0.007374520704 0.003611 53.54
1 724 42.359804 -71.104398 0.007384732962 0.003611 53.54
1 725 42.359811 -71.104391 0.007394945221 0.003611 53.54
1 726 42.359818 -71.104384 0.007405157452 0.003611 53.54
1 727 42.359825 -71.104377 0.007415369682 0.003611 53.54
1 728 42.359833 -71.104369 0.007425581913 0.003611 53.54
1 729 42.359840 -71.104362 0.007435794143 0.003611 53.54
1 730 42.359847 -71.104355 0.007446006374 0.003611 53.54
1 731 42.359854 -71.104348 0.007456218573 0.003611 53.54
1 732 42.359862 -71.104340 0.007466430771 0.003611 53.54
1 733 42.359869 -71.104333 0.007476642970 0.003611 53.54
1 734 42.359876 -71.104326 0.007486855168 0.003611 53.54
1 735 42.359883 -71.104319 0.007497067367 0.003611 53.54
1 736 42.359890 -71.104312 0.007507279529 0.003611 53.54
1 737 42.359898 -71.104304 0.007517491691 0.003611 53.54
1 738 42.359905 -71.104297 0.007527703854 0.003611 53.54
1 739 42.359912 -71.104290 0.007537916016 0.003611 53.54
1 740 42.359919 -71.104283 0.007548128179 0.003611 53.54
1 741 42.359927 -71.104275 0.007558340301 0.003611 53.54
1 742 42.359934 -71.104268 0.007568552423 0.003611 53.54
1 743 42.359941 -71.104261 0.007578764545 0.003611 53.54
1 744 42.359948 -71.104254 0.007588976667 0.003611 53.54
1 745 42.359955 -71.104247 0.007599188789 0.003611 53.54
1 746 42.359963 -71.104239 0.007609400867 0.003611 53.54
1 747 42.359970 -71.104232 0.007619612945 0.003611 53.54
1 748 42.359977 -71.104225 0.007629825022 0.003611 53.54
1 749 42.359984 -71.104218 0.007640037100 0.003611 53.54
1 750 42.359992 -71.104210 0.007650249178 0.003610 53.54
1 751 42.359999 -71.104203 0.007660461207 0.003610 53.54
2 641 42.359204 -71.104998 0.006537113064 0.003611 53.54
2 642 42.359212 -71.104990 0.006547325214 0.003611 53.54
2 643 42.359219 -71.104983 0.006557537363 0.003611 53.54
2 644 42.359226 -71.104976 0.006567749513 0.003611 53.54
2 645 42.359233 -71.104969 0.006577961663 0.003611 53.54
2 646 42.359241 -71.104961 0.006588173850 0.003611 53.54
2 647 42.359248 -71.104954 0.006598386037 0.003611 53.54
2 648 42.359255 -71.104947 0.006608598224 0.003611 53.54
2 649 42.359262 -71.104940 0.006618810411 0.003611 53.54
2 650 42.359269 -71.104933 0.006629022598 0.003611 53.54
2 651 42.359277 -71.104925 0.006639234819 0.003611 53.54
2 652 42.359284 -71.104918 0.006649447039 0.003611 53.54
2 653 42.359291 -71.104911 0.006659659260 0.003611 53.54
2 654 42.359298 -71.104904 0.006669871480 0.003611 53.54
2 655 42.359305 -71.104897 0.006680083701 0.003611 53.54
2 656 42.359313 -71.104889 0.006690295951 0.003611 53.54
2 657 42.359320 -71.104882 0.006700508200 0.003611 53.54
2 658 42.359327 -71.104875 0.006710720450 0.003611 53.54
2 659 42.359334 -71.104868 0.006720932700 0.003611 53.54
2 660 42.359342 -71.104860 0.006731144950 0.003611 53.54
2 661 42.359349 -71.104853 0.006741357225 0.003611 53.54
2 662 42.359356 -71.104846 0.006751569500 0.003611 53.54
2 663 42.359363 -71.104839 0.006761781775 0.003611 53.54
2 664 42.359370 -71.104832 0.006771994050 0.003611 53.54
2 665 42.359378 -71.104824 0.006782206325 0.003611 53.54
2 666 42.359385 -71.104817 0.006792418622 0.003611 53.54
2 667 42.359392 -71.104810 0.006802630918 0.003611 53.54
2 668 42.359399 -71.104803 0.006812843214 0.003611 53.54
2 669 42.359407 -71.104795 0.006823055510 0.003611 53.54
2 670 42.359414 -71.104788 0.006833267806 0.003611 53.54
2 671 42.359421 -71.104781 0.006843480120 0.003611 53.54
2 672 42.359428 -71.104774 0.006853692433 0.003611 53.54
2 673 42.359435 -71.104767 0.006863904746 0.003611 53.54
2 674 42.359443 -71.104759 0.006874117060 0.003611 53.54
2 675 42.359450 -71.104752 0.006884329373 0.003611 53.54
2 676 42.359457 -71.104745 0.006894541699 0.003611 53.54
2 677 42.359464 -71.104738 0.006904754025 0.003611 53.54
2 678 42.359472 -71.104730 0.006914966351 0.003611 53.54
2 679 42.359479 -71.104723 0.006925178678 0.003611 53.54
2 680 42.359486 -71.104716 0.006935391004 0.003611 53.54
2 681 42.359493 -71.104709 0.006945603339 0.003611 53.54
2 682 42.359500 -71.104702 0.006955815674 0.003611 53.54
2 683 42.359508 -71.104694 0.006966028009 0.003611 53.54
2 684 42.359515 -71.104687 0.006976240344 0.003611 53.54
2 685 42.359522 -71.104680 0.006986452679 0.003611 53.54
2 686 42.359529 -71.104673 0.006996665019 0.003611 53.54
2 687 42.359537 -71.104665 0.007006877359 0.003611 53.54
2 688 42.359544 -71.104658 0.007017089699 0.003611 53.54
2 689 42.359551 -71.104651 0.007027302039 0.003611 53.54
2 690 42.359558 -71.104644 0.007037514378 0.003611 53.54
2 691 42.359565 -71.104637 0.007047726719 0.003611 53.54
2 692 42.359573 -71.104629 0.007057939059 0.003611 53.54
2 693 42.359580 -71.104622 0.007068151400 0.003611 53.54
2 694 42.359587 -71.104615 0.007078363741 0.003611 53.54
2 695 42.359594 -71.104608 0.007088576081 0.003611 53.54
2 696 42.359602 -71.104600 0.007098788418 0.003611 53.54
2 697 42.359609 -71.104593 0.007109000755 0.003611 53.54
2 698 42.359616 -71.104586 0.007119213092 0.003611 53.54
2 699 42.359623 -71.104579 0.007129425429 0.003611 53.54
2 700 42.359630 -71.104572 0.007139637766 0.003611 53.54
2 701 42.359638 -71.104564 0.007149850096 0.003611 53.54
2 702 42.359645 -71.104557 0.007160062426 0.003611 53.54
2 703 42.359652 -71.104550 0.007170274755 0.003611 53.54
2 704 42.359659 -71.104543 0.007180487085 0.003611 53.54
2 705 42.359667 -71.104535 0.007190699414 0.003611 53.54
2 706 42.359674 -71.104528 0.007200911732 0.003611 53.54
2 707 42.359681 -71.104521 0.007211124050 0.003611 53.54
2 708 42.359688 -71.104514 0.007221336368 0.003611 53.54
2 709 42.359695 -71.104507 0.007231548686 0.003611 53.54
2 710 42.359703 -71.104499 0.007241761004 0.003611 53.54
2 711 42.359710 -71.104492 0.007251973307 0.003611 53.54
2 712 42.359717 -71.104485 0.007262185609 0.003611 53.54
2 713 42.359724 -71.104478 0.007272397911 0.003611 53.54
2 714 42.359732 -71.104470 0.007282610213 0.003611 53.54
2 715 42.359739 -71.104463 0.007292822516 0.003611 53.54
2 716 42.359746 -71.104456 0.007303034798 0.003611 53.54
2 717 42.359753 -71.104449 0.007313247081 0.003611 53.54
2 718 42.359760 -71.104442 0.007323459363 0.003611 53.54
2 719 42.359768 -71.104434 0.007333671646 0.003611 53.54
2 720 42.359775 -71.104427 0.007343883928 0.003611 53.54
2 721 42.359782 -71.104420 0.007354096187 0.003611 53.54
2 722 42.359789 -71.104413 0.007364308445 0.003611 53.54
2 723 42.359797 -71.104405 0.007374520704 0.003611 53.54
2 724 42.359804 -71.104398 0.007384732962 0.003611 53.54
2 725 42.359811 -71.104391 0.007394945221 0.003611 53.54
2 726 42.359818 -71.104384 0.007405157452 0.003611 53.54
2 727 42.359825 -71.104377 0.007415369682 0.003611 53.54
2 728 42.359833 -71.104369 0.007425581913 0.003611 53.54
2 729 42.359840 -71.104362 0.007435794143 0.003611 53.54
2 730 42.359847 -71.104355 0.007446006374 0.003611 53.54
2 731 42.359854 -71.104348 0.007456218573 0.003611 53.54
2 732 42.359862 -71.104340 0.007466430771 0.003611 53.54
2 733 42.359869 -71.104333 0.007476642970 0.003611 53.54
2 734 42.359876 -71.104326 0.007486855168 0.003611 53.54
2 735 42.359883 -71.104319 0.007497067367 0.003611 53.54
2 736 42.359890 -71.104312 0.007507279529 0.003611 53.54
2 737 42.359898 -71.104304 0.007517491691 0.003611 53.54
2 738 42.359905 -71.104297 0.007527703854 0.003611 53.54
2 739 42.359912 -71.104290 0.007537916016 0.003611 53.54
2 740 42.359919 -71.104283 0.007548128179 0.003611 53.54
2 741 42.359927 -71.104275 0.007558340301 0.003611 53.54
2 742 42.359934 -71.104268 0.007568552423 0.003611 53.54
2 743 42.359941 -71.104261 0.007578764545 0.003611 53.54
2 744 42.359948 -71.104254 0.007588976667 0.003611 53.54
2 745 42.359955 -71.104247 0.007599188789 0.003611 53.54
2 746 42.359963 -71.104239 0.007609400867 0.003611 53.54
2 747 42.359970 -71.104232 0.007619612945 0.003611 53.54
2 748 42.359977 -71.104225 0.007629825022 0.003611 53.54
2 749 42.359984 -71.104218 0.007640037100 0.003611 53.54
2 750 42.359992 -71.104210 0.007650249178 0.003610 53.54
2 751 42.359999 -71.104203 0.007660461207 0.003610 53.54
3 641 42.359204 -71.104998 0.006537113064 0.003611 53.54
3 642 42.359212 -71.104990 0.006547325214 0.003611 53.54
3 643 42.359219 -71.104983 0.006557537363 0.003611 53.54
3 644 42.359226 -71.104976 0.006567749513 0.003611 53.54
3 645 42.359233 -71.104969 0.006577961663 0.003611 53.54
3 646 42.359241 -71.104961 0.006588173850 0.003611 53.54
3 647 42.359248 -71.104954 0.006598386037 0.003611 53.54
3 648 42.359255 -71.104947 0.006608598224 0.003611 53.54
3 649 42.359262 -71.104940 0.006618810411 0.003611 53.54
3 650 42.359269 -71.104933 0.006629022598 0.003611 53.54
3 651 42.359277 -71.104925 0.006639234819 0.003611 53.54
3 652 42.359284 -71.104918 0.006649447039 0.003611 53.54
3 653 42.359291 -71.104911 0.006659659260 0.003611 53.54
3 654 42.359298 -71.104904 0.006669871480 0.003611 53.54
3 655 42.359305 -71.104897 0.006680083701 0.003611 53.54
3 656 42.359313 -71.104889 0.006690295951 0.003611 53.54
3 657 42.359320 -71.104882 0.006700508200 0.003611 53.54
3 658 42.359327 -71.104875 0.006710720450 0.003611 53.54
3 659 42.359334 -71.104868 0.006720932700 0.003611 53.54
3 660 42.359342 -71.104860 0.006731144950 0.003611 53.54
3 661 42.359349 -71.104853 0.006741357225 0.003611 53.54
3 662 42.359356 -71.104846 0.006751569500 0.003611 53.54
3 663 42.359363 -71.104839 0.006761781775 0.003611 53.54
3 664 42.359370 -71.104832 0.006771994050 0.003611 53.54
3 665 42.359378 -71.104824 0.006782206325 0.003611 53.54
3 666 42.359385 -71.104817 0.006792418622 0.003611 53.54
3 667 42.359392 -71.104810 0.006802630918 0.003611 53.54
3 668 42.359399 -71.104803 0.006812843214 0.003611 53.54
3 669 42.359407 -71.104795 0.006823055510 0.003611 53.54
3 670 42.359414 -71.104788 0.006833267806 0.003611 53.54
3 671 42.359421 -71.104781 0.006843480120 0.003611 53.54
3 672 42.359428 -71.104774 0.006853692433 0.003611 53.54
3 673 42.359435 -71.104767 0.006863904746 0.003611 53.54
3 674 42.359443 -71.104759 0.006874117060 0.003611 53.54
3 675 42.359450 -71.104752 0.006884329373 0.003611 53.54
3 676 42.359457 -71.104745 0.006894541699 0.003611 53.54
3 677 42.359464 -71.104738 0.006904754025 0.003611 53.54
3 678 42.359472 -71.104730 0.006914966351 0.003611 53.54
3 679 42.359479 -71.104723 0.006925178678 0.003611 53.54
3 680 42.359486 -71.104716 0.006935391004 0.003611 53.54
3 681 42.359493 -71.104709 0.006945603339 0.003611 53.54
3 682 42.359500 -71.104702 0.006955815674 0.003611 53.54
3 683 42.359508 -71.104694 0.006966028009 0.003611 53.54
3 684 42.359515 -71.104687 0.006976240344 0.003611 53.54
3 685 42.359522 -71.104680 0.006986452679 0.003611 53.54
3 686 42.359529 -71.104673 0.006996665019 0.003611 53.54
3 687 42.359537 -71.104665 0.007006877359 0.003611 53.54
3 688 42.359544 -71.104658 0.007017089699 0.003611 53.54
3 689 42.359551 -71.104651 0.007027302039 0.003611 53.54
3 690 42.359558 -71.104644 0.007037514378 0.003611 53.54
3 691 42.359565 -71.104637 0.007047726719 0.003611 53.54
3 692 42.359573 -71.104629 0.007057939059 0.003611 53.54
3 693 42.359580 -71.104622 0.007068151400 0.003611 53.54
3 694 42.359587 -71.104615 0.007078363741 0.003611 53.54
3 695 42.359594 -71.104608 0.007088576081 0.003611 53.54
3 696 42.359602 -71.104600 0.007098788418 0.003611 53.54
3 697 42.359609 -71.104593 0.007109000755 0.003611 53.54
3 698 42.359616 -71.104586 0.007119213092 0.003611 53.54
3 699 42.359623 -71.104579 0.007129425429 0.003611 53.54
3 700 42.359630 -71.104572 0.007139637766 0.003611 53.54
3 701 42.359638 -71.104564 0.007149850096 0.003611 53.54
3 702 42.359645 -71.104557 0.007160062426 0.003611 53.54
3 703 42.359652 -71.104550 0.007170274755 0.003611 53.54
3 704 42.359659 -71.104543 0.007180487085 0.003611 53.54
3 705 42.359667 -71.104535 0.007190699414 0.003611 53.54
3 706 42.359674 -71.104528 0.007200911732 0.003611 53.54
3 707 42.359681 -71.104521 0.007211124050 0.003611 53.54
3 708 42.359688 -71.104514 0.007221336368 0.003611 53.54
3 709 42.359695 -71.104507 0.007231548686 0.003611 53.54
3 710 42.359703 -71.104499 0.007241761004 0.003611 53.54
3 711 42.359710 -71.104492 0.007251973307 0.003611 53.54
3 712 42.359717 -71.104485 0.007262185609 0.003611 53.54
3 713 42.359724 -71.104478 0.007272397911 0.003611 53.54
3 714 42.359732 -71.104470 0.007282610213 0.003611 53.54
3 715 42.359739 -71.104463 0.007292822516 0.003611 53.54
3 716 42.359746 -71.104456 0.007303034798 0.003611 53.54
3 717 42.359753 -71.104449 0.007313247081 0.003611 53.54
3 718 42.359760 -71.104442 0.007323459363 0.003611 53.54
3 719 42.359768 -71.104434 0.007333671646 0.003611 53.54
3 720 42.359775 -71.104427 0.007343883928 0.003611 53.54
3 721 42.359782 -71.104420 0.007354096187 0.003611 53.54
3 722 42.359789 -71.104413 0.007364308445 0.003611 53.54
3 723 42.359797 -71.104405 0.007374520704 0.003611 53.54
3 724 42.359804 -71.104398 0.007384732962 0.003611 53.54
3 725 42.359811 -71.104391 0.007394945221 0.003611 53.54
3 726 42.359818 -71.104384 0.007405157452 0.003611 53.54
3 727 42.359825 -71.104377 0.007415369682 0.003611 53.54
3 728 42.359833 -71.104369 0.007425581913 0.003611 53.54
3 729 42.359840 -71.104362 0.007435794143 0.003611 53.54
3 730 42.359847 -71.104355 0.007446006374 0.003611 53.54
3 731 42.359854 -71.104348 0.007456218573 0.003611 53.54
3 732 42.359862 -71.104340 0.007466430771 0.003611 53.54
3 733 42.359869 -71.104333 0.007476642970 0.003611 53.54
3 734 42.359876 -71.104326 0.007486855168 0.003611 53.54
3 735 42.359883 -71.104319 0.007497067367 0.003611 53.54
3 736 42.359890 -71.104312 0.007507279529 0.003611 53.54
3 737 42.359898 -71.104304 0.007517491691 0.003611 53.54
3 738 42.359905 -71.104297 0.007527703854 0.003611 53.54
3 739 42.359912 -71.104290 0.007537916016 0.003611 53.54
3 740 42.359919 -71.104283 0.007548128179 0.003611 53.54
3 741 42.359927 -71.104275 0.007558340301 0.003611 53.54
3 742 42.359934 -71.104268 0.007568552423 0.003611 53.54
3 743 42.359941 -71.104261 0.007578764545 0.003611 53.54
3 744 42.359948 -71.104254 0.007588976667 0.003611 53.54
3 745 42.359955 -71.104247 0.007599188789 0.003611 53.54
3 746 42.359963 -71.104239 0.007609400867 0.003611 53.54
3 747 42.359970 -71.104232 0.007619612945 0.003611 53.54
3 748 42.359977 -71.104225 0.007629825022 0.003611 53.54
3 749 42.359984 -71.104218 0.007640037100 0.003611 53.54
3 750 42.359992 -71.104210 0.007650249178 0.003610 53.54
3 751 42.359999 -71.104203 0.007660461207 0.003610 53.54
4 641 42.359204 -71.104998 0.006537113064 0.003611 53.54
4 642 42.359212 -71.104990 0.006547325214 0.003611 53.54
4 643 42.359219 -71.104983 0.006557537363 0.003611 53.54
4 644 42.359226 -71.104976 0.006567749513 0.003611 53.54
4 645 42.359233 -71.104969 0.006577961663 0.003611 53.54
4 646 42.359241 -71.104961 0.006588173850 0.003611 53.54
4 647 42.359248 -71.104954 0.006598386037 0.003611 53.54
4 648 42.359255 -71.104947 0.006608598224 0.003611 53.54
4 649 42.359262 -71.104940 0.006618810411 0.003611 53.54
4 650 42.359269 -71.104933 0.006629022598 0.003611 53.54
4 651 42.359277 -71.104925 0.006639234819 0.003611 53.54
4 652 42.359284 -71.104918 0.006649447039 0.003611 53.54
4 653 42.359291 -71.104911 0.006659659260 0.003611 53.54
4 654 42.359298 -71.104904 0.006669871480 0.003611 53.54
4 655 42.359305 -71.104897 0.006680083701 0.003611 53.54
4 656 42.359313 -71.104889 0.006690295951 0.003611 53.54
4 657 42.359320 -71.104882 0.006700508200 0.003611 53.54
4 658 42.359327 -71.104875 0.006710720450 0.003611 53.54
4 659 42.359334 -71.104868 0.006720932700 0.003611 53.54
4 660 42.359342 -71.104860 0.006731144950 0.003611 53.54
4 661 42.359349 -71.104853 0.006741357225 0.003611 53.54
4 662 42.359356 -71.104846 0.006751569500 0.003611 53.54
4 663 42.359363 -71.104839 0.006761781775 0.003611 53.54
4 664 42.359370 -71.104832 0.006771994050 0.003611 53.54
4 665 42.359378 -71.104824 0.006782206325 0.003611 53.54
4 666 42.359385 -71.104817 0.006792418622 0.003611 53.54
4 667 42.359392 -71.104810 0.006802630918 0.003611 53.54
4 668 42.359399 -71.104803 0.006812843214 0.003611 53.54
4 669 42.359407 -71.104795 0.006823055510 0.003611 53.54
4 670 42.359414 -71.104788 0.006833267806 0.003611 53.54
4 671 42.359421 -71.104781 0.006843480120 0.003611 53.54
4 672 42.359428 -71.104774 0.006853692433 0.003611 53.54
4 673 42.359435 -71.104767 0.006863904746 0.003611 53.54
4 674 42.359443 -71.104759 0.006874117060 0.003611 53.54
4 675 42.359450 -71.104752 0.006884329373 0.003611 53.54
4 676 42.359457 -71.104745 0.006894541699 0.003611 53.54
4 677 42.359464 -71.104738 0.006904754025 0.003611 53.54
4 678 42.359472 -71.104730 0.006914966351 0.003611 53.54
4 679 42.359479 -71.104723 0.006925178678 0.003611 53.54
4 680 42.359486 -71.104716 0.006935391004 0.003611 53.54
4 681 42.359493 -71.104709 0.006945603339 0.003611 53.54
4 682 42.359500 -71.104702 0.006955815674 0.003611 53.54
4 683 42.359508 -71.104694 0.006966028009 0.003611 53.54
4 684 42.359515 -71.104687 0.006976240344 0.003611 53.54
4 685 42.359522 -71.104680 0.006986452679 0.003611 53.54
4 686 42.359529 -71.104673 0.006996665019 0.003611 53.54
4 687 42.359537 -71.104665 0.007006877359 0.003611 53.54
4 688 42.359544 -71.104658 0.007017089699 0.003611 53.54
4 689 42.359551 -71.104651 0.007027302039 0.003611 53.54
4 690 42.359558 -71.104644 0.007037514378 0.003611 53.54
4 691 42.359565 -71.104637 0.007047726719 0.003611 53.54
4 692 42.359573 -71.104629 0.007057939059 0.003611 53.54
4 693 42.359580 -71.104622 0.007068151400 0.003611 53.54
4 694 42.359587 -71.104615 0.007078363741 0.003611 53.54
4 695 42.359594 -71.104608 0.007088576081 0.003611 53.54
4 696 42.359602 -71.104600 0.007098788418 0.003611 53.54
4 697 42.359609 -71.104593 0.007109000755 0.003611 53.54
4 698 42.359616 -71.104586 0.007119213092 0.003611 53.54
4 699 42.359623 -71.104579 0.007129425429 0.003611 53.54
4 700 42.359630 -71.104572 0.007139637766 0.003611 53.54
4 701 42.359638 -71.104564 0.007149850096 0.003611 53.54
4 702 42.359645 -71.104557 0.007160062426 0.003611 53.54
4 703 42.359652 -71.104550 0.007170274755 0.003611 53.54
4 704 42.359659 -71.104543 0.007180487085 0.003611 53.54
4 705 42.359667 -71.104535 0.007190699414 0.003611 53.54
4 706 42.359674 -71.104528 0.007200911732 0.003611 53.54
4 707 42.359681 -71.104521 0.007211124050 0.003611 53.54
4 708 42.359688 -71.104514 0.007221336368 0.003611 53.54
4 709 42.359695 -71.104507 0.007231548686 0.003611 53.54
4 710 42.359703 -71.104499 0.007241761004 0.003611 53.54
4 711 42.359710 -71.104492 0.007251973307 0.003611 53.54
4 712 42.359717 -71.104485 0.007262185609 0.003611 53.54
4 713 42.359724 -71.104478 0.007272397911 0.003611 53.54
4 714 42.359732 -71.104470 0.007282610213 0.003611 53.54
4 715 42.359739 -71.104463 0.007292822516 0.003611 53.54
4 716 42.359746 -71.104456 0.007303034798 0.003611 53.54
4 717 42.359753 -71.104449 0.007313247081 0.003611 53.54
4 718 42.359760 -71.104442 0.007323459363 0.003611 53.54
4 719 42.359768 -71.104434 0.007333671646 0.003611 53.54
4 720 42.359775 -71.104427 0.007343883928 0.003611 53.54
4 721 42.359782 -71.104420 0.007354096187 0.003611 53.54
4 722 42.359789 -71.104413 0.007364308445 0.003611 53.54
4 723 42.359797 -71.104405 0.007374520704 0.003611 53.54
4 724 42.359804 -71.104398 0.007384732962 0.003611 53.54
4 725 42.359811 -71.104391 0.007394945221 0.003611 53.54
4 726 42.359818 -71.104384 0.007405157452 0.003611 53.54
4 727 42.359825 -71.104377 0.007415369682 0.003611 53.54
4 728 42.359833 -71.104369 0.007425581913 0.003611 53.54
4 729 42.359840 -71.104362 0.007435794143 0.003611 53.54
4 730 42.359847 -71.104355 0.007446006374 0.003611 53.54
4 731 42.359854 -71.104348 0.007456218573 0.003611 53.54
4 732 42.359862 -71.104340 0.007466430771 0.003611 53.54
4 733 42.359869 -71.104333 0.007476642970 0.003611 53.54
4 734 42.359876 -71.104326 0.007486855168 0.003611 53.54
4 735 42.359883 -71.104319 0.007497067367 0.003611 53.54
4 736 42.359890 -71.104312 0.007507279529 0.003611 53.54
4 737 42.359898 -71.104304 0.007517491691 0.003611 53.54
4 738 42.359905 -71.104297 0.007527703854 0.003611 53.54
4 739 42.359912 -71.104290 0.007537916016 0.003611 53.54
4 740 42.359919 -71.104283 0.007548128179 0.003611 53.54
4 741 42.359927 -71.104275 0.007558340301 0.003611 53.54
4 742 42.359934 -71.104268 0.007568552423 0.003611 53.54
4 743 42.359941 -71.104261 0.007578764545 0.003611 53.54
4 744 42.359948 -71.104254 0.007588976667 0.003611 53.54
4 745 42.359955 -71.104247 0.007599188789 0.003611 53.54
4 746 42.359963 -71.104239 0.007609400867 0.003611 53.54
4 747 42.359970 -71.104232 0.007619612945 0.003611 53.54
4 748 42.359977 -71.104225 0.007629825022 0.003611 53.54
4 749 42.359984 -71.104218 0.007640037100 0.003611 53.54
4 750 42.359992 -71.104210 0.007650249178 0.003610 53.54
4 751 42.359999 -71.104203 0.007660461207 0.003610 53.54
