1 197 42.356001 -71.108201 0.002006117491 0.003604 53.54
1 198 42.356008 -71.108194 0.002016309901 0.003604 53.54
1 199 42.356015 -71.108187 0.002026502310 0.003604 53.54
1 200 42.356022 -71.108180 0.002036694720 0.003604 53.54
1 201 42.356029 -71.108173 0.002046887531 0.003604 53.54
1 202 42.356037 -71.108165 0.002057080343 0.003604 53.54
1 203 42.356044 -71.108158 0.002067273155 0.003604 53.54
1 204 42.356051 -71.108151 0.002077465966 0.003604 53.54
1 205 42.356058 -71.108144 0.002087658778 0.003604 53.54
1 206 42.356065 -71.108137 0.002097851987 0.003604 53.54
1 207 42.356073 -71.108129 0.002108045197 0.003604 53.54
1 208 42.356080 -71.108122 0.002118238407 0.003604 53.54
1 209 42.356087 -71.108115 0.002128431616 0.003604 53.54
1 210 42.356094 -71.108108 0.002138624826 0.003604 53.54
1 211 42.356101 -71.108101 0.002148818430 0.003604 53.54
1 212 42.356109 -71.108093 0.002159012033 0.003604 53.54
1 213 42.356116 -71.108086 0.002169205637 0.003604 53.54
1 214 42.356123 -71.108079 0.002179399240 0.003604 53.54
1 215 42.356130 -71.108072 0.002189592844 0.003604 53.54
1 216 42.356137 -71.108065 0.002199786837 0.003604 53.54
1 217 42.356145 -71.108057 0.002209980831 0.003604 53.54
1 218 42.356152 -71.108050 0.002220174824 0.003604 53.54
1 219 42.356159 -71.108043 0.002230368818 0.003604 53.54
1 220 42.356166 -71.108036 0.002240562811 0.003604 53.54
1 221 42.356173 -71.108029 0.002250757190 0.003604 53.54
1 222 42.356181 -71.108021 0.002260951569 0.003604 53.54
1 223 42.356188 -71.108014 0.002271145948 0.003604 53.54
1 224 42.356195 -71.108007 0.002281340328 0.003604 53.54
2 197 42.356001 -71.108201 0.002006117491 0.003604 53.54
2 198 42.356008 -71.108194 0.002016309901 0.003604 53.54
2 199 42.356015 -71.108187 0.002026502310 0.003604 53.54
2 200 42.356022 -71.108180 0.002036694720 0.003604 53.54
2 201 42.356029 -71.108173 0.002046887531 0.003604 53.54
2 202 42.356037 -71.108165 0.002057080343 0.003604 53.54
2 203 42.356044 -71.108158 0.002067273155 0.003604 53.54
2 204 42.356051 -71.108151 0.002077465966 0.003604 53.54
2 205 42.356058 -71.108144 0.002087658778 0.003604 53.54
2 206 42.356065 -71.108137 0.002097851987 0.003604 53.54
2 207 42.356073 -71.108129 0.002108045197 0.003604 53.54
2 208 42.356080 -71.108122 0.002118238407 0.003604 53.54
2 209 42.356087 -71.108115 0.002128431616 0.003604 53.54
2 210 42.356094 -71.108108 0.002138624826 0.003604 53.54
2 211 42.356101 -71.108101 0.002148818430 0.003604 53.54
2 212 42.356109 -71.108093 0.002159012033 0.003604 53.54
2 213 42.356116 -71.108086 0.002169205637 0.003604 53.54
2 214 42.356123 -71.108079 0.002179399240 0.003604 53.54
2 215 42.356130 -71.108072 0.002189592844 0.003604 53.54
2 216 42.356137 -71.108065 0.002199786837 0.003604 53.54
2 217 42.356145 -71.108057 0.002209980831 0.003604 53.54
2 218 42.356152 -71.108050 0.002220174824 0.003604 53.54
2 219 42.356159 -71.108043 0.002230368818 0.003604 53.54
2 220 42.356166 -71.108036 0.002240562811 0.003604 53.54
2 221 42.356173 -71.108029 0.002250757190 0.003604 53.54
2 222 42.356181 -71.108021 0.002260951569 0.003604 53.54
2 223 42.356188 -71.108014 0.002271145948 0.003604 53.54
2 224 42.356195 -71.108007 0.002281340328 0.003604 53.54
3 197 42.356001 -71.108201 0.002006117491 0.003604 53.54
3 198 42.356008 -71.108194 0.002016309901 0.003604 53.54
3 199 42.356015 -71.108187 0.002026502310 0.003604 53.54
3 200 42.356022 -71.108180 0.002036694720 0.003604 53.54
3 201 42.356029 -71.108173 0.002046887531 0.003604 53.54
3 202 42.356037 -71.108165 0.002057080343 0.003604 53.54
3 203 42.356044 -71.108158 0.002067273155 0.003604 53.54
3 204 42.356051 -71.108151 0.002077465966 0.003604 53.54
3 205 42.356058 -71.108144 0.002087658778 0.003604 53.54
3 206 42.356065 -71.108137 0.002097851987 0.003604 53.54
3 207 42.356073 -71.108129 0.002108045197 0.003604 53.54
3 208 42.356080 -71.108122 0.002118238407 0.003604 53.54
3 209 42.356087 -71.108115 0.002128431616 0.003604 53.54
3 210 42.356094 -71.108108 0.002138624826 0.003604 53.54
3 211 42.356101 -71.108101 0.002148818430 0.003604 53.54
3 212 42.356109 -71.108093 0.002159012033 0.003604 53.54
3 213 42.356116 -71.108086 0.002169205637 0.003604 53.54
3 214 42.356123 -71.108079 0.002179399240 0.003604 53.54
3 215 42.356130 -71.108072 0.002189592844 0.003604 53.54
3 216 42.356137 -71.108065 0.002199786837 0.003604 53.54
3 217 42.356145 -71.108057 0.002209980831 0.003604 53.54
3 218 42.356152 -71.108050 0.002220174824 0.003604 53.54
3 219 42.356159 -71.108043 0.002230368818 0.003604 53.54
3 220 42.356166 -71.108036 0.002240562811 0.003604 53.54
3 221 42.356173 -71.108029 0.002250757190 0.003604 53.54
3 222 42.356181 -71.108021 0.002260951569 0.003604 53.54
3 223 42.356188 -71.108014 0.002271145948 0.003604 53.54
3 224 42.356195 -71.108007 0.002281340328 0.003604 53.54
4 197 42.356001 -71.108201 0.002006117491 0.003604 53.54
4 198 42.356008 -71.108194 0.002016309901 0.003604 53.54
4 199 42.356015 -71.108187 0.002026502310 0.003604 53.54
4 200 42.356022 -71.108180 0.002036694720 0.003604 53.54
4 201 42.356029 -71.108173 0.002046887531 0.003604 53.54
4 202 42.356037 -71.108165 0.002057080343 0.003604 53.54
4 203 42.356044 -71.108158 0.002067273155 0.003604 53.54
4 204 42.356051 -71.108151 0.002077465966 0.003604 53.54
4 205 42.356058 -71.108144 0.002087658778 0.003604 53.54
4 206 42.356065 -71.108137 0.002097851987 0.003604 53.54
4 207 42.356073 -71.108129 0.002108045197 0.003604 53.54
4 208 42.356080 -71.108122 0.002118238407 0.003604 53.54
4 209 42.356087 -71.108115 0.002128431616 0.003604 53.54
4 210 42.356094 -71.108108 0.002138624826 0.003604 53.54
4 211 42.356101 -71.108101 0.002148818430 0.003604 53.54
4 212 42.356109 -71.108093 0.002159012033 0.003604 53.54
4 213 42.356116 -71.108086 0.002169205637 0.003604 53.54
4 214 42.356123 -71.108079 0.002179399240 0.003604 53.54
4 215 42.356130 -71.108072 0.002189592844 0.003604 53.54
4 216 42.356137 -71.108065 0.002199786837 0.003604 53.54
4 217 42.356145 -71.108057 0.002209980831 0.003604 53.54
4 218 42.356152 -71.108050 0.002220174824 0.003604 53.54
4 219 42.356159 -71.108043 0.002230368818 0.003604 53.54
4 220 42.356166 -71.108036 0.002240562811 0.003604 53.54
4 221 42.356173 -71.108029 0.002250757190 0.003604 53.54
4 222 42.356181 -71.108021 0.002260951569 0.003604 53.54
4 223 42.356188 -71.108014 0.002271145948 0.003604 53.54
4 224 42.356195 -71.108007 0.002281340328 0.003604 53.54
