1 503 42.358208 -71.105994 0.005127987532 0.003610 53.54
1 504 42.358215 -71.105987 0.005138196970 0.003610 53.54
1 505 42.358222 -71.105980 0.005148406407 0.003610 53.54
1 506 42.358230 -71.105972 0.005158615996 0.003610 53.54
1 507 42.358237 -71.105965 0.005168825586 0.003610 53.54
1 508 42.358244 -71.105958 0.005179035175 0.003610 53.54
1 509 42.358251 -71.105951 0.005189244764 0.003610 53.54
1 510 42.358259 -71.105943 0.005199454354 0.003610 53.54
1 511 42.358266 -71.105936 0.005209664091 0.003610 53.54
1 512 42.358273 -71.105929 0.005219873829 0.003610 53.54
1 513 42.358280 -71.105922 0.005230083566 0.003610 53.54
1 514 42.358287 -71.105915 0.005240293303 0.003610 53.54
1 515 42.358295 -71.105907 0.005250503041 0.003610 53.54
1 516 42.358302 -71.105900 0.005260712922 0.003610 53.54
1 517 42.358309 -71.105893 0.005270922804 0.003610 53.54
1 518 42.358316 -71.105886 0.005281132685 0.003610 53.54
1 519 42.358324 -71.105878 0.005291342566 0.003610 53.54
1 520 42.358331 -71.105871 0.005301552448 0.003610 53.54
1 521 42.358338 -71.105864 0.005311762469 0.003610 53.54
1 522 42.358345 -71.105857 0.005321972490 0.003610 53.54
1 523 42.358352 -71.105850 0.005332182511 0.003610 53.54
1 524 42.358360 -71.105842 0.005342392533 0.003610 53.54
1 525 42.358367 -71.105835 0.005352602554 0.003610 53.54
1 526 42.358374 -71.105828 0.005362812711 0.003610 53.54
1 527 42.358381 -71.105821 0.005373022868 0.003610 53.54
1 528 42.358388 -71.105814 0.005383233025 0.003610 53.54
1 529 42.358396 -71.105806 0.005393443182 0.003610 53.54
1 530 42.358403 -71.105799 0.005403653339 0.003610 53.54
1 531 42.358410 -71.105792 0.005413863627 0.003610 53.54
1 532 42.358417 -71.105785 0.005424073916 0.003610 53.54
1 533 42.358425 -71.105777 0.005434284205 0.003610 53.54
1 534 42.358432 -71.105770 0.005444494493 0.003610 53.54
1 535 42.358439 -71.105763 0.005454704782 0.003610 53.54
1 536 42.358446 -71.105756 0.005464915198 0.003610 53.54
1 537 42.358453 -71.105749 0.005475125615 0.003610 53.54
1 538 42.358461 -71.105741 0.005485336031 0.003610 53.54
1 539 42.358468 -71.105734 0.005495546447 0.003610 53.54
1 540 42.358475 -71.105727 0.005505756863 0.003610 53.54
1 541 42.358482 -71.105720 0.005515967403 0.003610 53.54
1 542 42.358490 -71.105712 0.005526177943 0.003610 53.54
1 543 42.358497 -71.105705 0.005536388482 0.003610 53.54
1 544 42.358504 -71.105698 0.005546599022 0.003610 53.54
1 545 42.358511 -71.105691 0.005556809562 0.003610 53.54
1 546 42.358518 -71.105684 0.005567020221 0.003610 53.54
1 547 42.358526 -71.105676 0.005577230880 0.003610 53.54
1 548 42.358533 -71.105669 0.005587441539 0.003610 53.54
1 549 42.358540 -71.105662 0.005597652198 0.003610 53.54
1 550 42.358547 -71.105655 0.005607862857 0.003610 53.54
1 551 42.358555 -71.105647 0.005618073632 0.003610 53.54
1 552 42.358562 -71.105640 0.005628284406 0.003610 53.54
1 553 42.358569 -71.105633 0.005638495180 0.003610 53.54
1 554 42.358576 -71.105626 0.005648705955 0.003610 53.54
1 555 42.358583 -71.105619 0.005658916729 0.003610 53.54
1 556 42.358591 -71.105611 0.005669127615 0.003610 53.54
1 557 42.358598 -71.105604 0.005679338500 0.003610 53.54
1 558 42.358605 -71.105597 0.005689549386 0.003610 53.54
1 559 42.358612 -71.105590 0.005699760271 0.003610 53.54
1 560 42.358620 -71.105582 0.005709971157 0.003610 53.54
1 561 42.358627 -71.105575 0.005720182150 0.003610 53.54
1 562 42.358634 -71.105568 0.005730393142 0.003610 53.54
1 563 42.358641 -71.105561 0.005740604135 0.003610 53.54
1 564 42.358648 -71.105554 0.005750815128 0.003610 53.54
1 565 42.358656 -71.105546 0.005761026120 0.003610 53.54
1 566 42.358663 -71.105539 0.005771237216 0.003610 53.54
1 567 42.358670 -71.105532 0.005781448312 0.003610 53.54
1 568 42.358677 -71.105525 0.005791659408 0.003610 53.54
1 569 42.358685 -71.105517 0.005801870503 0.003610 53.54
1 570 42.358692 -71.105510 0.005812081599 0.003610 53.54
1 571 42.358699 -71.105503 0.005822292794 0.003610 53.54
1 572 42.358706 -71.105496 0.005832503988 0.003610 53.54
1 573 42.358713 -71.105489 0.005842715183 0.003610 53.54
1 574 42.358721 -71.105481 0.005852926377 0.003610 53.54
1 575 42.358728 -71.105474 0.005863137572 0.003610 53.54
1 576 42.358735 -71.105467 0.005873348861 0.003610 53.54
1 577 42.358742 -71.105460 0.005883560151 0.003610 53.54
1 578 42.358749 -71.105453 0.005893771440 0.003610 53.54
1 579 42.358757 -71.105445 0.005903982730 0.003610 53.54
1 580 42.358764 -71.105438 0.005914194019 0.003610 53.54
1 581 42.358771 -71.105431 0.005924405399 0.003610 53.54
1 582 42.358778 -71.105424 0.005934616779 0.003610 53.54
1 583 42.358786 -71.105416 0.005944828160 0.003610 53.54
1 584 42.358793 -71.105409 0.005955039540 0.003610 53.54
1 585 42.358800 -71.105402 0.005965250920 0.003610 53.54
1 586 42.358807 -71.105395 0.005975462387 0.003610 53.54
1 587 42.358814 -71.105388 0.005985673853 0.003610 53.54
1 588 42.358822 -71.105380 0.005995885320 0.003610 53.54
1 589 42.358829 -71.105373 0.006006096787 0.003610 53.54
1 590 42.358836 -71.105366 0.006016308254 0.003610 53.54
1 591 42.358843 -71.105359 0.006026519803 0.003610 53.54
1 592 42.358851 -71.105351 0.006036731352 0.003610 53.54
1 593 42.358858 -71.105344 0.006046942902 0.003610 53.54
1 594 42.358865 -71.105337 0.006057154451 0.003610 53.54
1 595 42.358872 -71.105330 0.006067366000 0.003610 53.54
1 596 42.358879 -71.105323 0.006077577628 0.003610 53.54
1 597 42.358887 -71.105315 0.006087789256 0.003610 53.54
1 598 42.358894 -71.105308 0.006098000884 0.003610 53.54
1 599 42.358901 -71.105301 0.006108212512 0.003610 53.54
1 600 42.358908 -71.105294 0.006118424139 0.003610 53.54
1 601 42.358916 -71.105286 0.006128635841 0.003610 53.54
1 602 42.358923 -71.105279 0.006138847544 0.003610 53.54
1 603 42.358930 -71.105272 0.006149059246 0.003610 53.54
1 604 42.358937 -71.105265 0.006159270948 0.003610 53.54
1 605 42.358944 -71.105258 0.006169482650 0.003610 53.54
1 606 42.358952 -71.105250 0.006179694422 0.003610 53.54
1 607 42.358959 -71.105243 0.006189906195 0.003610 53.54
1 608 42.358966 -71.105236 0.006200117967 0.003610 53.54
1 609 42.358973 -71.105229 0.006210329740 0.003610 53.54
1 610 42.358981 -71.105221 0.006220541512 0.003610 53.54
1 611 42.358988 -71.105214 0.006230753350 0.003610 53.54
1 612 42.358995 -71.105207 0.006240965189 0.003610 53.54
2 503 42.358208 -71.105994 0.005127987532 0.003610 53.54
2 504 42.358215 -71.105987 0.005138196970 0.003610 53.54
2 505 42.358222 -71.105980 0.005148406407 0.003610 53.54
2 506 42.358230 -71.105972 0.005158615996 0.003610 53.54
2 507 42.358237 -71.105965 0.005168825586 0.003610 53.54
2 508 42.358244 -71.105958 0.005179035175 0.003610 53.54
2 509 42.358251 -71.105951 0.005189244764 0.003610 53.54
2 510 42.358259 -71.105943 0.005199454354 0.003610 53.54
2 511 42.358266 -71.105936 0.005209664091 0.003610 53.54
2 512 42.358273 -71.105929 0.005219873829 0.003610 53.54
2 513 42.358280 -71.105922 0.005230083566 0.003610 53.54
2 514 42.358287 -71.105915 0.005240293303 0.003610 53.54
2 515 42.358295 -71.105907 0.005250503041 0.003610 53.54
2 516 42.358302 -71.105900 0.005260712922 0.003610 53.54
2 517 42.358309 -71.105893 0.005270922804 0.003610 53.54
2 518 42.358316 -71.105886 0.005281132685 0.003610 53.54
2 519 42.358324 -71.105878 0.005291342566 0.003610 53.54
2 520 42.358331 -71.105871 0.005301552448 0.003610 53.54
2 521 42.358338 -71.105864 0.005311762469 0.003610 53.54
2 522 42.358345 -71.105857 0.005321972490 0.003610 53.54
2 523 42.358352 -71.105850 0.005332182511 0.003610 53.54
2 524 42.358360 -71.105842 0.005342392533 0.003610 53.54
2 525 42.358367 -71.105835 0.005352602554 0.003610 53.54
2 526 42.358374 -71.105828 0.005362812711 0.003610 53.54
2 527 42.358381 -71.105821 0.005373022868 0.003610 53.54
2 528 42.358388 -71.105814 0.005383233025 0.003610 53.54
2 529 42.358396 -71.105806 0.005393443182 0.003610 53.54
2 530 42.358403 -71.105799 0.005403653339 0.003610 53.54
2 531 42.358410 -71.105792 0.005413863627 0.003610 53.54
2 532 42.358417 -71.105785 0.005424073916 0.003610 53.54
2 533 42.358425 -71.105777 0.005434284205 0.003610 53.54
2 534 42.358432 -71.105770 0.005444494493 0.003610 53.54
2 535 42.358439 -71.105763 0.005454704782 0.003610 53.54
2 536 42.358446 -71.105756 0.005464915198 0.003610 53.54
2 537 42.358453 -71.105749 0.005475125615 0.003610 53.54
2 538 42.358461 -71.105741 0.005485336031 0.003610 53.54
2 539 42.358468 -71.105734 0.005495546447 0.003610 53.54
2 540 42.358475 -71.105727 0.005505756863 0.003610 53.54
2 541 42.358482 -71.105720 0.005515967403 0.003610 53.54
2 542 42.358490 -71.105712 0.005526177943 0.003610 53.54
2 543 42.358497 -71.105705 0.005536388482 0.003610 53.54
2 544 42.358504 -71.105698 0.005546599022 0.003610 53.54
2 545 42.358511 -71.105691 0.005556809562 0.003610 53.54
2 546 42.358518 -71.105684 0.005567020221 0.003610 53.54
2 547 42.358526 -71.105676 0.005577230880 0.003610 53.54
2 548 42.358533 -71.105669 0.005587441539 0.003610 53.54
2 549 42.358540 -71.105662 0.005597652198 0.003610 53.54
2 550 42.358547 -71.105655 0.005607862857 0.003610 53.54
2 551 42.358555 -71.105647 0.005618073632 0.003610 53.54
2 552 42.358562 -71.105640 0.005628284406 0.003610 53.54
2 553 42.358569 -71.105633 0.005638495180 0.003610 53.54
2 554 42.358576 -71.105626 0.005648705955 0.003610 53.54
2 555 42.358583 -71.105619 0.005658916729 0.003610 53.54
2 556 42.358591 -71.105611 0.005669127615 0.003610 53.54
2 557 42.358598 -71.105604 0.005679338500 0.003610 53.54
2 558 42.358605 -71.105597 0.005689549386 0.003610 53.54
2 559 42.358612 -71.105590 0.005699760271 0.003610 53.54
2 560 42.358620 -71.105582 0.005709971157 0.003610 53.54
2 561 42.358627 -71.105575 0.005720182150 0.003610 53.54
2 562 42.358634 -71.105568 0.005730393142 0.003610 53.54
2 563 42.358641 -71.105561 0.005740604135 0.003610 53.54
2 564 42.358648 -71.105554 0.005750815128 0.003610 53.54
2 565 42.358656 -71.105546 0.005761026120 0.003610 53.54
2 566 42.358663 -71.105539 0.005771237216 0.003610 53.54
2 567 42.358670 -71.105532 0.005781448312 0.003610 53.54
2 568 42.358677 -71.105525 0.005791659408 0.003610 53.54
2 569 42.358685 -71.105517 0.005801870503 0.003610 53.54
2 570 42.358692 -71.105510 0.005812081599 0.003610 53.54
2 571 42.358699 -71.105503 0.005822292794 0.003610 53.54
2 572 42.358706 -71.105496 0.005832503988 0.003610 53.54
2 573 42.358713 -71.105489 0.005842715183 0.003610 53.54
2 574 42.358721 -71.105481 0.005852926377 0.003610 53.54
2 575 42.358728 -71.105474 0.005863137572 0.003610 53.54
2 576 42.358735 -71.105467 0.005873348861 0.003610 53.54
2 577 42.358742 -71.105460 0.005883560151 0.003610 53.54
2 578 42.358749 -71.105453 0.005893771440 0.003610 53.54
2 579 42.358757 -71.105445 0.005903982730 0.003610 53.54
2 580 42.358764 -71.105438 0.005914194019 0.003610 53.54
2 581 42.358771 -71.105431 0.005924405399 0.003610 53.54
2 582 42.358778 -71.105424 0.005934616779 0.003610 53.54
2 583 42.358786 -71.105416 0.005944828160 0.003610 53.54
2 584 42.358793 -71.105409 0.005955039540 0.003610 53.54
2 585 42.358800 -71.105402 0.005965250920 0.003610 53.54
2 586 42.358807 -71.105395 0.005975462387 0.003610 53.54
2 587 42.358814 -71.105388 0.005985673853 0.003610 53.54
2 588 42.358822 -71.105380 0.005995885320 0.003610 53.54
2 589 42.358829 -71.105373 0.006006096787 0.003610 53.54
2 590 42.358836 -71.105366 0.006016308254 0.003610 53.54
2 591 42.358843 -71.105359 0.006026519803 0.003610 53.54
2 592 42.358851 -71.105351 0.006036731352 0.003610 53.54
2 593 42.358858 -71.105344 0.006046942902 0.003610 53.54
2 594 42.358865 -71.105337 0.006057154451 0.003610 53.54
2 595 42.358872 -71.105330 0.006067366000 0.003610 53.54
2 596 42.358879 -71.105323 0.006077577628 0.003610 53.54
2 597 42.358887 -71.105315 0.006087789256 0.003610 53.54
2 598 42.358894 -71.105308 0.006098000884 0.003610 53.54
2 599 42.358901 -71.105301 0.006108212512 0.003610 53.54
2 600 42.358908 -71.105294 0.006118424139 0.003610 53.54
2 601 42.358916 -71.105286 0.006128635841 0.003610 53.54
2 602 42.358923 -71.105279 0.006138847544 0.003610 53.54
2 603 42.358930 -71.105272 0.006149059246 0.003610 53.54
2 604 42.358937 -71.105265 0.006159270948 0.003610 53.54
2 605 42.358944 -71.105258 0.006169482650 0.003610 53.54
2 606 42.358952 -71.105250 0.006179694422 0.003610 53.54
2 607 42.358959 -71.105243 0.006189906195 0.003610 53.54
2 608 42.358966 -71.105236 0.006200117967 0.003610 53.54
2 609 42.358973 -71.105229 0.006210329740 0.003610 53.54
2 610 42.358981 -71.105221 0.006220541512 0.003610 53.54
2 611 42.358988 -71.105214 0.006230753350 0.003610 53.54
2 612 42.358995 -71.105207 0.006240965189 0.003610 53.54
3 503 42.358208 -71.105994 0.005127987532 0.003610 53.54
3 504 42.358215 -71.105987 0.005138196970 0.003610 53.54
3 505 42.358222 -71.105980 0.005148406407 0.003610 53.54
3 506 42.358230 -71.105972 0.005158615996 0.003610 53.54
3 507 42.358237 -71.105965 0.005168825586 0.003610 53.54
3 508 42.358244 -71.105958 0.005179035175 0.003610 53.54
3 509 42.358251 -71.105951 0.005189244764 0.003610 53.54
3 510 42.358259 -71.105943 0.005199454354 0.003610 53.54
3 511 42.358266 -71.105936 0.005209664091 0.003610 53.54
3 512 42.358273 -71.105929 0.005219873829 0.003610 53.54
3 513 42.358280 -71.105922 0.005230083566 0.003610 53.54
3 514 42.358287 -71.105915 0.005240293303 0.003610 53.54
3 515 42.358295 -71.105907 0.005250503041 0.003610 53.54
3 516 42.358302 -71.105900 0.005260712922 0.003610 53.54
3 517 42.358309 -71.105893 0.005270922804 0.003610 53.54
3 518 42.358316 -71.105886 0.005281132685 0.003610 53.54
3 519 42.358324 -71.105878 0.005291342566 0.003610 53.54
3 520 42.358331 -71.105871 0.005301552448 0.003610 53.54
3 521 42.358338 -71.105864 0.005311762469 0.003610 53.54
3 522 42.358345 -71.105857 0.005321972490 0.003610 53.54
3 523 42.358352 -71.105850 0.005332182511 0.003610 53.54
3 524 42.358360 -71.105842 0.005342392533 0.003610 53.54
3 525 42.358367 -71.105835 0.005352602554 0.003610 53.54
3 526 42.358374 -71.105828 0.005362812711 0.003610 53.54
3 527 42.358381 -71.105821 0.005373022868 0.003610 53.54
3 528 42.358388 -71.105814 0.005383233025 0.003610 53.54
3 529 42.358396 -71.105806 0.005393443182 0.003610 53.54
3 530 42.358403 -71.105799 0.005403653339 0.003610 53.54
3 531 42.358410 -71.105792 0.005413863627 0.003610 53.54
3 532 42.358417 -71.105785 0.005424073916 0.003610 53.54
3 533 42.358425 -71.105777 0.005434284205 0.003610 53.54
3 534 42.358432 -71.105770 0.005444494493 0.003610 53.54
3 535 42.358439 -71.105763 0.005454704782 0.003610 53.54
3 536 42.358446 -71.105756 0.005464915198 0.003610 53.54
3 537 42.358453 -71.105749 0.005475125615 0.003610 53.54
3 538 42.358461 -71.105741 0.005485336031 0.003610 53.54
3 539 42.358468 -71.105734 0.005495546447 0.003610 53.54
3 540 42.358475 -71.105727 0.005505756863 0.003610 53.54
3 541 42.358482 -71.105720 0.005515967403 0.003610 53.54
3 542 42.358490 -71.105712 0.005526177943 0.003610 53.54
3 543 42.358497 -71.105705 0.005536388482 0.003610 53.54
3 544 42.358504 -71.105698 0.005546599022 0.003610 53.54
3 545 42.358511 -71.105691 0.005556809562 0.003610 53.54
3 546 42.358518 -71.105684 0.005567020221 0.003610 53.54
3 547 42.358526 -71.105676 0.005577230880 0.003610 53.54
3 548 42.358533 -71.105669 0.005587441539 0.003610 53.54
3 549 42.358540 -71.105662 0.005597652198 0.003610 53.54
3 550 42.358547 -71.105655 0.005607862857 0.003610 53.54
3 551 42.358555 -71.105647 0.005618073632 0.003610 53.54
3 552 42.358562 -71.105640 0.005628284406 0.003610 53.54
3 553 42.358569 -71.105633 0.005638495180 0.003610 53.54
3 554 42.358576 -71.105626 0.005648705955 0.003610 53.54
3 555 42.358583 -71.105619 0.005658916729 0.003610 53.54
3 556 42.358591 -71.105611 0.005669127615 0.003610 53.54
3 557 42.358598 -71.105604 0.005679338500 0.003610 53.54
3 558 42.358605 -71.105597 0.005689549386 0.003610 53.54
3 559 42.358612 -71.105590 0.005699760271 0.003610 53.54
3 560 42.358620 -71.105582 0.005709971157 0.003610 53.54
3 561 42.358627 -71.105575 0.005720182150 0.003610 53.54
3 562 42.358634 -71.105568 0.005730393142 0.003610 53.54
3 563 42.358641 -71.105561 0.005740604135 0.003610 53.54
3 564 42.358648 -71.105554 0.005750815128 0.003610 53.54
3 565 42.358656 -71.105546 0.005761026120 0.003610 53.54
3 566 42.358663 -71.105539 0.005771237216 0.003610 53.54
3 567 42.358670 -71.105532 0.005781448312 0.003610 53.54
3 568 42.358677 -71.105525 0.005791659408 0.003610 53.54
3 569 42.358685 -71.105517 0.005801870503 0.003610 53.54
3 570 42.358692 -71.105510 0.005812081599 0.003610 53.54
3 571 42.358699 -71.105503 0.005822292794 0.003610 53.54
3 572 42.358706 -71.105496 0.005832503988 0.003610 53.54
3 573 42.358713 -71.105489 0.005842715183 0.003610 53.54
3 574 42.358721 -71.105481 0.005852926377 0.003610 53.54
3 575 42.358728 -71.105474 0.005863137572 0.003610 53.54
3 576 42.358735 -71.105467 0.005873348861 0.003610 53.54
3 577 42.358742 -71.105460 0.005883560151 0.003610 53.54
3 578 42.358749 -71.105453 0.005893771440 0.003610 53.54
3 579 42.358757 -71.105445 0.005903982730 0.003610 53.54
3 580 42.358764 -71.105438 0.005914194019 0.003610 53.54
3 581 42.358771 -71.105431 0.005924405399 0.003610 53.54
3 582 42.358778 -71.105424 0.005934616779 0.003610 53.54
3 583 42.358786 -71.105416 0.005944828160 0.003610 53.54
3 584 42.358793 -71.105409 0.005955039540 0.003610 53.54
3 585 42.358800 -71.105402 0.005965250920 0.003610 53.54
3 586 42.358807 -71.105395 0.005975462387 0.003610 53.54
3 587 42.358814 -71.105388 0.005985673853 0.003610 53.54
3 588 42.358822 -71.105380 0.005995885320 0.003610 53.54
3 589 42.358829 -71.105373 0.006006096787 0.003610 53.54
3 590 42.358836 -71.105366 0.006016308254 0.003610 53.54
3 591 42.358843 -71.105359 0.006026519803 0.003610 53.54
3 592 42.358851 -71.105351 0.006036731352 0.003610 53.54
3 593 42.358858 -71.105344 0.006046942902 0.003610 53.54
3 594 42.358865 -71.105337 0.006057154451 0.003610 53.54
3 595 42.358872 -71.105330 0.006067366000 0.003610 53.54
3 596 42.358879 -71.105323 0.006077577628 0.003610 53.54
3 597 42.358887 -71.105315 0.006087789256 0.003610 53.54
3 598 42.358894 -71.105308 0.006098000884 0.003610 53.54
3 599 42.358901 -71.105301 0.006108212512 0.003610 53.54
3 600 42.358908 -71.105294 0.006118424139 0.003610 53.54
3 601 42.358916 -71.105286 0.006128635841 0.003610 53.54
3 602 42.358923 -71.105279 0.006138847544 0.003610 53.54
3 603 42.358930 -71.105272 0.006149059246 0.003610 53.54
3 604 42.358937 -71.105265 0.006159270948 0.003610 53.54
3 605 42.358944 -71.105258 0.006169482650 0.003610 53.54
3 606 42.358952 -71.105250 0.006179694422 0.003610 53.54
3 607 42.358959 -71.105243 0.006189906195 0.003610 53.54
3 608 42.358966 -71.105236 0.006200117967 0.003610 53.54
3 609 42.358973 -71.105229 0.006210329740 0.003610 53.54
3 610 42.358981 -71.105221 0.006220541512 0.003610 53.54
3 611 42.358988 -71.105214 0.006230753350 0.003610 53.54
3 612 42.358995 -71.105207 0.006240965189 0.003610 53.54
4 503 42.358208 -71.105994 0.005127987532 0.003610 53.54
4 504 42.358215 -71.105987 0.005138196970 0.003610 53.54
4 505 42.358222 -71.105980 0.005148406407 0.003610 53.54
4 506 42.358230 -71.105972 0.005158615996 0.003610 53.54
4 507 42.358237 -71.105965 0.005168825586 0.003610 53.54
4 508 42.358244 -71.105958 0.005179035175 0.003610 53.54
4 509 42.358251 -71.105951 0.005189244764 0.003610 53.54
4 510 42.358259 -71.105943 0.005199454354 0.003610 53.54
4 511 42.358266 -71.105936 0.005209664091 0.003610 53.54
4 512 42.358273 -71.105929 0.005219873829 0.003610 53.54
4 513 42.358280 -71.105922 0.005230083566 0.003610 53.54
4 514 42.358287 -71.105915 0.005240293303 0.003610 53.54
4 515 42.358295 -71.105907 0.005250503041 0.003610 53.54
4 516 42.358302 -71.105900 0.005260712922 0.003610 53.54
4 517 42.358309 -71.105893 0.005270922804 0.003610 53.54
4 518 42.358316 -71.105886 0.005281132685 0.003610 53.54
4 519 42.358324 -71.105878 0.005291342566 0.003610 53.54
4 520 42.358331 -71.105871 0.005301552448 0.003610 53.54
4 521 42.358338 -71.105864 0.005311762469 0.003610 53.54
4 522 42.358345 -71.105857 0.005321972490 0.003610 53.54
4 523 42.358352 -71.105850 0.005332182511 0.003610 53.54
4 524 42.358360 -71.105842 0.005342392533 0.003610 53.54
4 525 42.358367 -71.105835 0.005352602554 0.003610 53.54
4 526 42.358374 -71.105828 0.005362812711 0.003610 53.54
4 527 42.358381 -71.105821 0.005373022868 0.003610 53.54
4 528 42.358388 -71.105814 0.005383233025 0.003610 53.54
4 529 42.358396 -71.105806 0.005393443182 0.003610 53.54
4 530 42.358403 -71.105799 0.005403653339 0.003610 53.54
4 531 42.358410 -71.105792 0.005413863627 0.003610 53.54
4 532 42.358417 -71.105785 0.005424073916 0.003610 53.54
4 533 42.358425 -71.105777 0.005434284205 0.003610 53.54
4 534 42.358432 -71.105770 0.005444494493 0.003610 53.54
4 535 42.358439 -71.105763 0.005454704782 0.003610 53.54
4 536 42.358446 -71.105756 0.005464915198 0.003610 53.54
4 537 42.358453 -71.105749 0.005475125615 0.003610 53.54
4 538 42.358461 -71.105741 0.005485336031 0.003610 53.54
4 539 42.358468 -71.105734 0.005495546447 0.003610 53.54
4 540 42.358475 -71.105727 0.005505756863 0.003610 53.54
4 541 42.358482 -71.105720 0.005515967403 0.003610 53.54
4 542 42.358490 -71.105712 0.005526177943 0.003610 53.54
4 543 42.358497 -71.105705 0.005536388482 0.003610 53.54
4 544 42.358504 -71.105698 0.005546599022 0.003610 53.54
4 545 42.358511 -71.105691 0.005556809562 0.003610 53.54
4 546 42.358518 -71.105684 0.005567020221 0.003610 53.54
4 547 42.358526 -71.105676 0.005577230880 0.003610 53.54
4 548 42.358533 -71.105669 0.005587441539 0.003610 53.54
4 549 42.358540 -71.105662 0.005597652198 0.003610 53.54
4 550 42.358547 -71.105655 0.005607862857 0.003610 53.54
4 551 42.358555 -71.105647 0.005618073632 0.003610 53.54
4 552 42.358562 -71.105640 0.005628284406 0.003610 53.54
4 553 42.358569 -71.105633 0.005638495180 0.003610 53.54
4 554 42.358576 -71.105626 0.005648705955 0.003610 53.54
4 555 42.358583 -71.105619 0.005658916729 0.003610 53.54
4 556 42.358591 -71.105611 0.005669127615 0.003610 53.54
4 557 42.358598 -71.105604 0.005679338500 0.003610 53.54
4 558 42.358605 -71.105597 0.005689549386 0.003610 53.54
4 559 42.358612 -71.105590 0.005699760271 0.003610 53.54
4 560 42.358620 -71.105582 0.005709971157 0.003610 53.54
4 561 42.358627 -71.105575 0.005720182150 0.003610 53.54
4 562 42.358634 -71.105568 0.005730393142 0.003610 53.54
4 563 42.358641 -71.105561 0.005740604135 0.003610 53.54
4 564 42.358648 -71.105554 0.005750815128 0.003610 53.54
4 565 42.358656 -71.105546 0.005761026120 0.003610 53.54
4 566 42.358663 -71.105539 0.005771237216 0.003610 53.54
4 567 42.358670 -71.105532 0.005781448312 0.003610 53.54
4 568 42.358677 -71.105525 0.005791659408 0.003610 53.54
4 569 42.358685 -71.105517 0.005801870503 0.003610 53.54
4 570 42.358692 -71.105510 0.005812081599 0.003610 53.54
4 571 42.358699 -71.105503 0.005822292794 0.003610 53.54
4 572 42.358706 -71.105496 0.005832503988 0.003610 53.54
4 573 42.358713 -71.105489 0.005842715183 0.003610 53.54
4 574 42.358721 -71.105481 0.005852926377 0.003610 53.54
4 575 42.358728 -71.105474 0.005863137572 0.003610 53.54
4 576 42.358735 -71.105467 0.005873348861 0.003610 53.54
4 577 42.358742 -71.105460 0.005883560151 0.003610 53.54
4 578 42.358749 -71.105453 0.005893771440 0.003610 53.54
4 579 42.358757 -71.105445 0.005903982730 0.003610 53.54
4 580 42.358764 -71.105438 0.005914194019 0.003610 53.54
4 581 42.358771 -71.105431 0.005924405399 0.003610 53.54
4 582 42.358778 -71.105424 0.005934616779 0.003610 53.54
4 583 42.358786 -71.105416 0.005944828160 0.003610 53.54
4 584 42.358793 -71.105409 0.005955039540 0.003610 53.54
4 585 42.358800 -71.105402 0.005965250920 0.003610 53.54
4 586 42.358807 -71.105395 0.005975462387 0.003610 53.54
4 587 42.358814 -71.105388 0.005985673853 0.003610 53.54
4 588 42.358822 -71.105380 0.005995885320 0.003610 53.54
4 589 42.358829 -71.105373 0.006006096787 0.003610 53.54
4 590 42.358836 -71.105366 0.006016308254 0.003610 53.54
4 591 42.358843 -71.105359 0.006026519803 0.003610 53.54
4 592 42.358851 -71.105351 0.006036731352 0.003610 53.54
4 593 42.358858 -71.105344 0.006046942902 0.003610 53.54
4 594 42.358865 -71.105337 0.006057154451 0.003610 53.54
4 595 42.358872 -71.105330 0.006067366000 0.003610 53.54
4 596 42.358879 -71.105323 0.006077577628 0.003610 53.54
4 597 42.358887 -71.105315 0.006087789256 0.003610 53.54
4 598 42.358894 -71.105308 0.006098000884 0.003610 53.54
4 599 42.358901 -71.105301 0.006108212512 0.003610 53.54
4 600 42.358908 -71.105294 0.006118424139 0.003610 53.54
4 601 42.358916 -71.105286 0.006128635841 0.003610 53.54
4 602 42.358923 -71.105279 0.006138847544 0.003610 53.54
4 603 42.358930 -71.105272 0.006149059246 0.003610 53.54
4 604 42.358937 -71.105265 0.006159270948 0.003610 53.54
4 605 42.358944 -71.105258 0.006169482650 0.003610 53.54
4 606 42.358952 -71.105250 0.006179694422 0.003610 53.54
4 607 42.358959 -71.105243 0.006189906195 0.003610 53.54
4 608 42.358966 -71.105236 0.006200117967 0.003610 53.54
4 609 42.358973 -71.105229 0.006210329740 0.003610 53.54
4 610 42.358981 -71.105221 0.006220541512 0.003610 53.54
4 611 42.358988 -71.105214 0.006230753350 0.003610 53.54
4 612 42.358995 -71.105207 0.006240965189 0.003610 53.54
