1 59 42.355007 -71.109195 0.000600412952 0.003599 53.54
1 60 42.355014 -71.109188 0.000610592434 0.003599 53.54
1 61 42.355021 -71.109181 0.000620772434 0.003599 53.54
1 62 42.355028 -71.109174 0.000630952434 0.003599 53.54
1 63 42.355035 -71.109167 0.000641132434 0.003599 53.54
1 64 42.355043 -71.109159 0.000651312434 0.003599 53.54
1 65 42.355050 -71.109152 0.000661492434 0.003599 53.54
1 66 42.355057 -71.109145 0.000671672946 0.003599 53.54
1 67 42.355064 -71.109138 0.000681853459 0.003599 53.54
1 68 42.355071 -71.109131 0.000692033972 0.003599 53.54
1 69 42.355079 -71.109123 0.000702214485 0.003599 53.54
1 70 42.355086 -71.109116 0.000712394998 0.003600 53.54
1 71 42.355093 -71.109109 0.000722576020 0.003600 53.54
1 72 42.355100 -71.109102 0.000732757041 0.003600 53.54
1 73 42.355107 -71.109095 0.000742938063 0.003600 53.54
1 74 42.355115 -71.109087 0.000753119085 0.003600 53.54
1 75 42.355122 -71.109080 0.000763300107 0.003600 53.54
1 76 42.355129 -71.109073 0.000773481633 0.003600 53.54
1 77 42.355136 -71.109066 0.000783663160 0.003600 53.54
1 78 42.355143 -71.109059 0.000793844686 0.003600 53.54
1 79 42.355150 -71.109052 0.000804026213 0.003600 53.54
1 80 42.355158 -71.109044 0.000814207740 0.003600 53.54
1 81 42.355165 -71.109037 0.000824389767 0.003600 53.54
1 82 42.355172 -71.109030 0.000834571794 0.003600 53.54
1 83 42.355179 -71.109023 0.000844753821 0.003600 53.54
1 84 42.355186 -71.109016 0.000854935849 0.003600 53.54
1 85 42.355194 -71.109008 0.000865117876 0.003600 53.54
1 86 42.355201 -71.109001 0.000875300400 0.003600 53.54
2 59 42.355007 -71.109195 0.000600412952 0.003599 53.54
2 60 42.355014 -71.109188 0.000610592434 0.003599 53.54
2 61 42.355021 -71.109181 0.000620772434 0.003599 53.54
2 62 42.355028 -71.109174 0.000630952434 0.003599 53.54
2 63 42.355035 -71.109167 0.000641132434 0.003599 53.54
2 64 42.355043 -71.109159 0.000651312434 0.003599 53.54
2 65 42.355050 -71.109152 0.000661492434 0.003599 53.54
2 66 42.355057 -71.109145 0.000671672946 0.003599 53.54
2 67 42.355064 -71.109138 0.000681853459 0.003599 53.54
2 68 42.355071 -71.109131 0.000692033972 0.003599 53.54
2 69 42.355079 -71.109123 0.000702214485 0.003599 53.54
2 70 42.355086 -71.109116 0.000712394998 0.003600 53.54
2 71 42.355093 -71.109109 0.000722576020 0.003600 53.54
2 72 42.355100 -71.109102 0.000732757041 0.003600 53.54
2 73 42.355107 -71.109095 0.000742938063 0.003600 53.54
2 74 42.355115 -71.109087 0.000753119085 0.003600 53.54
2 75 42.355122 -71.109080 0.000763300107 0.003600 53.54
2 76 42.355129 -71.109073 0.000773481633 0.003600 53.54
2 77 42.355136 -71.109066 0.000783663160 0.003600 53.54
2 78 42.355143 -71.109059 0.000793844686 0.003600 53.54
2 79 42.355150 -71.109052 0.000804026213 0.003600 53.54
2 80 42.355158 -71.109044 0.000814207740 0.003600 53.54
2 81 42.355165 -71.109037 0.000824389767 0.003600 53.54
2 82 42.355172 -71.109030 0.000834571794 0.003600 53.54
2 83 42.355179 -71.109023 0.000844753821 0.003600 53.54
2 84 42.355186 -71.109016 0.000854935849 0.003600 53.54
2 85 42.355194 -71.109008 0.000865117876 0.003600 53.54
2 86 42.355201 -71.109001 0.000875300400 0.003600 53.54
3 59 42.355007 -71.109195 0.000600412952 0.003599 53.54
3 60 42.355014 -71.109188 0.000610592434 0.003599 53.54
3 61 42.355021 -71.109181 0.000620772434 0.003599 53.54
3 62 42.355028 -71.109174 0.000630952434 0.003599 53.54
3 63 42.355035 -71.109167 0.000641132434 0.003599 53.54
3 64 42.355043 -71.109159 0.000651312434 0.003599 53.54
3 65 42.355050 -71.109152 0.000661492434 0.003599 53.54
3 66 42.355057 -71.109145 0.000671672946 0.003599 53.54
3 67 42.355064 -71.109138 0.000681853459 0.003599 53.54
3 68 42.355071 -71.109131 0.000692033972 0.003599 53.54
3 69 42.355079 -71.109123 0.000702214485 0.003599 53.54
3 70 42.355086 -71.109116 0.000712394998 0.003600 53.54
3 71 42.355093 -71.109109 0.000722576020 0.003600 53.54
3 72 42.355100 -71.109102 0.000732757041 0.003600 53.54
3 73 42.355107 -71.109095 0.000742938063 0.003600 53.54
3 74 42.355115 -71.109087 0.000753119085 0.003600 53.54
3 75 42.355122 -71.109080 0.000763300107 0.003600 53.54
3 76 42.355129 -71.109073 0.000773481633 0.003600 53.54
3 77 42.355136 -71.109066 0.000783663160 0.003600 53.54
3 78 42.355143 -71.109059 0.000793844686 0.003600 53.54
3 79 42.355150 -71.109052 0.000804026213 0.003600 53.54
3 80 42.355158 -71.109044 0.000814207740 0.003600 53.54
3 81 42.355165 -71.109037 0.000824389767 0.003600 53.54
3 82 42.355172 -71.109030 0.000834571794 0.003600 53.54
3 83 42.355179 -71.109023 0.000844753821 0.003600 53.54
3 84 42.355186 -71.109016 0.000854935849 0.003600 53.54
3 85 42.355194 -71.109008 0.000865117876 0.003600 53.54
3 86 42.355201 -71.109001 0.000875300400 0.003600 53.54
4 59 42.355007 -71.109195 0.000600412952 0.003599 53.54
4 60 42.355014 -71.109188 0.000610592434 0.003599 53.54
4 61 42.355021 -71.109181 0.000620772434 0.003599 53.54
4 62 42.355028 -71.109174 0.000630952434 0.003599 53.54
4 63 42.355035 -71.109167 0.000641132434 0.003599 53.54
4 64 42.355043 -71.109159 0.000651312434 0.003599 53.54
4 65 42.355050 -71.109152 0.000661492434 0.003599 53.54
4 66 42.355057 -71.109145 0.000671672946 0.003599 53.54
4 67 42.355064 -71.109138 0.000681853459 0.003599 53.54
4 68 42.355071 -71.109131 0.000692033972 0.003599 53.54
4 69 42.355079 -71.109123 0.000702214485 0.003599 53.54
4 70 42.355086 -71.109116 0.000712394998 0.003600 53.54
4 71 42.355093 -71.109109 0.000722576020 0.003600 53.54
4 72 42.355100 -71.109102 0.000732757041 0.003600 53.54
4 73 42.355107 -71.109095 0.000742938063 0.003600 53.54
4 74 42.355115 -71.109087 0.000753119085 0.003600 53.54
4 75 42.355122 -71.109080 0.000763300107 0.003600 53.54
4 76 42.355129 -71.109073 0.000773481633 0.003600 53.54
4 77 42.355136 -71.109066 0.000783663160 0.003600 53.54
4 78 42.355143 -71.109059 0.000793844686 0.003600 53.54
4 79 42.355150 -71.109052 0.000804026213 0.003600 53.54
4 80 42.355158 -71.109044 0.000814207740 0.003600 53.54
4 81 42.355165 -71.109037 0.000824389767 0.003600 53.54
4 82 42.355172 -71.109030 0.000834571794 0.003600 53.54
4 83 42.355179 -71.109023 0.000844753821 0.003600 53.54
4 84 42.355186 -71.109016 0.000854935849 0.003600 53.54
4 85 42.355194 -71.109008 0.000865117876 0.003600 53.54
4 86 42.355201 -71.109001 0.000875300400 0.003600 53.54
