1 225 42.356202 -71.108000 0.002291534707 0.003604 53.54
1 226 42.356210 -71.107992 0.002301729467 0.003604 53.54
1 227 42.356217 -71.107985 0.002311924228 0.003604 53.54
1 228 42.356224 -71.107978 0.002322118989 0.003604 53.54
1 229 42.356231 -71.107971 0.002332313750 0.003604 53.54
1 230 42.356238 -71.107964 0.002342508510 0.003605 53.54
1 231 42.356246 -71.107956 0.002352703649 0.003605 53.54
1 232 42.356253 -71.107949 0.002362898787 0.003605 53.54
1 233 42.356260 -71.107942 0.002373093925 0.003605 53.54
1 234 42.356267 -71.107935 0.002383289064 0.003605 53.54
1 235 42.356274 -71.107928 0.002393484202 0.003605 53.54
1 236 42.356282 -71.107920 0.002403679714 0.003605 53.54
1 237 42.356289 -71.107913 0.002413875225 0.003605 53.54
1 238 42.356296 -71.107906 0.002424070737 0.003605 53.54
1 239 42.356303 -71.107899 0.002434266249 0.003605 53.54
1 240 42.356310 -71.107892 0.002444461760 0.003605 53.54
1 241 42.356318 -71.107884 0.002454657641 0.003605 53.54
1 242 42.356325 -71.107877 0.002464853522 0.003605 53.54
1 243 42.356332 -71.107870 0.002475049403 0.003605 53.54
1 244 42.356339 -71.107863 0.002485245285 0.003605 53.54
1 245 42.356347 -71.107855 0.002495441166 0.003605 53.54
1 246 42.356354 -71.107848 0.002505637412 0.003605 53.54
1 247 42.356361 -71.107841 0.002515833658 0.003605 53.54
1 248 42.356368 -71.107834 0.002526029904 0.003605 53.54
1 249 42.356375 -71.107827 0.002536226150 0.003605 53.54
1 250 42.356383 -71.107819 0.002546422397 0.003605 53.54
1 251 42.356390 -71.107812 0.002556619004 0.003605 53.54
1 252 42.356397 -71.107805 0.002566815611 0.003605 53.54
1 253 42.356404 -71.107798 0.002577012219 0.003605 53.54
1 254 42.356411 -71.107791 0.002587208826 0.003605 53.54
1 255 42.356419 -71.107783 0.002597405434 0.003605 53.54
1 256 42.356426 -71.107776 0.002607602398 0.003605 53.54
1 257 42.356433 -71.107769 0.002617799362 0.003605 53.54
1 258 42.356440 -71.107762 0.002627996327 0.003605 53.54
1 259 42.356447 -71.107755 0.002638193291 0.003605 53.54
1 260 42.356455 -71.107747 0.002648390255 0.003605 53.54
1 261 42.356462 -71.107740 0.002658587573 0.003605 53.54
1 262 42.356469 -71.107733 0.002668784890 0.003605 53.54
1 263 42.356476 -71.107726 0.002678982207 0.003605 53.54
1 264 42.356484 -71.107718 0.002689179525 0.003605 53.54
1 265 42.356491 -71.107711 0.002699376842 0.003605 53.54
1 266 42.356498 -71.107704 0.002709574508 0.003605 53.54
1 267 42.356505 -71.107697 0.002719772174 0.003605 53.54
1 268 42.356512 -71.107690 0.002729969840 0.003605 53.54
1 269 42.356520 -71.107682 0.002740167506 0.003605 53.54
1 270 42.356527 -71.107675 0.002750365172 0.003606 53.54
1 271 42.356534 -71.107668 0.002760563183 0.003606 53.54
1 272 42.356541 -71.107661 0.002770761194 0.003606 53.54
1 273 42.356548 -71.107654 0.002780959205 0.003606 53.54
1 274 42.356556 -71.107646 0.002791157215 0.003606 53.54
1 275 42.356563 -71.107639 0.002801355226 0.003606 53.54
1 276 42.356570 -71.107632 0.002811553578 0.003606 53.54
1 277 42.356577 -71.107625 0.002821751929 0.003606 53.54
1 278 42.356584 -71.107618 0.002831950281 0.003606 53.54
1 279 42.356592 -71.107610 0.002842148632 0.003606 53.54
1 280 42.356599 -71.107603 0.002852346983 0.003606 53.54
1 281 42.356606 -71.107596 0.002862545671 0.003606 53.54
1 282 42.356613 -71.107589 0.002872744359 0.003606 53.54
1 283 42.356621 -71.107581 0.002882943047 0.003606 53.54
1 284 42.356628 -71.107574 0.002893141735 0.003606 53.54
1 285 42.356635 -71.107567 0.002903340423 0.003606 53.54
1 286 42.356642 -71.107560 0.002913539443 0.003606 53.54
1 287 42.356649 -71.107553 0.002923738464 0.003606 53.54
1 288 42.356657 -71.107545 0.002933937484 0.003606 53.54
1 289 42.356664 -71.107538 0.002944136504 0.003606 53.54
1 290 42.356671 -71.107531 0.002954335525 0.003606 53.54
1 291 42.356678 -71.107524 0.002964534873 0.003606 53.54
1 292 42.356685 -71.107517 0.002974734222 0.003606 53.54
1 293 42.356693 -71.107509 0.002984933571 0.003606 53.54
1 294 42.356700 -71.107502 0.002995132919 0.003606 53.54
1 295 42.356707 -71.107495 0.003005332268 0.003606 53.54
1 296 42.356714 -71.107488 0.003015531941 0.003606 53.54
1 297 42.356721 -71.107481 0.003025731614 0.003606 53.54
1 298 42.356729 -71.107473 0.003035931286 0.003606 53.54
1 299 42.356736 -71.107466 0.003046130959 0.003606 53.54
1 300 42.356743 -71.107459 0.003056330632 0.003606 53.54
1 301 42.356750 -71.107452 0.003066530625 0.003606 53.54
1 302 42.356758 -71.107444 0.003076730618 0.003606 53.54
1 303 42.356765 -71.107437 0.003086930611 0.003606 53.54
1 304 42.356772 -71.107430 0.003097130604 0.003606 53.54
1 305 42.356779 -71.107423 0.003107330597 0.003606 53.54
1 306 42.356786 -71.107416 0.003117530906 0.003606 53.54
1 307 42.356794 -71.107408 0.003127731215 0.003606 53.54
1 308 42.356801 -71.107401 0.003137931524 0.003606 53.54
1 309 42.356808 -71.107394 0.003148131833 0.003606 53.54
1 310 42.356815 -71.107387 0.003158332142 0.003606 53.54
1 311 42.356822 -71.107380 0.003168532763 0.003606 53.54
1 312 42.356830 -71.107372 0.003178733384 0.003606 53.54
1 313 42.356837 -71.107365 0.003188934004 0.003606 53.54
1 314 42.356844 -71.107358 0.003199134625 0.003606 53.54
1 315 42.356851 -71.107351 0.003209335246 0.003607 53.54
1 316 42.356859 -71.107343 0.003219536175 0.003607 53.54
1 317 42.356866 -71.107336 0.003229737104 0.003607 53.54
1 318 42.356873 -71.107329 0.003239938032 0.003607 53.54
1 319 42.356880 -71.107322 0.003250138961 0.003607 53.54
1 320 42.356887 -71.107315 0.003260339890 0.003607 53.54
1 321 42.356895 -71.107307 0.003270541122 0.003607 53.54
1 322 42.356902 -71.107300 0.003280742355 0.003607 53.54
1 323 42.356909 -71.107293 0.003290943587 0.003607 53.54
1 324 42.356916 -71.107286 0.003301144819 0.003607 53.54
1 325 42.356923 -71.107279 0.003311346052 0.003607 53.54
1 326 42.356931 -71.107271 0.003321547584 0.003607 53.54
1 327 42.356938 -71.107264 0.003331749116 0.003607 53.54
1 328 42.356945 -71.107257 0.003341950648 0.003607 53.54
1 329 42.356952 -71.107250 0.003352152180 0.003607 53.54
1 330 42.356960 -71.107242 0.003362353712 0.003607 53.54
1 331 42.356967 -71.107235 0.003372555539 0.003607 53.54
1 332 42.356974 -71.107228 0.003382757367 0.003607 53.54
1 333 42.356981 -71.107221 0.003392959194 0.003607 53.54
1 334 42.356988 -71.107214 0.003403161022 0.003607 53.54
1 335 42.356996 -71.107206 0.003413362850 0.003607 53.54
2 225 42.356202 -71.108000 0.002291534707 0.003604 53.54
2 226 42.356210 -71.107992 0.002301729467 0.003604 53.54
2 227 42.356217 -71.107985 0.002311924228 0.003604 53.54
2 228 42.356224 -71.107978 0.002322118989 0.003604 53.54
2 229 42.356231 -71.107971 0.002332313750 0.003604 53.54
2 230 42.356238 -71.107964 0.002342508510 0.003605 53.54
2 231 42.356246 -71.107956 0.002352703649 0.003605 53.54
2 232 42.356253 -71.107949 0.002362898787 0.003605 53.54
2 233 42.356260 -71.107942 0.002373093925 0.003605 53.54
2 234 42.356267 -71.107935 0.002383289064 0.003605 53.54
2 235 42.356274 -71.107928 0.002393484202 0.003605 53.54
2 236 42.356282 -71.107920 0.002403679714 0.003605 53.54
2 237 42.356289 -71.107913 0.002413875225 0.003605 53.54
2 238 42.356296 -71.107906 0.002424070737 0.003605 53.54
2 239 42.356303 -71.107899 0.002434266249 0.003605 53.54
2 240 42.356310 -71.107892 0.002444461760 0.003605 53.54
2 241 42.356318 -71.107884 0.002454657641 0.003605 53.54
2 242 42.356325 -71.107877 0.002464853522 0.003605 53.54
2 243 42.356332 -71.107870 0.002475049403 0.003605 53.54
2 244 42.356339 -71.107863 0.002485245285 0.003605 53.54
2 245 42.356347 -71.107855 0.002495441166 0.003605 53.54
2 246 42.356354 -71.107848 0.002505637412 0.003605 53.54
2 247 42.356361 -71.107841 0.002515833658 0.003605 53.54
2 248 42.356368 -71.107834 0.002526029904 0.003605 53.54
2 249 42.356375 -71.107827 0.002536226150 0.003605 53.54
2 250 42.356383 -71.107819 0.002546422397 0.003605 53.54
2 251 42.356390 -71.107812 0.002556619004 0.003605 53.54
2 252 42.356397 -71.107805 0.002566815611 0.003605 53.54
2 253 42.356404 -71.107798 0.002577012219 0.003605 53.54
2 254 42.356411 -71.107791 0.002587208826 0.003605 53.54
2 255 42.356419 -71.107783 0.002597405434 0.003605 53.54
2 256 42.356426 -71.107776 0.002607602398 0.003605 53.54
2 257 42.356433 -71.107769 0.002617799362 0.003605 53.54
2 258 42.356440 -71.107762 0.002627996327 0.003605 53.54
2 259 42.356447 -71.107755 0.002638193291 0.003605 53.54
2 260 42.356455 -71.107747 0.002648390255 0.003605 53.54
2 261 42.356462 -71.107740 0.002658587573 0.003605 53.54
2 262 42.356469 -71.107733 0.002668784890 0.003605 53.54
2 263 42.356476 -71.107726 0.002678982207 0.003605 53.54
2 264 42.356484 -71.107718 0.002689179525 0.003605 53.54
2 265 42.356491 -71.107711 0.002699376842 0.003605 53.54
2 266 42.356498 -71.107704 0.002709574508 0.003605 53.54
2 267 42.356505 -71.107697 0.002719772174 0.003605 53.54
2 268 42.356512 -71.107690 0.002729969840 0.003605 53.54
2 269 42.356520 -71.107682 0.002740167506 0.003605 53.54
2 270 42.356527 -71.107675 0.002750365172 0.003606 53.54
2 271 42.356534 -71.107668 0.002760563183 0.003606 53.54
2 272 42.356541 -71.107661 0.002770761194 0.003606 53.54
2 273 42.356548 -71.107654 0.002780959205 0.003606 53.54
2 274 42.356556 -71.107646 0.002791157215 0.003606 53.54
2 275 42.356563 -71.107639 0.002801355226 0.003606 53.54
2 276 42.356570 -71.107632 0.002811553578 0.003606 53.54
2 277 42.356577 -71.107625 0.002821751929 0.003606 53.54
2 278 42.356584 -71.107618 0.002831950281 0.003606 53.54
2 279 42.356592 -71.107610 0.002842148632 0.003606 53.54
2 280 42.356599 -71.107603 0.002852346983 0.003606 53.54
2 281 42.356606 -71.107596 0.002862545671 0.003606 53.54
2 282 42.356613 -71.107589 0.002872744359 0.003606 53.54
2 283 42.356621 -71.107581 0.002882943047 0.003606 53.54
2 284 42.356628 -71.107574 0.002893141735 0.003606 53.54
2 285 42.356635 -71.107567 0.002903340423 0.003606 53.54
2 286 42.356642 -71.107560 0.002913539443 0.003606 53.54
2 287 42.356649 -71.107553 0.002923738464 0.003606 53.54
2 288 42.356657 -71.107545 0.002933937484 0.003606 53.54
2 289 42.356664 -71.107538 0.002944136504 0.003606 53.54
2 290 42.356671 -71.107531 0.002954335525 0.003606 53.54
2 291 42.356678 -71.107524 0.002964534873 0.003606 53.54
2 292 42.356685 -71.107517 0.002974734222 0.003606 53.54
2 293 42.356693 -71.107509 0.002984933571 0.003606 53.54
2 294 42.356700 -71.107502 0.002995132919 0.003606 53.54
2 295 42.356707 -71.107495 0.003005332268 0.003606 53.54
2 296 42.356714 -71.107488 0.003015531941 0.003606 53.54
2 297 42.356721 -71.107481 0.003025731614 0.003606 53.54
2 298 42.356729 -71.107473 0.003035931286 0.003606 53.54
2 299 42.356736 -71.107466 0.003046130959 0.003606 53.54
2 300 42.356743 -71.107459 0.003056330632 0.003606 53.54
2 301 42.356750 -71.107452 0.003066530625 0.003606 53.54
2 302 42.356758 -71.107444 0.003076730618 0.003606 53.54
2 303 42.356765 -71.107437 0.003086930611 0.003606 53.54
2 304 42.356772 -71.107430 0.003097130604 0.003606 53.54
2 305 42.356779 -71.107423 0.003107330597 0.003606 53.54
2 306 42.356786 -71.107416 0.003117530906 0.003606 53.54
2 307 42.356794 -71.107408 0.003127731215 0.003606 53.54
2 308 42.356801 -71.107401 0.003137931524 0.003606 53.54
2 309 42.356808 -71.107394 0.003148131833 0.003606 53.54
2 310 42.356815 -71.107387 0.003158332142 0.003606 53.54
2 311 42.356822 -71.107380 0.003168532763 0.003606 53.54
2 312 42.356830 -71.107372 0.003178733384 0.003606 53.54
2 313 42.356837 -71.107365 0.003188934004 0.003606 53.54
2 314 42.356844 -71.107358 0.003199134625 0.003606 53.54
2 315 42.356851 -71.107351 0.003209335246 0.003607 53.54
2 316 42.356859 -71.107343 0.003219536175 0.003607 53.54
2 317 42.356866 -71.107336 0.003229737104 0.003607 53.54
2 318 42.356873 -71.107329 0.003239938032 0.003607 53.54
2 319 42.356880 -71.107322 0.003250138961 0.003607 53.54
2 320 42.356887 -71.107315 0.003260339890 0.003607 53.54
2 321 42.356895 -71.107307 0.003270541122 0.003607 53.54
2 322 42.356902 -71.107300 0.003280742355 0.003607 53.54
2 323 42.356909 -71.107293 0.003290943587 0.003607 53.54
2 324 42.356916 -71.107286 0.003301144819 0.003607 53.54
2 325 42.356923 -71.107279 0.003311346052 0.003607 53.54
2 326 42.356931 -71.107271 0.003321547584 0.003607 53.54
2 327 42.356938 -71.107264 0.003331749116 0.003607 53.54
2 328 42.356945 -71.107257 0.003341950648 0.003607 53.54
2 329 42.356952 -71.107250 0.003352152180 0.003607 53.54
2 330 42.356960 -71.107242 0.003362353712 0.003607 53.54
2 331 42.356967 -71.107235 0.003372555539 0.003607 53.54
2 332 42.356974 -71.107228 0.003382757367 0.003607 53.54
2 333 42.356981 -71.107221 0.003392959194 0.003607 53.54
2 334 42.356988 -71.107214 0.003403161022 0.003607 53.54
2 335 42.356996 -71.107206 0.003413362850 0.003607 53.54
3 225 42.356202 -71.108000 0.002291534707 0.003604 53.54
3 226 42.356210 -71.107992 0.002301729467 0.003604 53.54
3 227 42.356217 -71.107985 0.002311924228 0.003604 53.54
3 228 42.356224 -71.107978 0.002322118989 0.003604 53.54
3 229 42.356231 -71.107971 0.002332313750 0.003604 53.54
3 230 42.356238 -71.107964 0.002342508510 0.003605 53.54
3 231 42.356246 -71.107956 0.002352703649 0.003605 53.54
3 232 42.356253 -71.107949 0.002362898787 0.003605 53.54
3 233 42.356260 -71.107942 0.002373093925 0.003605 53.54
3 234 42.356267 -71.107935 0.002383289064 0.003605 53.54
3 235 42.356274 -71.107928 0.002393484202 0.003605 53.54
3 236 42.356282 -71.107920 0.002403679714 0.003605 53.54
3 237 42.356289 -71.107913 0.002413875225 0.003605 53.54
3 238 42.356296 -71.107906 0.002424070737 0.003605 53.54
3 239 42.356303 -71.107899 0.002434266249 0.003605 53.54
3 240 42.356310 -71.107892 0.002444461760 0.003605 53.54
3 241 42.356318 -71.107884 0.002454657641 0.003605 53.54
3 242 42.356325 -71.107877 0.002464853522 0.003605 53.54
3 243 42.356332 -71.107870 0.002475049403 0.003605 53.54
3 244 42.356339 -71.107863 0.002485245285 0.003605 53.54
3 245 42.356347 -71.107855 0.002495441166 0.003605 53.54
3 246 42.356354 -71.107848 0.002505637412 0.003605 53.54
3 247 42.356361 -71.107841 0.002515833658 0.003605 53.54
3 248 42.356368 -71.107834 0.002526029904 0.003605 53.54
3 249 42.356375 -71.107827 0.002536226150 0.003605 53.54
3 250 42.356383 -71.107819 0.002546422397 0.003605 53.54
3 251 42.356390 -71.107812 0.002556619004 0.003605 53.54
3 252 42.356397 -71.107805 0.002566815611 0.003605 53.54
3 253 42.356404 -71.107798 0.002577012219 0.003605 53.54
3 254 42.356411 -71.107791 0.002587208826 0.003605 53.54
3 255 42.356419 -71.107783 0.002597405434 0.003605 53.54
3 256 42.356426 -71.107776 0.002607602398 0.003605 53.54
3 257 42.356433 -71.107769 0.002617799362 0.003605 53.54
3 258 42.356440 -71.107762 0.002627996327 0.003605 53.54
3 259 42.356447 -71.107755 0.002638193291 0.003605 53.54
3 260 42.356455 -71.107747 0.002648390255 0.003605 53.54
3 261 42.356462 -71.107740 0.002658587573 0.003605 53.54
3 262 42.356469 -71.107733 0.002668784890 0.003605 53.54
3 263 42.356476 -71.107726 0.002678982207 0.003605 53.54
3 264 42.356484 -71.107718 0.002689179525 0.003605 53.54
3 265 42.356491 -71.107711 0.002699376842 0.003605 53.54
3 266 42.356498 -71.107704 0.002709574508 0.003605 53.54
3 267 42.356505 -71.107697 0.002719772174 0.003605 53.54
3 268 42.356512 -71.107690 0.002729969840 0.003605 53.54
3 269 42.356520 -71.107682 0.002740167506 0.003605 53.54
3 270 42.356527 -71.107675 0.002750365172 0.003606 53.54
3 271 42.356534 -71.107668 0.002760563183 0.003606 53.54
3 272 42.356541 -71.107661 0.002770761194 0.003606 53.54
3 273 42.356548 -71.107654 0.002780959205 0.003606 53.54
3 274 42.356556 -71.107646 0.002791157215 0.003606 53.54
3 275 42.356563 -71.107639 0.002801355226 0.003606 53.54
3 276 42.356570 -71.107632 0.002811553578 0.003606 53.54
3 277 42.356577 -71.107625 0.002821751929 0.003606 53.54
3 278 42.356584 -71.107618 0.002831950281 0.003606 53.54
3 279 42.356592 -71.107610 0.002842148632 0.003606 53.54
3 280 42.356599 -71.107603 0.002852346983 0.003606 53.54
3 281 42.356606 -71.107596 0.002862545671 0.003606 53.54
3 282 42.356613 -71.107589 0.002872744359 0.003606 53.54
3 283 42.356621 -71.107581 0.002882943047 0.003606 53.54
3 284 42.356628 -71.107574 0.002893141735 0.003606 53.54
3 285 42.356635 -71.107567 0.002903340423 0.003606 53.54
3 286 42.356642 -71.107560 0.002913539443 0.003606 53.54
3 287 42.356649 -71.107553 0.002923738464 0.003606 53.54
3 288 42.356657 -71.107545 0.002933937484 0.003606 53.54
3 289 42.356664 -71.107538 0.002944136504 0.003606 53.54
3 290 42.356671 -71.107531 0.002954335525 0.003606 53.54
3 291 42.356678 -71.107524 0.002964534873 0.003606 53.54
3 292 42.356685 -71.107517 0.002974734222 0.003606 53.54
3 293 42.356693 -71.107509 0.002984933571 0.003606 53.54
3 294 42.356700 -71.107502 0.002995132919 0.003606 53.54
3 295 42.356707 -71.107495 0.003005332268 0.003606 53.54
3 296 42.356714 -71.107488 0.003015531941 0.003606 53.54
3 297 42.356721 -71.107481 0.003025731614 0.003606 53.54
3 298 42.356729 -71.107473 0.003035931286 0.003606 53.54
3 299 42.356736 -71.107466 0.003046130959 0.003606 53.54
3 300 42.356743 -71.107459 0.003056330632 0.003606 53.54
3 301 42.356750 -71.107452 0.003066530625 0.003606 53.54
3 302 42.356758 -71.107444 0.003076730618 0.003606 53.54
3 303 42.356765 -71.107437 0.003086930611 0.003606 53.54
3 304 42.356772 -71.107430 0.003097130604 0.003606 53.54
3 305 42.356779 -71.107423 0.003107330597 0.003606 53.54
3 306 42.356786 -71.107416 0.003117530906 0.003606 53.54
3 307 42.356794 -71.107408 0.003127731215 0.003606 53.54
3 308 42.356801 -71.107401 0.003137931524 0.003606 53.54
3 309 42.356808 -71.107394 0.003148131833 0.003606 53.54
3 310 42.356815 -71.107387 0.003158332142 0.003606 53.54
3 311 42.356822 -71.107380 0.003168532763 0.003606 53.54
3 312 42.356830 -71.107372 0.003178733384 0.003606 53.54
3 313 42.356837 -71.107365 0.003188934004 0.003606 53.54
3 314 42.356844 -71.107358 0.003199134625 0.003606 53.54
3 315 42.356851 -71.107351 0.003209335246 0.003607 53.54
3 316 42.356859 -71.107343 0.003219536175 0.003607 53.54
3 317 42.356866 -71.107336 0.003229737104 0.003607 53.54
3 318 42.356873 -71.107329 0.003239938032 0.003607 53.54
3 319 42.356880 -71.107322 0.003250138961 0.003607 53.54
3 320 42.356887 -71.107315 0.003260339890 0.003607 53.54
3 321 42.356895 -71.107307 0.003270541122 0.003607 53.54
3 322 42.356902 -71.107300 0.003280742355 0.003607 53.54
3 323 42.356909 -71.107293 0.003290943587 0.003607 53.54
3 324 42.356916 -71.107286 0.003301144819 0.003607 53.54
3 325 42.356923 -71.107279 0.003311346052 0.003607 53.54
3 326 42.356931 -71.107271 0.003321547584 0.003607 53.54
3 327 42.356938 -71.107264 0.003331749116 0.003607 53.54
3 328 42.356945 -71.107257 0.003341950648 0.003607 53.54
3 329 42.356952 -71.107250 0.003352152180 0.003607 53.54
3 330 42.356960 -71.107242 0.003362353712 0.003607 53.54
3 331 42.356967 -71.107235 0.003372555539 0.003607 53.54
3 332 42.356974 -71.107228 0.003382757367 0.003607 53.54
3 333 42.356981 -71.107221 0.003392959194 0.003607 53.54
3 334 42.356988 -71.107214 0.003403161022 0.003607 53.54
3 335 42.356996 -71.107206 0.003413362850 0.003607 53.54
4 225 42.356202 -71.108000 0.002291534707 0.003604 53.54
4 226 42.356210 -71.107992 0.002301729467 0.003604 53.54
4 227 42.356217 -71.107985 0.002311924228 0.003604 53.54
4 228 42.356224 -71.107978 0.002322118989 0.003604 53.54
4 229 42.356231 -71.107971 0.002332313750 0.003604 53.54
4 230 42.356238 -71.107964 0.002342508510 0.003605 53.54
4 231 42.356246 -71.107956 0.002352703649 0.003605 53.54
4 232 42.356253 -71.107949 0.002362898787 0.003605 53.54
4 233 42.356260 -71.107942 0.002373093925 0.003605 53.54
4 234 42.356267 -71.107935 0.002383289064 0.003605 53.54
4 235 42.356274 -71.107928 0.002393484202 0.003605 53.54
4 236 42.356282 -71.107920 0.002403679714 0.003605 53.54
4 237 42.356289 -71.107913 0.002413875225 0.003605 53.54
4 238 42.356296 -71.107906 0.002424070737 0.003605 53.54
4 239 42.356303 -71.107899 0.002434266249 0.003605 53.54
4 240 42.356310 -71.107892 0.002444461760 0.003605 53.54
4 241 42.356318 -71.107884 0.002454657641 0.003605 53.54
4 242 42.356325 -71.107877 0.002464853522 0.003605 53.54
4 243 42.356332 -71.107870 0.002475049403 0.003605 53.54
4 244 42.356339 -71.107863 0.002485245285 0.003605 53.54
4 245 42.356347 -71.107855 0.002495441166 0.003605 53.54
4 246 42.356354 -71.107848 0.002505637412 0.003605 53.54
4 247 42.356361 -71.107841 0.002515833658 0.003605 53.54
4 248 42.356368 -71.107834 0.002526029904 0.003605 53.54
4 249 42.356375 -71.107827 0.002536226150 0.003605 53.54
4 250 42.356383 -71.107819 0.002546422397 0.003605 53.54
4 251 42.356390 -71.107812 0.002556619004 0.003605 53.54
4 252 42.356397 -71.107805 0.002566815611 0.003605 53.54
4 253 42.356404 -71.107798 0.002577012219 0.003605 53.54
4 254 42.356411 -71.107791 0.002587208826 0.003605 53.54
4 255 42.356419 -71.107783 0.002597405434 0.003605 53.54
4 256 42.356426 -71.107776 0.002607602398 0.003605 53.54
4 257 42.356433 -71.107769 0.002617799362 0.003605 53.54
4 258 42.356440 -71.107762 0.002627996327 0.003605 53.54
4 259 42.356447 -71.107755 0.002638193291 0.003605 53.54
4 260 42.356455 -71.107747 0.002648390255 0.003605 53.54
4 261 42.356462 -71.107740 0.002658587573 0.003605 53.54
4 262 42.356469 -71.107733 0.002668784890 0.003605 53.54
4 263 42.356476 -71.107726 0.002678982207 0.003605 53.54
4 264 42.356484 -71.107718 0.002689179525 0.003605 53.54
4 265 42.356491 -71.107711 0.002699376842 0.003605 53.54
4 266 42.356498 -71.107704 0.002709574508 0.003605 53.54
4 267 42.356505 -71.107697 0.002719772174 0.003605 53.54
4 268 42.356512 -71.107690 0.002729969840 0.003605 53.54
4 269 42.356520 -71.107682 0.002740167506 0.003605 53.54
4 270 42.356527 -71.107675 0.002750365172 0.003606 53.54
4 271 42.356534 -71.107668 0.002760563183 0.003606 53.54
4 272 42.356541 -71.107661 0.002770761194 0.003606 53.54
4 273 42.356548 -71.107654 0.002780959205 0.003606 53.54
4 274 42.356556 -71.107646 0.002791157215 0.003606 53.54
4 275 42.356563 -71.107639 0.002801355226 0.003606 53.54
4 276 42.356570 -71.107632 0.002811553578 0.003606 53.54
4 277 42.356577 -71.107625 0.002821751929 0.003606 53.54
4 278 42.356584 -71.107618 0.002831950281 0.003606 53.54
4 279 42.356592 -71.107610 0.002842148632 0.003606 53.54
4 280 42.356599 -71.107603 0.002852346983 0.003606 53.54
4 281 42.356606 -71.107596 0.002862545671 0.003606 53.54
4 282 42.356613 -71.107589 0.002872744359 0.003606 53.54
4 283 42.356621 -71.107581 0.002882943047 0.003606 53.54
4 284 42.356628 -71.107574 0.002893141735 0.003606 53.54
4 285 42.356635 -71.107567 0.002903340423 0.003606 53.54
4 286 42.356642 -71.107560 0.002913539443 0.003606 53.54
4 287 42.356649 -71.107553 0.002923738464 0.003606 53.54
4 288 42.356657 -71.107545 0.002933937484 0.003606 53.54
4 289 42.356664 -71.107538 0.002944136504 0.003606 53.54
4 290 42.356671 -71.107531 0.002954335525 0.003606 53.54
4 291 42.356678 -71.107524 0.002964534873 0.003606 53.54
4 292 42.356685 -71.107517 0.002974734222 0.003606 53.54
4 293 42.356693 -71.107509 0.002984933571 0.003606 53.54
4 294 42.356700 -71.107502 0.002995132919 0.003606 53.54
4 295 42.356707 -71.107495 0.003005332268 0.003606 53.54
4 296 42.356714 -71.107488 0.003015531941 0.003606 53.54
4 297 42.356721 -71.107481 0.003025731614 0.003606 53.54
4 298 42.356729 -71.107473 0.003035931286 0.003606 53.54
4 299 42.356736 -71.107466 0.003046130959 0.003606 53.54
4 300 42.356743 -71.107459 0.003056330632 0.003606 53.54
4 301 42.356750 -71.107452 0.003066530625 0.003606 53.54
4 302 42.356758 -71.107444 0.003076730618 0.003606 53.54
4 303 42.356765 -71.107437 0.003086930611 0.003606 53.54
4 304 42.356772 -71.107430 0.003097130604 0.003606 53.54
4 305 42.356779 -71.107423 0.003107330597 0.003606 53.54
4 306 42.356786 -71.107416 0.003117530906 0.003606 53.54
4 307 42.356794 -71.107408 0.003127731215 0.003606 53.54
4 308 42.356801 -71.107401 0.003137931524 0.003606 53.54
4 309 42.356808 -71.107394 0.003148131833 0.003606 53.54
4 310 42.356815 -71.107387 0.003158332142 0.003606 53.54
4 311 42.356822 -71.107380 0.003168532763 0.003606 53.54
4 312 42.356830 -71.107372 0.003178733384 0.003606 53.54
4 313 42.356837 -71.107365 0.003188934004 0.003606 53.54
4 314 42.356844 -71.107358 0.003199134625 0.003606 53.54
4 315 42.356851 -71.107351 0.003209335246 0.003607 53.54
4 316 42.356859 -71.107343 0.003219536175 0.003607 53.54
4 317 42.356866 -71.107336 0.003229737104 0.003607 53.54
4 318 42.356873 -71.107329 0.003239938032 0.003607 53.54
4 319 42.356880 -71.107322 0.003250138961 0.003607 53.54
4 320 42.356887 -71.107315 0.003260339890 0.003607 53.54
4 321 42.356895 -71.107307 0.003270541122 0.003607 53.54
4 322 42.356902 -71.107300 0.003280742355 0.003607 53.54
4 323 42.356909 -71.107293 0.003290943587 0.003607 53.54
4 324 42.356916 -71.107286 0.003301144819 0.003607 53.54
4 325 42.356923 -71.107279 0.003311346052 0.003607 53.54
4 326 42.356931 -71.107271 0.003321547584 0.003607 53.54
4 327 42.356938 -71.107264 0.003331749116 0.003607 53.54
4 328 42.356945 -71.107257 0.003341950648 0.003607 53.54
4 329 42.356952 -71.107250 0.003352152180 0.003607 53.54
4 330 42.356960 -71.107242 0.003362353712 0.003607 53.54
4 331 42.356967 -71.107235 0.003372555539 0.003607 53.54
4 332 42.356974 -71.107228 0.003382757367 0.003607 53.54
4 333 42.356981 -71.107221 0.003392959194 0.003607 53.54
4 334 42.356988 -71.107214 0.003403161022 0.003607 53.54
4 335 42.356996 -71.107206 0.003413362850 0.003607 53.54
