1 613 42.359002 -71.105200 0.006251177028 0.003610 53.54
1 614 42.359009 -71.105193 0.006261388866 0.003610 53.54
1 615 42.359017 -71.105185 0.006271600705 0.003610 53.54
1 616 42.359024 -71.105178 0.006281812605 0.003610 53.54
1 617 42.359031 -71.105171 0.006292024506 0.003610 53.54
1 618 42.359038 -71.105164 0.006302236407 0.003610 53.54
1 619 42.359046 -71.105156 0.006312448307 0.003610 53.54
1 620 42.359053 -71.105149 0.006322660208 0.003610 53.54
1 621 42.359060 -71.105142 0.006332872166 0.003610 53.54
1 622 42.359067 -71.105135 0.006343084125 0.003610 53.54
1 623 42.359074 -71.105128 0.006353296084 0.003610 53.54
1 624 42.359082 -71.105120 0.006363508042 0.003610 53.54
1 625 42.359089 -71.105113 0.006373720001 0.003610 53.54
1 626 42.359096 -71.105106 0.006383932013 0.003610 53.54
1 627 42.359103 -71.105099 0.006394144026 0.003610 53.54
1 628 42.359111 -71.105091 0.006404356038 0.003610 53.54
1 629 42.359118 -71.105084 0.006414568051 0.003610 53.54
1 630 42.359125 -71.105077 0.006424780063 0.003611 53.54
1 631 42.359132 -71.105070 0.006434992126 0.003611 53.54
1 632 42.359139 -71.105063 0.006445204188 0.003611 53.54
1 633 42.359147 -71.105055 0.006455416250 0.003611 53.54
1 634 42.359154 -71.105048 0.006465628312 0.003611 53.54
1 635 42.359161 -71.105041 0.006475840375 0.003611 53.54
1 636 42.359168 -71.105034 0.006486052483 0.003611 53.54
1 637 42.359176 -71.105026 0.006496264591 0.003611 53.54
1 638 42.359183 -71.105019 0.006506476699 0.003611 53.54
1 639 42.359190 -71.105012 0.006516688807 0.003611 53.54
1 640 42.359197 -71.105005 0.006526900915 0.003611 53.54
2 613 42.359002 -71.105200 0.006251177028 0.003610 53.54
2 614 42.359009 -71.105193 0.006261388866 0.003610 53.54
2 615 42.359017 -71.105185 0.006271600705 0.003610 53.54
2 616 42.359024 -71.105178 0.006281812605 0.003610 53.54
2 617 42.359031 -71.105171 0.006292024506 0.003610 53.54
2 618 42.359038 -71.105164 0.006302236407 0.003610 53.54
2 619 42.359046 -71.105156 0.006312448307 0.003610 53.54
2 620 42.359053 -71.105149 0.006322660208 0.003610 53.54
2 621 42.359060 -71.105142 0.006332872166 0.003610 53.54
2 622 42.359067 -71.105135 0.006343084125 0.003610 53.54
2 623 42.359074 -71.105128 0.006353296084 0.003610 53.54
2 624 42.359082 -71.105120 0.006363508042 0.003610 53.54
2 625 42.359089 -71.105113 0.006373720001 0.003610 53.54
2 626 42.359096 -71.105106 0.006383932013 0.003610 53.54
2 627 42.359103 -71.105099 0.006394144026 0.003610 53.54
2 628 42.359111 -71.105091 0.006404356038 0.003610 53.54
2 629 42.359118 -71.105084 0.006414568051 0.003610 53.54
2 630 42.359125 -71.105077 0.006424780063 0.003611 53.54
2 631 42.359132 -71.105070 0.006434992126 0.003611 53.54
2 632 42.359139 -71.105063 0.006445204188 0.003611 53.54
2 633 42.359147 -71.105055 0.006455416250 0.003611 53.54
2 634 42.359154 -71.105048 0.006465628312 0.003611 53.54
2 635 42.359161 -71.105041 0.006475840375 0.003611 53.54
2 636 42.359168 -71.105034 0.006486052483 0.003611 53.54
2 637 42.359176 -71.105026 0.006496264591 0.003611 53.54
2 638 42.359183 -71.105019 0.006506476699 0.003611 53.54
2 639 42.359190 -71.105012 0.006516688807 0.003611 53.54
2 640 42.359197 -71.105005 0.006526900915 0.003611 53.54
3 613 42.359002 -71.105200 0.006251177028 0.003610 53.54
3 614 42.359009 -71.105193 0.006261388866 0.003610 53.54
3 615 42.359017 -71.105185 0.006271600705 0.003610 53.54
3 616 42.359024 -71.105178 0.006281812605 0.003610 53.54
3 617 42.359031 -71.105171 0.006292024506 0.003610 53.54
3 618 42.359038 -71.105164 0.006302236407 0.003610 53.54
3 619 42.359046 -71.105156 0.006312448307 0.003610 53.54
3 620 42.359053 -71.105149 0.006322660208 0.003610 53.54
3 621 42.359060 -71.105142 0.006332872166 0.003610 53.54
3 622 42.359067 -71.105135 0.006343084125 0.003610 53.54
3 623 42.359074 -71.105128 0.006353296084 0.003610 53.54
3 624 42.359082 -71.105120 0.006363508042 0.003610 53.54
3 625 42.359089 -71.105113 0.006373720001 0.003610 53.54
3 626 42.359096 -71.105106 0.006383932013 0.003610 53.54
3 627 42.359103 -71.105099 0.006394144026 0.003610 53.54
3 628 42.359111 -71.105091 0.006404356038 0.003610 53.54
3 629 42.359118 -71.105084 0.006414568051 0.003610 53.54
3 630 42.359125 -71.105077 0.006424780063 0.003611 53.54
3 631 42.359132 -71.105070 0.006434992126 0.003611 53.54
3 632 42.359139 -71.105063 0.006445204188 0.003611 53.54
3 633 42.359147 -71.105055 0.006455416250 0.003611 53.54
3 634 42.359154 -71.105048 0.006465628312 0.003611 53.54
3 635 42.359161 -71.105041 0.006475840375 0.003611 53.54
3 636 42.359168 -71.105034 0.006486052483 0.003611 53.54
3 637 42.359176 -71.105026 0.006496264591 0.003611 53.54
3 638 42.359183 -71.105019 0.006506476699 0.003611 53.54
3 639 42.359190 -71.105012 0.006516688807 0.003611 53.54
3 640 42.359197 -71.105005 0.006526900915 0.003611 53.54
4 613 42.359002 -71.105200 0.006251177028 0.003610 53.54
4 614 42.359009 -71.105193 0.006261388866 0.003610 53.54
4 615 42.359017 -71.105185 0.006271600705 0.003610 53.54
4 616 42.359024 -71.105178 0.006281812605 0.003610 53.54
4 617 42.359031 -71.105171 0.006292024506 0.003610 53.54
4 618 42.359038 -71.105164 0.006302236407 0.003610 53.54
4 619 42.359046 -71.105156 0.006312448307 0.003610 53.54
4 620 42.359053 -71.105149 0.006322660208 0.003610 53.54
4 621 42.359060 -71.105142 0.006332872166 0.003610 53.54
4 622 42.359067 -71.105135 0.006343084125 0.003610 53.54
4 623 42.359074 -71.105128 0.006353296084 0.003610 53.54
4 624 42.359082 -71.105120 0.006363508042 0.003610 53.54
4 625 42.359089 -71.105113 0.006373720001 0.003610 53.54
4 626 42.359096 -71.105106 0.006383932013 0.003610 53.54
4 627 42.359103 -71.105099 0.006394144026 0.003610 53.54
4 628 42.359111 -71.105091 0.006404356038 0.003610 53.54
4 629 42.359118 -71.105084 0.006414568051 0.003610 53.54
4 630 42.359125 -71.105077 0.006424780063 0.003611 53.54
4 631 42.359132 -71.105070 0.006434992126 0.003611 53.54
4 632 42.359139 -71.105063 0.006445204188 0.003611 53.54
4 633 42.359147 -71.105055 0.006455416250 0.003611 53.54
4 634 42.359154 -71.105048 0.006465628312 0.003611 53.54
4 635 42.359161 -71.105041 0.006475840375 0.003611 53.54
4 636 42.359168 -71.105034 0.006486052483 0.003611 53.54
4 637 42.359176 -71.105026 0.006496264591 0.003611 53.54
4 638 42.359183 -71.105019 0.006506476699 0.003611 53.54
4 639 42.359190 -71.105012 0.006516688807 0.003611 53.54
4 640 42.359197 -71.105005 0.006526900915 0.003611 53.54
