1 475 42.358006 -71.106196 0.004842135417 0.003609 53.54
1 476 42.358013 -71.106189 0.004852344032 0.003609 53.54
1 477 42.358020 -71.106182 0.004862552647 0.003609 53.54
1 478 42.358028 -71.106174 0.004872761262 0.003609 53.54
1 479 42.358035 -71.106167 0.004882969877 0.003609 53.54
1 480 42.358042 -71.106160 0.004893178492 0.003609 53.54
1 481 42.358049 -71.106153 0.004903387280 0.003609 53.54
1 482 42.358056 -71.106146 0.004913596068 0.003609 53.54
1 483 42.358064 -71.106138 0.004923804856 0.003609 53.54
1 484 42.358071 -71.106131 0.004934013643 0.003609 53.54
1 485 42.358078 -71.106124 0.004944222431 0.003609 53.54
1 486 42.358085 -71.106117 0.004954431387 0.003609 53.54
1 487 42.358092 -71.106110 0.004964640343 0.003609 53.54
1 488 42.358100 -71.106102 0.004974849300 0.003609 53.54
1 489 42.358107 -71.106095 0.004985058256 0.003609 53.54
1 490 42.358114 -71.106088 0.004995267212 0.003609 53.54
1 491 42.358121 -71.106081 0.005005476333 0.003609 53.54
1 492 42.358129 -71.106073 0.005015685454 0.003609 53.54
1 493 42.358136 -71.106066 0.005025894574 0.003609 53.54
1 494 42.358143 -71.106059 0.005036103695 0.003609 53.54
1 495 42.358150 -71.106052 0.005046312816 0.003610 53.54
1 496 42.358157 -71.106045 0.005056522097 0.003610 53.54
1 497 42.358165 -71.106037 0.005066731378 0.003610 53.54
1 498 42.358172 -71.106030 0.005076940659 0.003610 53.54
1 499 42.358179 -71.106023 0.005087149940 0.003610 53.54
1 500 42.358186 -71.106016 0.005097359221 0.003610 53.54
1 501 42.358194 -71.106008 0.005107568658 0.003610 53.54
1 502 42.358201 -71.106001 0.005117778095 0.003610 53.54
2 475 42.358006 -71.106196 0.004842135417 0.003609 53.54
2 476 42.358013 -71.106189 0.004852344032 0.003609 53.54
2 477 42.358020 -71.106182 0.004862552647 0.003609 53.54
2 478 42.358028 -71.106174 0.004872761262 0.003609 53.54
2 479 42.358035 -71.106167 0.004882969877 0.003609 53.54
2 480 42.358042 -71.106160 0.004893178492 0.003609 53.54
2 481 42.358049 -71.106153 0.004903387280 0.003609 53.54
2 482 42.358056 -71.106146 0.004913596068 0.003609 53.54
2 483 42.358064 -71.106138 0.004923804856 0.003609 53.54
2 484 42.358071 -71.106131 0.004934013643 0.003609 53.54
2 485 42.358078 -71.106124 0.004944222431 0.003609 53.54
2 486 42.358085 -71.106117 0.004954431387 0.003609 53.54
2 487 42.358092 -71.106110 0.004964640343 0.003609 53.54
2 488 42.358100 -71.106102 0.004974849300 0.003609 53.54
2 489 42.358107 -71.106095 0.004985058256 0.003609 53.54
2 490 42.358114 -71.106088 0.004995267212 0.003609 53.54
2 491 42.358121 -71.106081 0.005005476333 0.003609 53.54
2 492 42.358129 -71.106073 0.005015685454 0.003609 53.54
2 493 42.358136 -71.106066 0.005025894574 0.003609 53.54
2 494 42.358143 -71.106059 0.005036103695 0.003609 53.54
2 495 42.358150 -71.106052 0.005046312816 0.003610 53.54
2 496 42.358157 -71.106045 0.005056522097 0.003610 53.54
2 497 42.358165 -71.106037 0.005066731378 0.003610 53.54
2 498 42.358172 -71.106030 0.005076940659 0.003610 53.54
2 499 42.358179 -71.106023 0.005087149940 0.003610 53.54
2 500 42.358186 -71.106016 0.005097359221 0.003610 53.54
2 501 42.358194 -71.106008 0.005107568658 0.003610 53.54
2 502 42.358201 -71.106001 0.005117778095 0.003610 53.54
3 475 42.358006 -71.106196 0.004842135417 0.003609 53.54
3 476 42.358013 -71.106189 0.004852344032 0.003609 53.54
3 477 42.358020 -71.106182 0.004862552647 0.003609 53.54
3 478 42.358028 -71.106174 0.004872761262 0.003609 53.54
3 479 42.358035 -71.106167 0.004882969877 0.003609 53.54
3 480 42.358042 -71.106160 0.004893178492 0.003609 53.54
3 481 42.358049 -71.106153 0.004903387280 0.003609 53.54
3 482 42.358056 -71.106146 0.004913596068 0.003609 53.54
3 483 42.358064 -71.106138 0.004923804856 0.003609 53.54
3 484 42.358071 -71.106131 0.004934013643 0.003609 53.54
3 485 42.358078 -71.106124 0.004944222431 0.003609 53.54
3 486 42.358085 -71.106117 0.004954431387 0.003609 53.54
3 487 42.358092 -71.106110 0.004964640343 0.003609 53.54
3 488 42.358100 -71.106102 0.004974849300 0.003609 53.54
3 489 42.358107 -71.106095 0.004985058256 0.003609 53.54
3 490 42.358114 -71.106088 0.004995267212 0.003609 53.54
3 491 42.358121 -71.106081 0.005005476333 0.003609 53.54
3 492 42.358129 -71.106073 0.005015685454 0.003609 53.54
3 493 42.358136 -71.106066 0.005025894574 0.003609 53.54
3 494 42.358143 -71.106059 0.005036103695 0.003609 53.54
3 495 42.358150 -71.106052 0.005046312816 0.003610 53.54
3 496 42.358157 -71.106045 0.005056522097 0.003610 53.54
3 497 42.358165 -71.106037 0.005066731378 0.003610 53.54
3 498 42.358172 -71.106030 0.005076940659 0.003610 53.54
3 499 42.358179 -71.106023 0.005087149940 0.003610 53.54
3 500 42.358186 -71.106016 0.005097359221 0.003610 53.54
3 501 42.358194 -71.106008 0.005107568658 0.003610 53.54
3 502 42.358201 -71.106001 0.005117778095 0.003610 53.54
4 475 42.358006 -71.106196 0.004842135417 0.003609 53.54
4 476 42.358013 -71.106189 0.004852344032 0.003609 53.54
4 477 42.358020 -71.106182 0.004862552647 0.003609 53.54
4 478 42.358028 -71.106174 0.004872761262 0.003609 53.54
4 479 42.358035 -71.106167 0.004882969877 0.003609 53.54
4 480 42.358042 -71.106160 0.004893178492 0.003609 53.54
4 481 42.358049 -71.106153 0.004903387280 0.003609 53.54
4 482 42.358056 -71.106146 0.004913596068 0.003609 53.54
4 483 42.358064 -71.106138 0.004923804856 0.003609 53.54
4 484 42.358071 -71.106131 0.004934013643 0.003609 53.54
4 485 42.358078 -71.106124 0.004944222431 0.003609 53.54
4 486 42.358085 -71.106117 0.004954431387 0.003609 53.54
4 487 42.358092 -71.106110 0.004964640343 0.003609 53.54
4 488 42.358100 -71.106102 0.004974849300 0.003609 53.54
4 489 42.358107 -71.106095 0.004985058256 0.003609 53.54
4 490 42.358114 -71.106088 0.004995267212 0.003609 53.54
4 491 42.358121 -71.106081 0.005005476333 0.003609 53.54
4 492 42.358129 -71.106073 0.005015685454 0.003609 53.54
4 493 42.358136 -71.106066 0.005025894574 0.003609 53.54
4 494 42.358143 -71.106059 0.005036103695 0.003609 53.54
4 495 42.358150 -71.106052 0.005046312816 0.003610 53.54
4 496 42.358157 -71.106045 0.005056522097 0.003610 53.54
4 497 42.358165 -71.106037 0.005066731378 0.003610 53.54
4 498 42.358172 -71.106030 0.005076940659 0.003610 53.54
4 499 42.358179 -71.106023 0.005087149940 0.003610 53.54
4 500 42.358186 -71.106016 0.005097359221 0.003610 53.54
4 501 42.358194 -71.106008 0.005107568658 0.003610 53.54
4 502 42.358201 -71.106001 0.005117778095 0.003610 53.54
