1 1195 42.363202 -71.101000 0.012191248098 0.003603 53.54
1 1196 42.363210 -71.100992 0.012201439411 0.003603 53.54
1 1197 42.363217 -71.100985 0.012211630724 0.003603 53.54
1 1198 42.363224 -71.100978 0.012221822036 0.003603 53.54
1 1199 42.363231 -71.100971 0.012232013349 0.003603 53.54
1 1200 42.363239 -71.100963 0.012242204662 0.003603 53.54
1 1201 42.363246 -71.100956 0.012252395557 0.003603 53.54
1 1202 42.363253 -71.100949 0.012262586453 0.003603 53.54
1 1203 42.363260 -71.100942 0.012272777348 0.003603 53.54
1 1204 42.363267 -71.100935 0.012282968244 0.003603 53.54
1 1205 42.363275 -71.100927 0.012293159139 0.003603 53.54
1 1206 42.363282 -71.100920 0.012303349613 0.003603 53.54
1 1207 42.363289 -71.100913 0.012313540087 0.003603 53.54
1 1208 42.363296 -71.100906 0.012323730562 0.003603 53.54
1 1209 42.363303 -71.100899 0.012333921036 0.003603 53.54
1 1210 42.363311 -71.100891 0.012344111510 0.003603 53.54
1 1211 42.363318 -71.100884 0.012354301558 0.003603 53.54
1 1212 42.363325 -71.100877 0.012364491607 0.003603 53.54
1 1213 42.363332 -71.100870 0.012374681656 0.003603 53.54
1 1214 42.363339 -71.100863 0.012384871704 0.003603 53.54
1 1215 42.363347 -71.100855 0.012395061753 0.003603 53.54
1 1216 42.363354 -71.100848 0.012405251372 0.003603 53.54
1 1217 42.363361 -71.100841 0.012415440991 0.003603 53.54
1 1218 42.363368 -71.100834 0.012425630610 0.003603 53.54
1 1219 42.363375 -71.100827 0.012435820229 0.003603 53.54
1 1220 42.363383 -71.100819 0.012446009848 0.003602 53.54
1 1221 42.363390 -71.100812 0.012456199033 0.003602 53.54
1 1222 42.363397 -71.100805 0.012466388218 0.003602 53.54
1 1223 42.363404 -71.100798 0.012476577404 0.003602 53.54
1 1224 42.363411 -71.100791 0.012486766589 0.003602 53.54
1 1225 42.363419 -71.100783 0.012496955774 0.003602 53.54
1 1226 42.363426 -71.100776 0.012507144522 0.003602 53.54
1 1227 42.363433 -71.100769 0.012517333269 0.003602 53.54
1 1228 42.363440 -71.100762 0.012527522017 0.003602 53.54
1 1229 42.363447 -71.100755 0.012537710764 0.003602 53.54
1 1230 42.363455 -71.100747 0.012547899512 0.003602 53.54
1 1231 42.363462 -71.100740 0.012558087818 0.003602 53.54
1 1232 42.363469 -71.100733 0.012568276123 0.003602 53.54
1 1233 42.363476 -71.100726 0.012578464429 0.003602 53.54
1 1234 42.363483 -71.100719 0.012588652734 0.003602 53.54
1 1235 42.363491 -71.100711 0.012598841040 0.003602 53.54
1 1236 42.363498 -71.100704 0.012609028899 0.003602 53.54
1 1237 42.363505 -71.100697 0.012619216759 0.003602 53.54
1 1238 42.363512 -71.100690 0.012629404619 0.003602 53.54
1 1239 42.363520 -71.100682 0.012639592478 0.003602 53.54
1 1240 42.363527 -71.100675 0.012649780338 0.003602 53.54
1 1241 42.363534 -71.100668 0.012659967747 0.003602 53.54
1 1242 42.363541 -71.100661 0.012670155157 0.003602 53.54
1 1243 42.363548 -71.100654 0.012680342566 0.003602 53.54
1 1244 42.363556 -71.100646 0.012690529976 0.003602 53.54
1 1245 42.363563 -71.100639 0.012700717385 0.003602 53.54
1 1246 42.363570 -71.100632 0.012710904340 0.003602 53.54
1 1247 42.363577 -71.100625 0.012721091295 0.003602 53.54
1 1248 42.363584 -71.100618 0.012731278251 0.003602 53.54
1 1249 42.363592 -71.100610 0.012741465206 0.003602 53.54
1 1250 42.363599 -71.100603 0.012751652161 0.003601 53.54
1 1251 42.363606 -71.100596 0.012761838658 0.003601 53.54
1 1252 42.363613 -71.100589 0.012772025155 0.003601 53.54
1 1253 42.363620 -71.100582 0.012782211652 0.003601 53.54
1 1254 42.363628 -71.100574 0.012792398149 0.003601 53.54
1 1255 42.363635 -71.100567 0.012802584645 0.003601 53.54
1 1256 42.363642 -71.100560 0.012812770680 0.003601 53.54
1 1257 42.363649 -71.100553 0.012822956714 0.003601 53.54
1 1258 42.363656 -71.100546 0.012833142749 0.003601 53.54
1 1259 42.363664 -71.100538 0.012843328783 0.003601 53.54
1 1260 42.363671 -71.100531 0.012853514817 0.003601 53.54
1 1261 42.363678 -71.100524 0.012863700385 0.003601 53.54
1 1262 42.363685 -71.100517 0.012873885953 0.003601 53.54
1 1263 42.363692 -71.100510 0.012884071521 0.003601 53.54
1 1264 42.363700 -71.100502 0.012894257089 0.003601 53.54
1 1265 42.363707 -71.100495 0.012904442657 0.003601 53.54
1 1266 42.363714 -71.100488 0.012914627754 0.003601 53.54
1 1267 42.363721 -71.100481 0.012924812851 0.003601 53.54
1 1268 42.363728 -71.100474 0.012934997948 0.003601 53.54
1 1269 42.363736 -71.100466 0.012945183045 0.003601 53.54
1 1270 42.363743 -71.100459 0.012955368143 0.003601 53.54
1 1271 42.363750 -71.100452 0.012965552765 0.003601 53.54
1 1272 42.363757 -71.100445 0.012975737387 0.003601 53.54
1 1273 42.363764 -71.100438 0.012985922010 0.003601 53.54
1 1274 42.363772 -71.100430 0.012996106632 0.003601 53.54
1 1275 42.363779 -71.100423 0.013006291255 0.003601 53.54
1 1276 42.363786 -71.100416 0.013016475398 0.003601 53.54
1 1277 42.363793 -71.100409 0.013026659542 0.003601 53.54
1 1278 42.363800 -71.100402 0.013036843685 0.003601 53.54
1 1279 42.363808 -71.100394 0.013047027829 0.003601 53.54
1 1280 42.363815 -71.100387 0.013057211972 0.003600 53.54
1 1281 42.363822 -71.100380 0.013067395633 0.003600 53.54
1 1282 42.363829 -71.100373 0.013077579293 0.003600 53.54
1 1283 42.363836 -71.100366 0.013087762954 0.003600 53.54
1 1284 42.363844 -71.100358 0.013097946614 0.003600 53.54
1 1285 42.363851 -71.100351 0.013108130275 0.003600 53.54
1 1286 42.363858 -71.100344 0.013118313448 0.003600 53.54
1 1287 42.363865 -71.100337 0.013128496622 0.003600 53.54
1 1288 42.363872 -71.100330 0.013138679795 0.003600 53.54
1 1289 42.363880 -71.100322 0.013148862969 0.003600 53.54
1 1290 42.363887 -71.100315 0.013159046142 0.003600 53.54
1 1291 42.363894 -71.100308 0.013169228824 0.003600 53.54
1 1292 42.363901 -71.100301 0.013179411506 0.003600 53.54
1 1293 42.363908 -71.100294 0.013189594189 0.003600 53.54
1 1294 42.363916 -71.100286 0.013199776871 0.003600 53.54
1 1295 42.363923 -71.100279 0.013209959553 0.003600 53.54
1 1296 42.363930 -71.100272 0.013220141740 0.003600 53.54
1 1297 42.363937 -71.100265 0.013230323927 0.003600 53.54
1 1298 42.363944 -71.100258 0.013240506114 0.003600 53.54
1 1299 42.363952 -71.100250 0.013250688300 0.003600 53.54
1 1300 42.363959 -71.100243 0.013260870487 0.003600 53.54
1 1301 42.363966 -71.100236 0.013271052175 0.003600 53.54
1 1302 42.363973 -71.100229 0.013281233862 0.003600 53.54
1 1303 42.363980 -71.100222 0.013291415550 0.003600 53.54
1 1304 42.363988 -71.100214 0.013301597237 0.003600 53.54
1 1305 42.363995 -71.100207 0.013311778925 0.003600 53.54
2 1195 42.363202 -71.101000 0.012191248098 0.003603 53.54
2 1196 42.363210 -71.100992 0.012201439411 0.003603 53.54
2 1197 42.363217 -71.100985 0.012211630724 0.003603 53.54
2 1198 42.363224 -71.100978 0.012221822036 0.003603 53.54
2 1199 42.363231 -71.100971 0.012232013349 0.003603 53.54
2 1200 42.363239 -71.100963 0.012242204662 0.003603 53.54
2 1201 42.363246 -71.100956 0.012252395557 0.003603 53.54
2 1202 42.363253 -71.100949 0.012262586453 0.003603 53.54
2 1203 42.363260 -71.100942 0.012272777348 0.003603 53.54
2 1204 42.363267 -71.100935 0.012282968244 0.003603 53.54
2 1205 42.363275 -71.100927 0.012293159139 0.003603 53.54
2 1206 42.363282 -71.100920 0.012303349613 0.003603 53.54
2 1207 42.363289 -71.100913 0.012313540087 0.003603 53.54
2 1208 42.363296 -71.100906 0.012323730562 0.003603 53.54
2 1209 42.363303 -71.100899 0.012333921036 0.003603 53.54
2 1210 42.363311 -71.100891 0.012344111510 0.003603 53.54
2 1211 42.363318 -71.100884 0.012354301558 0.003603 53.54
2 1212 42.363325 -71.100877 0.012364491607 0.003603 53.54
2 1213 42.363332 -71.100870 0.012374681656 0.003603 53.54
2 1214 42.363339 -71.100863 0.012384871704 0.003603 53.54
2 1215 42.363347 -71.100855 0.012395061753 0.003603 53.54
2 1216 42.363354 -71.100848 0.012405251372 0.003603 53.54
2 1217 42.363361 -71.100841 0.012415440991 0.003603 53.54
2 1218 42.363368 -71.100834 0.012425630610 0.003603 53.54
2 1219 42.363375 -71.100827 0.012435820229 0.003603 53.54
2 1220 42.363383 -71.100819 0.012446009848 0.003602 53.54
2 1221 42.363390 -71.100812 0.012456199033 0.003602 53.54
2 1222 42.363397 -71.100805 0.012466388218 0.003602 53.54
2 1223 42.363404 -71.100798 0.012476577404 0.003602 53.54
2 1224 42.363411 -71.100791 0.012486766589 0.003602 53.54
2 1225 42.363419 -71.100783 0.012496955774 0.003602 53.54
2 1226 42.363426 -71.100776 0.012507144522 0.003602 53.54
2 1227 42.363433 -71.100769 0.012517333269 0.003602 53.54
2 1228 42.363440 -71.100762 0.012527522017 0.003602 53.54
2 1229 42.363447 -71.100755 0.012537710764 0.003602 53.54
2 1230 42.363455 -71.100747 0.012547899512 0.003602 53.54
2 1231 42.363462 -71.100740 0.012558087818 0.003602 53.54
2 1232 42.363469 -71.100733 0.012568276123 0.003602 53.54
2 1233 42.363476 -71.100726 0.012578464429 0.003602 53.54
2 1234 42.363483 -71.100719 0.012588652734 0.003602 53.54
2 1235 42.363491 -71.100711 0.012598841040 0.003602 53.54
2 1236 42.363498 -71.100704 0.012609028899 0.003602 53.54
2 1237 42.363505 -71.100697 0.012619216759 0.003602 53.54
2 1238 42.363512 -71.100690 0.012629404619 0.003602 53.54
2 1239 42.363520 -71.100682 0.012639592478 0.003602 53.54
2 1240 42.363527 -71.100675 0.012649780338 0.003602 53.54
2 1241 42.363534 -71.100668 0.012659967747 0.003602 53.54
2 1242 42.363541 -71.100661 0.012670155157 0.003602 53.54
2 1243 42.363548 -71.100654 0.012680342566 0.003602 53.54
2 1244 42.363556 -71.100646 0.012690529976 0.003602 53.54
2 1245 42.363563 -71.100639 0.012700717385 0.003602 53.54
2 1246 42.363570 -71.100632 0.012710904340 0.003602 53.54
2 1247 42.363577 -71.100625 0.012721091295 0.003602 53.54
2 1248 42.363584 -71.100618 0.012731278251 0.003602 53.54
2 1249 42.363592 -71.100610 0.012741465206 0.003602 53.54
2 1250 42.363599 -71.100603 0.012751652161 0.003601 53.54
2 1251 42.363606 -71.100596 0.012761838658 0.003601 53.54
2 1252 42.363613 -71.100589 0.012772025155 0.003601 53.54
2 1253 42.363620 -71.100582 0.012782211652 0.003601 53.54
2 1254 42.363628 -71.100574 0.012792398149 0.003601 53.54
2 1255 42.363635 -71.100567 0.012802584645 0.003601 53.54
2 1256 42.363642 -71.100560 0.012812770680 0.003601 53.54
2 1257 42.363649 -71.100553 0.012822956714 0.003601 53.54
2 1258 42.363656 -71.100546 0.012833142749 0.003601 53.54
2 1259 42.363664 -71.100538 0.012843328783 0.003601 53.54
2 1260 42.363671 -71.100531 0.012853514817 0.003601 53.54
2 1261 42.363678 -71.100524 0.012863700385 0.003601 53.54
2 1262 42.363685 -71.100517 0.012873885953 0.003601 53.54
2 1263 42.363692 -71.100510 0.012884071521 0.003601 53.54
2 1264 42.363700 -71.100502 0.012894257089 0.003601 53.54
2 1265 42.363707 -71.100495 0.012904442657 0.003601 53.54
2 1266 42.363714 -71.100488 0.012914627754 0.003601 53.54
2 1267 42.363721 -71.100481 0.012924812851 0.003601 53.54
2 1268 42.363728 -71.100474 0.012934997948 0.003601 53.54
2 1269 42.363736 -71.100466 0.012945183045 0.003601 53.54
2 1270 42.363743 -71.100459 0.012955368143 0.003601 53.54
2 1271 42.363750 -71.100452 0.012965552765 0.003601 53.54
2 1272 42.363757 -71.100445 0.012975737387 0.003601 53.54
2 1273 42.363764 -71.100438 0.012985922010 0.003601 53.54
2 1274 42.363772 -71.100430 0.012996106632 0.003601 53.54
2 1275 42.363779 -71.100423 0.013006291255 0.003601 53.54
2 1276 42.363786 -71.100416 0.013016475398 0.003601 53.54
2 1277 42.363793 -71.100409 0.013026659542 0.003601 53.54
2 1278 42.363800 -71.100402 0.013036843685 0.003601 53.54
2 1279 42.363808 -71.100394 0.013047027829 0.003601 53.54
2 1280 42.363815 -71.100387 0.013057211972 0.003600 53.54
2 1281 42.363822 -71.100380 0.013067395633 0.003600 53.54
2 1282 42.363829 -71.100373 0.013077579293 0.003600 53.54
2 1283 42.363836 -71.100366 0.013087762954 0.003600 53.54
2 1284 42.363844 -71.100358 0.013097946614 0.003600 53.54
2 1285 42.363851 -71.100351 0.013108130275 0.003600 53.54
2 1286 42.363858 -71.100344 0.013118313448 0.003600 53.54
2 1287 42.363865 -71.100337 0.013128496622 0.003600 53.54
2 1288 42.363872 -71.100330 0.013138679795 0.003600 53.54
2 1289 42.363880 -71.100322 0.013148862969 0.003600 53.54
2 1290 42.363887 -71.100315 0.013159046142 0.003600 53.54
2 1291 42.363894 -71.100308 0.013169228824 0.003600 53.54
2 1292 42.363901 -71.100301 0.013179411506 0.003600 53.54
2 1293 42.363908 -71.100294 0.013189594189 0.003600 53.54
2 1294 42.363916 -71.100286 0.013199776871 0.003600 53.54
2 1295 42.363923 -71.100279 0.013209959553 0.003600 53.54
2 1296 42.363930 -71.100272 0.013220141740 0.003600 53.54
2 1297 42.363937 -71.100265 0.013230323927 0.003600 53.54
2 1298 42.363944 -71.100258 0.013240506114 0.003600 53.54
2 1299 42.363952 -71.100250 0.013250688300 0.003600 53.54
2 1300 42.363959 -71.100243 0.013260870487 0.003600 53.54
2 1301 42.363966 -71.100236 0.013271052175 0.003600 53.54
2 1302 42.363973 -71.100229 0.013281233862 0.003600 53.54
2 1303 42.363980 -71.100222 0.013291415550 0.003600 53.54
2 1304 42.363988 -71.100214 0.013301597237 0.003600 53.54
2 1305 42.363995 -71.100207 0.013311778925 0.003600 53.54
3 1195 42.363202 -71.101000 0.012191248098 0.003603 53.54
3 1196 42.363210 -71.100992 0.012201439411 0.003603 53.54
3 1197 42.363217 -71.100985 0.012211630724 0.003603 53.54
3 1198 42.363224 -71.100978 0.012221822036 0.003603 53.54
3 1199 42.363231 -71.100971 0.012232013349 0.003603 53.54
3 1200 42.363239 -71.100963 0.012242204662 0.003603 53.54
3 1201 42.363246 -71.100956 0.012252395557 0.003603 53.54
3 1202 42.363253 -71.100949 0.012262586453 0.003603 53.54
3 1203 42.363260 -71.100942 0.012272777348 0.003603 53.54
3 1204 42.363267 -71.100935 0.012282968244 0.003603 53.54
3 1205 42.363275 -71.100927 0.012293159139 0.003603 53.54
3 1206 42.363282 -71.100920 0.012303349613 0.003603 53.54
3 1207 42.363289 -71.100913 0.012313540087 0.003603 53.54
3 1208 42.363296 -71.100906 0.012323730562 0.003603 53.54
3 1209 42.363303 -71.100899 0.012333921036 0.003603 53.54
3 1210 42.363311 -71.100891 0.012344111510 0.003603 53.54
3 1211 42.363318 -71.100884 0.012354301558 0.003603 53.54
3 1212 42.363325 -71.100877 0.012364491607 0.003603 53.54
3 1213 42.363332 -71.100870 0.012374681656 0.003603 53.54
3 1214 42.363339 -71.100863 0.012384871704 0.003603 53.54
3 1215 42.363347 -71.100855 0.012395061753 0.003603 53.54
3 1216 42.363354 -71.100848 0.012405251372 0.003603 53.54
3 1217 42.363361 -71.100841 0.012415440991 0.003603 53.54
3 1218 42.363368 -71.100834 0.012425630610 0.003603 53.54
3 1219 42.363375 -71.100827 0.012435820229 0.003603 53.54
3 1220 42.363383 -71.100819 0.012446009848 0.003602 53.54
3 1221 42.363390 -71.100812 0.012456199033 0.003602 53.54
3 1222 42.363397 -71.100805 0.012466388218 0.003602 53.54
3 1223 42.363404 -71.100798 0.012476577404 0.003602 53.54
3 1224 42.363411 -71.100791 0.012486766589 0.003602 53.54
3 1225 42.363419 -71.100783 0.012496955774 0.003602 53.54
3 1226 42.363426 -71.100776 0.012507144522 0.003602 53.54
3 1227 42.363433 -71.100769 0.012517333269 0.003602 53.54
3 1228 42.363440 -71.100762 0.012527522017 0.003602 53.54
3 1229 42.363447 -71.100755 0.012537710764 0.003602 53.54
3 1230 42.363455 -71.100747 0.012547899512 0.003602 53.54
3 1231 42.363462 -71.100740 0.012558087818 0.003602 53.54
3 1232 42.363469 -71.100733 0.012568276123 0.003602 53.54
3 1233 42.363476 -71.100726 0.012578464429 0.003602 53.54
3 1234 42.363483 -71.100719 0.012588652734 0.003602 53.54
3 1235 42.363491 -71.100711 0.012598841040 0.003602 53.54
3 1236 42.363498 -71.100704 0.012609028899 0.003602 53.54
3 1237 42.363505 -71.100697 0.012619216759 0.003602 53.54
3 1238 42.363512 -71.100690 0.012629404619 0.003602 53.54
3 1239 42.363520 -71.100682 0.012639592478 0.003602 53.54
3 1240 42.363527 -71.100675 0.012649780338 0.003602 53.54
3 1241 42.363534 -71.100668 0.012659967747 0.003602 53.54
3 1242 42.363541 -71.100661 0.012670155157 0.003602 53.54
3 1243 42.363548 -71.100654 0.012680342566 0.003602 53.54
3 1244 42.363556 -71.100646 0.012690529976 0.003602 53.54
3 1245 42.363563 -71.100639 0.012700717385 0.003602 53.54
3 1246 42.363570 -71.100632 0.012710904340 0.003602 53.54
3 1247 42.363577 -71.100625 0.012721091295 0.003602 53.54
3 1248 42.363584 -71.100618 0.012731278251 0.003602 53.54
3 1249 42.363592 -71.100610 0.012741465206 0.003602 53.54
3 1250 42.363599 -71.100603 0.012751652161 0.003601 53.54
3 1251 42.363606 -71.100596 0.012761838658 0.003601 53.54
3 1252 42.363613 -71.100589 0.012772025155 0.003601 53.54
3 1253 42.363620 -71.100582 0.012782211652 0.003601 53.54
3 1254 42.363628 -71.100574 0.012792398149 0.003601 53.54
3 1255 42.363635 -71.100567 0.012802584645 0.003601 53.54
3 1256 42.363642 -71.100560 0.012812770680 0.003601 53.54
3 1257 42.363649 -71.100553 0.012822956714 0.003601 53.54
3 1258 42.363656 -71.100546 0.012833142749 0.003601 53.54
3 1259 42.363664 -71.100538 0.012843328783 0.003601 53.54
3 1260 42.363671 -71.100531 0.012853514817 0.003601 53.54
3 1261 42.363678 -71.100524 0.012863700385 0.003601 53.54
3 1262 42.363685 -71.100517 0.012873885953 0.003601 53.54
3 1263 42.363692 -71.100510 0.012884071521 0.003601 53.54
3 1264 42.363700 -71.100502 0.012894257089 0.003601 53.54
3 1265 42.363707 -71.100495 0.012904442657 0.003601 53.54
3 1266 42.363714 -71.100488 0.012914627754 0.003601 53.54
3 1267 42.363721 -71.100481 0.012924812851 0.003601 53.54
3 1268 42.363728 -71.100474 0.012934997948 0.003601 53.54
3 1269 42.363736 -71.100466 0.012945183045 0.003601 53.54
3 1270 42.363743 -71.100459 0.012955368143 0.003601 53.54
3 1271 42.363750 -71.100452 0.012965552765 0.003601 53.54
3 1272 42.363757 -71.100445 0.012975737387 0.003601 53.54
3 1273 42.363764 -71.100438 0.012985922010 0.003601 53.54
3 1274 42.363772 -71.100430 0.012996106632 0.003601 53.54
3 1275 42.363779 -71.100423 0.013006291255 0.003601 53.54
3 1276 42.363786 -71.100416 0.013016475398 0.003601 53.54
3 1277 42.363793 -71.100409 0.013026659542 0.003601 53.54
3 1278 42.363800 -71.100402 0.013036843685 0.003601 53.54
3 1279 42.363808 -71.100394 0.013047027829 0.003601 53.54
3 1280 42.363815 -71.100387 0.013057211972 0.003600 53.54
3 1281 42.363822 -71.100380 0.013067395633 0.003600 53.54
3 1282 42.363829 -71.100373 0.013077579293 0.003600 53.54
3 1283 42.363836 -71.100366 0.013087762954 0.003600 53.54
3 1284 42.363844 -71.100358 0.013097946614 0.003600 53.54
3 1285 42.363851 -71.100351 0.013108130275 0.003600 53.54
3 1286 42.363858 -71.100344 0.013118313448 0.003600 53.54
3 1287 42.363865 -71.100337 0.013128496622 0.003600 53.54
3 1288 42.363872 -71.100330 0.013138679795 0.003600 53.54
3 1289 42.363880 -71.100322 0.013148862969 0.003600 53.54
3 1290 42.363887 -71.100315 0.013159046142 0.003600 53.54
3 1291 42.363894 -71.100308 0.013169228824 0.003600 53.54
3 1292 42.363901 -71.100301 0.013179411506 0.003600 53.54
3 1293 42.363908 -71.100294 0.013189594189 0.003600 53.54
3 1294 42.363916 -71.100286 0.013199776871 0.003600 53.54
3 1295 42.363923 -71.100279 0.013209959553 0.003600 53.54
3 1296 42.363930 -71.100272 0.013220141740 0.003600 53.54
3 1297 42.363937 -71.100265 0.013230323927 0.003600 53.54
3 1298 42.363944 -71.100258 0.013240506114 0.003600 53.54
3 1299 42.363952 -71.100250 0.013250688300 0.003600 53.54
3 1300 42.363959 -71.100243 0.013260870487 0.003600 53.54
3 1301 42.363966 -71.100236 0.013271052175 0.003600 53.54
3 1302 42.363973 -71.100229 0.013281233862 0.003600 53.54
3 1303 42.363980 -71.100222 0.013291415550 0.003600 53.54
3 1304 42.363988 -71.100214 0.013301597237 0.003600 53.54
3 1305 42.363995 -71.100207 0.013311778925 0.003600 53.54
4 1195 42.363202 -71.101000 0.012191248098 0.003603 53.54
4 1196 42.363210 -71.100992 0.012201439411 0.003603 53.54
4 1197 42.363217 -71.100985 0.012211630724 0.003603 53.54
4 1198 42.363224 -71.100978 0.012221822036 0.003603 53.54
4 1199 42.363231 -71.100971 0.012232013349 0.003603 53.54
4 1200 42.363239 -71.100963 0.012242204662 0.003603 53.54
4 1201 42.363246 -71.100956 0.012252395557 0.003603 53.54
4 1202 42.363253 -71.100949 0.012262586453 0.003603 53.54
4 1203 42.363260 -71.100942 0.012272777348 0.003603 53.54
4 1204 42.363267 -71.100935 0.012282968244 0.003603 53.54
4 1205 42.363275 -71.100927 0.012293159139 0.003603 53.54
4 1206 42.363282 -71.100920 0.012303349613 0.003603 53.54
4 1207 42.363289 -71.100913 0.012313540087 0.003603 53.54
4 1208 42.363296 -71.100906 0.012323730562 0.003603 53.54
4 1209 42.363303 -71.100899 0.012333921036 0.003603 53.54
4 1210 42.363311 -71.100891 0.012344111510 0.003603 53.54
4 1211 42.363318 -71.100884 0.012354301558 0.003603 53.54
4 1212 42.363325 -71.100877 0.012364491607 0.003603 53.54
4 1213 42.363332 -71.100870 0.012374681656 0.003603 53.54
4 1214 42.363339 -71.100863 0.012384871704 0.003603 53.54
4 1215 42.363347 -71.100855 0.012395061753 0.003603 53.54
4 1216 42.363354 -71.100848 0.012405251372 0.003603 53.54
4 1217 42.363361 -71.100841 0.012415440991 0.003603 53.54
4 1218 42.363368 -71.100834 0.012425630610 0.003603 53.54
4 1219 42.363375 -71.100827 0.012435820229 0.003603 53.54
4 1220 42.363383 -71.100819 0.012446009848 0.003602 53.54
4 1221 42.363390 -71.100812 0.012456199033 0.003602 53.54
4 1222 42.363397 -71.100805 0.012466388218 0.003602 53.54
4 1223 42.363404 -71.100798 0.012476577404 0.003602 53.54
4 1224 42.363411 -71.100791 0.012486766589 0.003602 53.54
4 1225 42.363419 -71.100783 0.012496955774 0.003602 53.54
4 1226 42.363426 -71.100776 0.012507144522 0.003602 53.54
4 1227 42.363433 -71.100769 0.012517333269 0.003602 53.54
4 1228 42.363440 -71.100762 0.012527522017 0.003602 53.54
4 1229 42.363447 -71.100755 0.012537710764 0.003602 53.54
4 1230 42.363455 -71.100747 0.012547899512 0.003602 53.54
4 1231 42.363462 -71.100740 0.012558087818 0.003602 53.54
4 1232 42.363469 -71.100733 0.012568276123 0.003602 53.54
4 1233 42.363476 -71.100726 0.012578464429 0.003602 53.54
4 1234 42.363483 -71.100719 0.012588652734 0.003602 53.54
4 1235 42.363491 -71.100711 0.012598841040 0.003602 53.54
4 1236 42.363498 -71.100704 0.012609028899 0.003602 53.54
4 1237 42.363505 -71.100697 0.012619216759 0.003602 53.54
4 1238 42.363512 -71.100690 0.012629404619 0.003602 53.54
4 1239 42.363520 -71.100682 0.012639592478 0.003602 53.54
4 1240 42.363527 -71.100675 0.012649780338 0.003602 53.54
4 1241 42.363534 -71.100668 0.012659967747 0.003602 53.54
4 1242 42.363541 -71.100661 0.012670155157 0.003602 53.54
4 1243 42.363548 -71.100654 0.012680342566 0.003602 53.54
4 1244 42.363556 -71.100646 0.012690529976 0.003602 53.54
4 1245 42.363563 -71.100639 0.012700717385 0.003602 53.54
4 1246 42.363570 -71.100632 0.012710904340 0.003602 53.54
4 1247 42.363577 -71.100625 0.012721091295 0.003602 53.54
4 1248 42.363584 -71.100618 0.012731278251 0.003602 53.54
4 1249 42.363592 -71.100610 0.012741465206 0.003602 53.54
4 1250 42.363599 -71.100603 0.012751652161 0.003601 53.54
4 1251 42.363606 -71.100596 0.012761838658 0.003601 53.54
4 1252 42.363613 -71.100589 0.012772025155 0.003601 53.54
4 1253 42.363620 -71.100582 0.012782211652 0.003601 53.54
4 1254 42.363628 -71.100574 0.012792398149 0.003601 53.54
4 1255 42.363635 -71.100567 0.012802584645 0.003601 53.54
4 1256 42.363642 -71.100560 0.012812770680 0.003601 53.54
4 1257 42.363649 -71.100553 0.012822956714 0.003601 53.54
4 1258 42.363656 -71.100546 0.012833142749 0.003601 53.54
4 1259 42.363664 -71.100538 0.012843328783 0.003601 53.54
4 1260 42.363671 -71.100531 0.012853514817 0.003601 53.54
4 1261 42.363678 -71.100524 0.012863700385 0.003601 53.54
4 1262 42.363685 -71.100517 0.012873885953 0.003601 53.54
4 1263 42.363692 -71.100510 0.012884071521 0.003601 53.54
4 1264 42.363700 -71.100502 0.012894257089 0.003601 53.54
4 1265 42.363707 -71.100495 0.012904442657 0.003601 53.54
4 1266 42.363714 -71.100488 0.012914627754 0.003601 53.54
4 1267 42.363721 -71.100481 0.012924812851 0.003601 53.54
4 1268 42.363728 -71.100474 0.012934997948 0.003601 53.54
4 1269 42.363736 -71.100466 0.012945183045 0.003601 53.54
4 1270 42.363743 -71.100459 0.012955368143 0.003601 53.54
4 1271 42.363750 -71.100452 0.012965552765 0.003601 53.54
4 1272 42.363757 -71.100445 0.012975737387 0.003601 53.54
4 1273 42.363764 -71.100438 0.012985922010 0.003601 53.54
4 1274 42.363772 -71.100430 0.012996106632 0.003601 53.54
4 1275 42.363779 -71.100423 0.013006291255 0.003601 53.54
4 1276 42.363786 -71.100416 0.013016475398 0.003601 53.54
4 1277 42.363793 -71.100409 0.013026659542 0.003601 53.54
4 1278 42.363800 -71.100402 0.013036843685 0.003601 53.54
4 1279 42.363808 -71.100394 0.013047027829 0.003601 53.54
4 1280 42.363815 -71.100387 0.013057211972 0.003600 53.54
4 1281 42.363822 -71.100380 0.013067395633 0.003600 53.54
4 1282 42.363829 -71.100373 0.013077579293 0.003600 53.54
4 1283 42.363836 -71.100366 0.013087762954 0.003600 53.54
4 1284 42.363844 -71.100358 0.013097946614 0.003600 53.54
4 1285 42.363851 -71.100351 0.013108130275 0.003600 53.54
4 1286 42.363858 -71.100344 0.013118313448 0.003600 53.54
4 1287 42.363865 -71.100337 0.013128496622 0.003600 53.54
4 1288 42.363872 -71.100330 0.013138679795 0.003600 53.54
4 1289 42.363880 -71.100322 0.013148862969 0.003600 53.54
4 1290 42.363887 -71.100315 0.013159046142 0.003600 53.54
4 1291 42.363894 -71.100308 0.013169228824 0.003600 53.54
4 1292 42.363901 -71.100301 0.013179411506 0.003600 53.54
4 1293 42.363908 -71.100294 0.013189594189 0.003600 53.54
4 1294 42.363916 -71.100286 0.013199776871 0.003600 53.54
4 1295 42.363923 -71.100279 0.013209959553 0.003600 53.54
4 1296 42.363930 -71.100272 0.013220141740 0.003600 53.54
4 1297 42.363937 -71.100265 0.013230323927 0.003600 53.54
4 1298 42.363944 -71.100258 0.013240506114 0.003600 53.54
4 1299 42.363952 -71.100250 0.013250688300 0.003600 53.54
4 1300 42.363959 -71.100243 0.013260870487 0.003600 53.54
4 1301 42.363966 -71.100236 0.013271052175 0.003600 53.54
4 1302 42.363973 -71.100229 0.013281233862 0.003600 53.54
4 1303 42.363980 -71.100222 0.013291415550 0.003600 53.54
4 1304 42.363988 -71.100214 0.013301597237 0.003600 53.54
4 1305 42.363995 -71.100207 0.013311778925 0.003600 53.54
