1 1612 42.366205 -71.097997 0.016438110389 0.003605 53.54
1 1613 42.366213 -71.097989 0.016448306173 0.003605 53.54
1 1614 42.366220 -71.097982 0.016458501956 0.003605 53.54
1 1615 42.366227 -71.097975 0.016468697740 0.003605 53.54
1 1616 42.366234 -71.097968 0.016478893902 0.003605 53.54
1 1617 42.366242 -71.097960 0.016489090065 0.003605 53.54
1 1618 42.366249 -71.097953 0.016499286227 0.003605 53.54
1 1619 42.366256 -71.097946 0.016509482390 0.003605 53.54
1 1620 42.366263 -71.097939 0.016519678552 0.003605 53.54
1 1621 42.366270 -71.097932 0.016529875089 0.003605 53.54
1 1622 42.366278 -71.097924 0.016540071627 0.003605 53.54
1 1623 42.366285 -71.097917 0.016550268164 0.003605 53.54
1 1624 42.366292 -71.097910 0.016560464701 0.003605 53.54
1 1625 42.366299 -71.097903 0.016570661238 0.003605 53.54
1 1626 42.366306 -71.097896 0.016580858146 0.003605 53.54
1 1627 42.366314 -71.097888 0.016591055054 0.003605 53.54
1 1628 42.366321 -71.097881 0.016601251962 0.003605 53.54
1 1629 42.366328 -71.097874 0.016611448870 0.003605 53.54
1 1630 42.366335 -71.097867 0.016621645778 0.003605 53.54
1 1631 42.366342 -71.097860 0.016631843053 0.003605 53.54
1 1632 42.366350 -71.097852 0.016642040327 0.003605 53.54
1 1633 42.366357 -71.097845 0.016652237602 0.003605 53.54
1 1634 42.366364 -71.097838 0.016662434877 0.003605 53.54
1 1635 42.366371 -71.097831 0.016672632151 0.003605 53.54
1 1636 42.366379 -71.097823 0.016682829788 0.003605 53.54
1 1637 42.366386 -71.097816 0.016693027425 0.003605 53.54
1 1638 42.366393 -71.097809 0.016703225063 0.003605 53.54
1 1639 42.366400 -71.097802 0.016713422700 0.003605 53.54
1 1640 42.366407 -71.097795 0.016723620337 0.003606 53.54
1 1641 42.366415 -71.097787 0.016733818332 0.003606 53.54
1 1642 42.366422 -71.097780 0.016744016328 0.003606 53.54
1 1643 42.366429 -71.097773 0.016754214323 0.003606 53.54
1 1644 42.366436 -71.097766 0.016764412319 0.003606 53.54
1 1645 42.366443 -71.097759 0.016774610314 0.003606 53.54
1 1646 42.366451 -71.097751 0.016784808664 0.003606 53.54
1 1647 42.366458 -71.097744 0.016795007014 0.003606 53.54
1 1648 42.366465 -71.097737 0.016805205364 0.003606 53.54
1 1649 42.366472 -71.097730 0.016815403714 0.003606 53.54
1 1650 42.366479 -71.097723 0.016825602063 0.003606 53.54
1 1651 42.366487 -71.097715 0.016835800763 0.003606 53.54
1 1652 42.366494 -71.097708 0.016845999463 0.003606 53.54
1 1653 42.366501 -71.097701 0.016856198163 0.003606 53.54
1 1654 42.366508 -71.097694 0.016866396864 0.003606 53.54
1 1655 42.366516 -71.097686 0.016876595564 0.003606 53.54
1 1656 42.366523 -71.097679 0.016886794610 0.003606 53.54
1 1657 42.366530 -71.097672 0.016896993656 0.003606 53.54
1 1658 42.366537 -71.097665 0.016907192702 0.003606 53.54
1 1659 42.366544 -71.097658 0.016917391748 0.003606 53.54
1 1660 42.366552 -71.097650 0.016927590794 0.003606 53.54
1 1661 42.366559 -71.097643 0.016937790182 0.003606 53.54
1 1662 42.366566 -71.097636 0.016947989570 0.003606 53.54
1 1663 42.366573 -71.097629 0.016958188958 0.003606 53.54
1 1664 42.366580 -71.097622 0.016968388347 0.003606 53.54
1 1665 42.366588 -71.097614 0.016978587735 0.003606 53.54
1 1666 42.366595 -71.097607 0.016988787461 0.003606 53.54
1 1667 42.366602 -71.097600 0.016998987187 0.003606 53.54
1 1668 42.366609 -71.097593 0.017009186913 0.003606 53.54
1 1669 42.366616 -71.097586 0.017019386639 0.003606 53.54
1 1670 42.366624 -71.097578 0.017029586365 0.003606 53.54
1 1671 42.366631 -71.097571 0.017039786425 0.003606 53.54
1 1672 42.366638 -71.097564 0.017049986484 0.003606 53.54
1 1673 42.366645 -71.097557 0.017060186544 0.003606 53.54
1 1674 42.366653 -71.097549 0.017070386604 0.003606 53.54
1 1675 42.366660 -71.097542 0.017080586664 0.003606 53.54
1 1676 42.366667 -71.097535 0.017090787053 0.003606 53.54
1 1677 42.366674 -71.097528 0.017100987443 0.003606 53.54
1 1678 42.366681 -71.097521 0.017111187832 0.003606 53.54
1 1679 42.366689 -71.097513 0.017121388222 0.003606 53.54
1 1680 42.366696 -71.097506 0.017131588611 0.003606 53.54
1 1681 42.366703 -71.097499 0.017141789326 0.003606 53.54
1 1682 42.366710 -71.097492 0.017151990041 0.003606 53.54
1 1683 42.366717 -71.097485 0.017162190757 0.003606 53.54
1 1684 42.366725 -71.097477 0.017172391472 0.003606 53.54
1 1685 42.366732 -71.097470 0.017182592187 0.003607 53.54
1 1686 42.366739 -71.097463 0.017192793223 0.003607 53.54
1 1687 42.366746 -71.097456 0.017202994260 0.003607 53.54
1 1688 42.366754 -71.097448 0.017213195296 0.003607 53.54
1 1689 42.366761 -71.097441 0.017223396333 0.003607 53.54
1 1690 42.366768 -71.097434 0.017233597370 0.003607 53.54
1 1691 42.366775 -71.097427 0.017243798723 0.003607 53.54
1 1692 42.366782 -71.097420 0.017254000077 0.003607 53.54
1 1693 42.366790 -71.097412 0.017264201431 0.003607 53.54
1 1694 42.366797 -71.097405 0.017274402785 0.003607 53.54
1 1695 42.366804 -71.097398 0.017284604139 0.003607 53.54
1 1696 42.366811 -71.097391 0.017294805807 0.003607 53.54
1 1697 42.366818 -71.097384 0.017305007474 0.003607 53.54
1 1698 42.366826 -71.097376 0.017315209141 0.003607 53.54
1 1699 42.366833 -71.097369 0.017325410808 0.003607 53.54
1 1700 42.366840 -71.097362 0.017335612476 0.003607 53.54
1 1701 42.366847 -71.097355 0.017345814452 0.003607 53.54
1 1702 42.366855 -71.097347 0.017356016428 0.003607 53.54
1 1703 42.366862 -71.097340 0.017366218405 0.003607 53.54
1 1704 42.366869 -71.097333 0.017376420381 0.003607 53.54
1 1705 42.366876 -71.097326 0.017386622358 0.003607 53.54
1 1706 42.366883 -71.097319 0.017396824639 0.003607 53.54
1 1707 42.366891 -71.097311 0.017407026921 0.003607 53.54
1 1708 42.366898 -71.097304 0.017417229202 0.003607 53.54
1 1709 42.366905 -71.097297 0.017427431484 0.003607 53.54
1 1710 42.366912 -71.097290 0.017437633765 0.003607 53.54
1 1711 42.366919 -71.097283 0.017447836348 0.003607 53.54
1 1712 42.366927 -71.097275 0.017458038930 0.003607 53.54
1 1713 42.366934 -71.097268 0.017468241513 0.003607 53.54
1 1714 42.366941 -71.097261 0.017478444095 0.003607 53.54
1 1715 42.366948 -71.097254 0.017488646678 0.003607 53.54
1 1716 42.366956 -71.097246 0.017498849557 0.003607 53.54
1 1717 42.366963 -71.097239 0.017509052436 0.003607 53.54
1 1718 42.366970 -71.097232 0.017519255316 0.003607 53.54
1 1719 42.366977 -71.097225 0.017529458195 0.003607 53.54
1 1720 42.366984 -71.097218 0.017539661074 0.003607 53.54
1 1721 42.366992 -71.097210 0.017549864247 0.003607 53.54
1 1722 42.366999 -71.097203 0.017560067419 0.003607 53.54
2 1612 42.366205 -71.097997 0.016438110389 0.003605 53.54
2 1613 42.366213 -71.097989 0.016448306173 0.003605 53.54
2 1614 42.366220 -71.097982 0.016458501956 0.003605 53.54
2 1615 42.366227 -71.097975 0.016468697740 0.003605 53.54
2 1616 42.366234 -71.097968 0.016478893902 0.003605 53.54
2 1617 42.366242 -71.097960 0.016489090065 0.003605 53.54
2 1618 42.366249 -71.097953 0.016499286227 0.003605 53.54
2 1619 42.366256 -71.097946 0.016509482390 0.003605 53.54
2 1620 42.366263 -71.097939 0.016519678552 0.003605 53.54
2 1621 42.366270 -71.097932 0.016529875089 0.003605 53.54
2 1622 42.366278 -71.097924 0.016540071627 0.003605 53.54
2 1623 42.366285 -71.097917 0.016550268164 0.003605 53.54
2 1624 42.366292 -71.097910 0.016560464701 0.003605 53.54
2 1625 42.366299 -71.097903 0.016570661238 0.003605 53.54
2 1626 42.366306 -71.097896 0.016580858146 0.003605 53.54
2 1627 42.366314 -71.097888 0.016591055054 0.003605 53.54
2 1628 42.366321 -71.097881 0.016601251962 0.003605 53.54
2 1629 42.366328 -71.097874 0.016611448870 0.003605 53.54
2 1630 42.366335 -71.097867 0.016621645778 0.003605 53.54
2 1631 42.366342 -71.097860 0.016631843053 0.003605 53.54
2 1632 42.366350 -71.097852 0.016642040327 0.003605 53.54
2 1633 42.366357 -71.097845 0.016652237602 0.003605 53.54
2 1634 42.366364 -71.097838 0.016662434877 0.003605 53.54
2 1635 42.366371 -71.097831 0.016672632151 0.003605 53.54
2 1636 42.366379 -71.097823 0.016682829788 0.003605 53.54
2 1637 42.366386 -71.097816 0.016693027425 0.003605 53.54
2 1638 42.366393 -71.097809 0.016703225063 0.003605 53.54
2 1639 42.366400 -71.097802 0.016713422700 0.003605 53.54
2 1640 42.366407 -71.097795 0.016723620337 0.003606 53.54
2 1641 42.366415 -71.097787 0.016733818332 0.003606 53.54
2 1642 42.366422 -71.097780 0.016744016328 0.003606 53.54
2 1643 42.366429 -71.097773 0.016754214323 0.003606 53.54
2 1644 42.366436 -71.097766 0.016764412319 0.003606 53.54
2 1645 42.366443 -71.097759 0.016774610314 0.003606 53.54
2 1646 42.366451 -71.097751 0.016784808664 0.003606 53.54
2 1647 42.366458 -71.097744 0.016795007014 0.003606 53.54
2 1648 42.366465 -71.097737 0.016805205364 0.003606 53.54
2 1649 42.366472 -71.097730 0.016815403714 0.003606 53.54
2 1650 42.366479 -71.097723 0.016825602063 0.003606 53.54
2 1651 42.366487 -71.097715 0.016835800763 0.003606 53.54
2 1652 42.366494 -71.097708 0.016845999463 0.003606 53.54
2 1653 42.366501 -71.097701 0.016856198163 0.003606 53.54
2 1654 42.366508 -71.097694 0.016866396864 0.003606 53.54
2 1655 42.366516 -71.097686 0.016876595564 0.003606 53.54
2 1656 42.366523 -71.097679 0.016886794610 0.003606 53.54
2 1657 42.366530 -71.097672 0.016896993656 0.003606 53.54
2 1658 42.366537 -71.097665 0.016907192702 0.003606 53.54
2 1659 42.366544 -71.097658 0.016917391748 0.003606 53.54
2 1660 42.366552 -71.097650 0.016927590794 0.003606 53.54
2 1661 42.366559 -71.097643 0.016937790182 0.003606 53.54
2 1662 42.366566 -71.097636 0.016947989570 0.003606 53.54
2 1663 42.366573 -71.097629 0.016958188958 0.003606 53.54
2 1664 42.366580 -71.097622 0.016968388347 0.003606 53.54
2 1665 42.366588 -71.097614 0.016978587735 0.003606 53.54
2 1666 42.366595 -71.097607 0.016988787461 0.003606 53.54
2 1667 42.366602 -71.097600 0.016998987187 0.003606 53.54
2 1668 42.366609 -71.097593 0.017009186913 0.003606 53.54
2 1669 42.366616 -71.097586 0.017019386639 0.003606 53.54
2 1670 42.366624 -71.097578 0.017029586365 0.003606 53.54
2 1671 42.366631 -71.097571 0.017039786425 0.003606 53.54
2 1672 42.366638 -71.097564 0.017049986484 0.003606 53.54
2 1673 42.366645 -71.097557 0.017060186544 0.003606 53.54
2 1674 42.366653 -71.097549 0.017070386604 0.003606 53.54
2 1675 42.366660 -71.097542 0.017080586664 0.003606 53.54
2 1676 42.366667 -71.097535 0.017090787053 0.003606 53.54
2 1677 42.366674 -71.097528 0.017100987443 0.003606 53.54
2 1678 42.366681 -71.097521 0.017111187832 0.003606 53.54
2 1679 42.366689 -71.097513 0.017121388222 0.003606 53.54
2 1680 42.366696 -71.097506 0.017131588611 0.003606 53.54
2 1681 42.366703 -71.097499 0.017141789326 0.003606 53.54
2 1682 42.366710 -71.097492 0.017151990041 0.003606 53.54
2 1683 42.366717 -71.097485 0.017162190757 0.003606 53.54
2 1684 42.366725 -71.097477 0.017172391472 0.003606 53.54
2 1685 42.366732 -71.097470 0.017182592187 0.003607 53.54
2 1686 42.366739 -71.097463 0.017192793223 0.003607 53.54
2 1687 42.366746 -71.097456 0.017202994260 0.003607 53.54
2 1688 42.366754 -71.097448 0.017213195296 0.003607 53.54
2 1689 42.366761 -71.097441 0.017223396333 0.003607 53.54
2 1690 42.366768 -71.097434 0.017233597370 0.003607 53.54
2 1691 42.366775 -71.097427 0.017243798723 0.003607 53.54
2 1692 42.366782 -71.097420 0.017254000077 0.003607 53.54
2 1693 42.366790 -71.097412 0.017264201431 0.003607 53.54
2 1694 42.366797 -71.097405 0.017274402785 0.003607 53.54
2 1695 42.366804 -71.097398 0.017284604139 0.003607 53.54
2 1696 42.366811 -71.097391 0.017294805807 0.003607 53.54
2 1697 42.366818 -71.097384 0.017305007474 0.003607 53.54
2 1698 42.366826 -71.097376 0.017315209141 0.003607 53.54
2 1699 42.366833 -71.097369 0.017325410808 0.003607 53.54
2 1700 42.366840 -71.097362 0.017335612476 0.003607 53.54
2 1701 42.366847 -71.097355 0.017345814452 0.003607 53.54
2 1702 42.366855 -71.097347 0.017356016428 0.003607 53.54
2 1703 42.366862 -71.097340 0.017366218405 0.003607 53.54
2 1704 42.366869 -71.097333 0.017376420381 0.003607 53.54
2 1705 42.366876 -71.097326 0.017386622358 0.003607 53.54
2 1706 42.366883 -71.097319 0.017396824639 0.003607 53.54
2 1707 42.366891 -71.097311 0.017407026921 0.003607 53.54
2 1708 42.366898 -71.097304 0.017417229202 0.003607 53.54
2 1709 42.366905 -71.097297 0.017427431484 0.003607 53.54
2 1710 42.366912 -71.097290 0.017437633765 0.003607 53.54
2 1711 42.366919 -71.097283 0.017447836348 0.003607 53.54
2 1712 42.366927 -71.097275 0.017458038930 0.003607 53.54
2 1713 42.366934 -71.097268 0.017468241513 0.003607 53.54
2 1714 42.366941 -71.097261 0.017478444095 0.003607 53.54
2 1715 42.366948 -71.097254 0.017488646678 0.003607 53.54
2 1716 42.366956 -71.097246 0.017498849557 0.003607 53.54
2 1717 42.366963 -71.097239 0.017509052436 0.003607 53.54
2 1718 42.366970 -71.097232 0.017519255316 0.003607 53.54
2 1719 42.366977 -71.097225 0.017529458195 0.003607 53.54
2 1720 42.366984 -71.097218 0.017539661074 0.003607 53.54
2 1721 42.366992 -71.097210 0.017549864247 0.003607 53.54
2 1722 42.366999 -71.097203 0.017560067419 0.003607 53.54
3 1612 42.366205 -71.097997 0.016438110389 0.003605 53.54
3 1613 42.366213 -71.097989 0.016448306173 0.003605 53.54
3 1614 42.366220 -71.097982 0.016458501956 0.003605 53.54
3 1615 42.366227 -71.097975 0.016468697740 0.003605 53.54
3 1616 42.366234 -71.097968 0.016478893902 0.003605 53.54
3 1617 42.366242 -71.097960 0.016489090065 0.003605 53.54
3 1618 42.366249 -71.097953 0.016499286227 0.003605 53.54
3 1619 42.366256 -71.097946 0.016509482390 0.003605 53.54
3 1620 42.366263 -71.097939 0.016519678552 0.003605 53.54
3 1621 42.366270 -71.097932 0.016529875089 0.003605 53.54
3 1622 42.366278 -71.097924 0.016540071627 0.003605 53.54
3 1623 42.366285 -71.097917 0.016550268164 0.003605 53.54
3 1624 42.366292 -71.097910 0.016560464701 0.003605 53.54
3 1625 42.366299 -71.097903 0.016570661238 0.003605 53.54
3 1626 42.366306 -71.097896 0.016580858146 0.003605 53.54
3 1627 42.366314 -71.097888 0.016591055054 0.003605 53.54
3 1628 42.366321 -71.097881 0.016601251962 0.003605 53.54
3 1629 42.366328 -71.097874 0.016611448870 0.003605 53.54
3 1630 42.366335 -71.097867 0.016621645778 0.003605 53.54
3 1631 42.366342 -71.097860 0.016631843053 0.003605 53.54
3 1632 42.366350 -71.097852 0.016642040327 0.003605 53.54
3 1633 42.366357 -71.097845 0.016652237602 0.003605 53.54
3 1634 42.366364 -71.097838 0.016662434877 0.003605 53.54
3 1635 42.366371 -71.097831 0.016672632151 0.003605 53.54
3 1636 42.366379 -71.097823 0.016682829788 0.003605 53.54
3 1637 42.366386 -71.097816 0.016693027425 0.003605 53.54
3 1638 42.366393 -71.097809 0.016703225063 0.003605 53.54
3 1639 42.366400 -71.097802 0.016713422700 0.003605 53.54
3 1640 42.366407 -71.097795 0.016723620337 0.003606 53.54
3 1641 42.366415 -71.097787 0.016733818332 0.003606 53.54
3 1642 42.366422 -71.097780 0.016744016328 0.003606 53.54
3 1643 42.366429 -71.097773 0.016754214323 0.003606 53.54
3 1644 42.366436 -71.097766 0.016764412319 0.003606 53.54
3 1645 42.366443 -71.097759 0.016774610314 0.003606 53.54
3 1646 42.366451 -71.097751 0.016784808664 0.003606 53.54
3 1647 42.366458 -71.097744 0.016795007014 0.003606 53.54
3 1648 42.366465 -71.097737 0.016805205364 0.003606 53.54
3 1649 42.366472 -71.097730 0.016815403714 0.003606 53.54
3 1650 42.366479 -71.097723 0.016825602063 0.003606 53.54
3 1651 42.366487 -71.097715 0.016835800763 0.003606 53.54
3 1652 42.366494 -71.097708 0.016845999463 0.003606 53.54
3 1653 42.366501 -71.097701 0.016856198163 0.003606 53.54
3 1654 42.366508 -71.097694 0.016866396864 0.003606 53.54
3 1655 42.366516 -71.097686 0.016876595564 0.003606 53.54
3 1656 42.366523 -71.097679 0.016886794610 0.003606 53.54
3 1657 42.366530 -71.097672 0.016896993656 0.003606 53.54
3 1658 42.366537 -71.097665 0.016907192702 0.003606 53.54
3 1659 42.366544 -71.097658 0.016917391748 0.003606 53.54
3 1660 42.366552 -71.097650 0.016927590794 0.003606 53.54
3 1661 42.366559 -71.097643 0.016937790182 0.003606 53.54
3 1662 42.366566 -71.097636 0.016947989570 0.003606 53.54
3 1663 42.366573 -71.097629 0.016958188958 0.003606 53.54
3 1664 42.366580 -71.097622 0.016968388347 0.003606 53.54
3 1665 42.366588 -71.097614 0.016978587735 0.003606 53.54
3 1666 42.366595 -71.097607 0.016988787461 0.003606 53.54
3 1667 42.366602 -71.097600 0.016998987187 0.003606 53.54
3 1668 42.366609 -71.097593 0.017009186913 0.003606 53.54
3 1669 42.366616 -71.097586 0.017019386639 0.003606 53.54
3 1670 42.366624 -71.097578 0.017029586365 0.003606 53.54
3 1671 42.366631 -71.097571 0.017039786425 0.003606 53.54
3 1672 42.366638 -71.097564 0.017049986484 0.003606 53.54
3 1673 42.366645 -71.097557 0.017060186544 0.003606 53.54
3 1674 42.366653 -71.097549 0.017070386604 0.003606 53.54
3 1675 42.366660 -71.097542 0.017080586664 0.003606 53.54
3 1676 42.366667 -71.097535 0.017090787053 0.003606 53.54
3 1677 42.366674 -71.097528 0.017100987443 0.003606 53.54
3 1678 42.366681 -71.097521 0.017111187832 0.003606 53.54
3 1679 42.366689 -71.097513 0.017121388222 0.003606 53.54
3 1680 42.366696 -71.097506 0.017131588611 0.003606 53.54
3 1681 42.366703 -71.097499 0.017141789326 0.003606 53.54
3 1682 42.366710 -71.097492 0.017151990041 0.003606 53.54
3 1683 42.366717 -71.097485 0.017162190757 0.003606 53.54
3 1684 42.366725 -71.097477 0.017172391472 0.003606 53.54
3 1685 42.366732 -71.097470 0.017182592187 0.003607 53.54
3 1686 42.366739 -71.097463 0.017192793223 0.003607 53.54
3 1687 42.366746 -71.097456 0.017202994260 0.003607 53.54
3 1688 42.366754 -71.097448 0.017213195296 0.003607 53.54
3 1689 42.366761 -71.097441 0.017223396333 0.003607 53.54
3 1690 42.366768 -71.097434 0.017233597370 0.003607 53.54
3 1691 42.366775 -71.097427 0.017243798723 0.003607 53.54
3 1692 42.366782 -71.097420 0.017254000077 0.003607 53.54
3 1693 42.366790 -71.097412 0.017264201431 0.003607 53.54
3 1694 42.366797 -71.097405 0.017274402785 0.003607 53.54
3 1695 42.366804 -71.097398 0.017284604139 0.003607 53.54
3 1696 42.366811 -71.097391 0.017294805807 0.003607 53.54
3 1697 42.366818 -71.097384 0.017305007474 0.003607 53.54
3 1698 42.366826 -71.097376 0.017315209141 0.003607 53.54
3 1699 42.366833 -71.097369 0.017325410808 0.003607 53.54
3 1700 42.366840 -71.097362 0.017335612476 0.003607 53.54
3 1701 42.366847 -71.097355 0.017345814452 0.003607 53.54
3 1702 42.366855 -71.097347 0.017356016428 0.003607 53.54
3 1703 42.366862 -71.097340 0.017366218405 0.003607 53.54
3 1704 42.366869 -71.097333 0.017376420381 0.003607 53.54
3 1705 42.366876 -71.097326 0.017386622358 0.003607 53.54
3 1706 42.366883 -71.097319 0.017396824639 0.003607 53.54
3 1707 42.366891 -71.097311 0.017407026921 0.003607 53.54
3 1708 42.366898 -71.097304 0.017417229202 0.003607 53.54
3 1709 42.366905 -71.097297 0.017427431484 0.003607 53.54
3 1710 42.366912 -71.097290 0.017437633765 0.003607 53.54
3 1711 42.366919 -71.097283 0.017447836348 0.003607 53.54
3 1712 42.366927 -71.097275 0.017458038930 0.003607 53.54
3 1713 42.366934 -71.097268 0.017468241513 0.003607 53.54
3 1714 42.366941 -71.097261 0.017478444095 0.003607 53.54
3 1715 42.366948 -71.097254 0.017488646678 0.003607 53.54
3 1716 42.366956 -71.097246 0.017498849557 0.003607 53.54
3 1717 42.366963 -71.097239 0.017509052436 0.003607 53.54
3 1718 42.366970 -71.097232 0.017519255316 0.003607 53.54
3 1719 42.366977 -71.097225 0.017529458195 0.003607 53.54
3 1720 42.366984 -71.097218 0.017539661074 0.003607 53.54
3 1721 42.366992 -71.097210 0.017549864247 0.003607 53.54
3 1722 42.366999 -71.097203 0.017560067419 0.003607 53.54
4 1612 42.366205 -71.097997 0.016438110389 0.003605 53.54
4 1613 42.366213 -71.097989 0.016448306173 0.003605 53.54
4 1614 42.366220 -71.097982 0.016458501956 0.003605 53.54
4 1615 42.366227 -71.097975 0.016468697740 0.003605 53.54
4 1616 42.366234 -71.097968 0.016478893902 0.003605 53.54
4 1617 42.366242 -71.097960 0.016489090065 0.003605 53.54
4 1618 42.366249 -71.097953 0.016499286227 0.003605 53.54
4 1619 42.366256 -71.097946 0.016509482390 0.003605 53.54
4 1620 42.366263 -71.097939 0.016519678552 0.003605 53.54
4 1621 42.366270 -71.097932 0.016529875089 0.003605 53.54
4 1622 42.366278 -71.097924 0.016540071627 0.003605 53.54
4 1623 42.366285 -71.097917 0.016550268164 0.003605 53.54
4 1624 42.366292 -71.097910 0.016560464701 0.003605 53.54
4 1625 42.366299 -71.097903 0.016570661238 0.003605 53.54
4 1626 42.366306 -71.097896 0.016580858146 0.003605 53.54
4 1627 42.366314 -71.097888 0.016591055054 0.003605 53.54
4 1628 42.366321 -71.097881 0.016601251962 0.003605 53.54
4 1629 42.366328 -71.097874 0.016611448870 0.003605 53.54
4 1630 42.366335 -71.097867 0.016621645778 0.003605 53.54
4 1631 42.366342 -71.097860 0.016631843053 0.003605 53.54
4 1632 42.366350 -71.097852 0.016642040327 0.003605 53.54
4 1633 42.366357 -71.097845 0.016652237602 0.003605 53.54
4 1634 42.366364 -71.097838 0.016662434877 0.003605 53.54
4 1635 42.366371 -71.097831 0.016672632151 0.003605 53.54
4 1636 42.366379 -71.097823 0.016682829788 0.003605 53.54
4 1637 42.366386 -71.097816 0.016693027425 0.003605 53.54
4 1638 42.366393 -71.097809 0.016703225063 0.003605 53.54
4 1639 42.366400 -71.097802 0.016713422700 0.003605 53.54
4 1640 42.366407 -71.097795 0.016723620337 0.003606 53.54
4 1641 42.366415 -71.097787 0.016733818332 0.003606 53.54
4 1642 42.366422 -71.097780 0.016744016328 0.003606 53.54
4 1643 42.366429 -71.097773 0.016754214323 0.003606 53.54
4 1644 42.366436 -71.097766 0.016764412319 0.003606 53.54
4 1645 42.366443 -71.097759 0.016774610314 0.003606 53.54
4 1646 42.366451 -71.097751 0.016784808664 0.003606 53.54
4 1647 42.366458 -71.097744 0.016795007014 0.003606 53.54
4 1648 42.366465 -71.097737 0.016805205364 0.003606 53.54
4 1649 42.366472 -71.097730 0.016815403714 0.003606 53.54
4 1650 42.366479 -71.097723 0.016825602063 0.003606 53.54
4 1651 42.366487 -71.097715 0.016835800763 0.003606 53.54
4 1652 42.366494 -71.097708 0.016845999463 0.003606 53.54
4 1653 42.366501 -71.097701 0.016856198163 0.003606 53.54
4 1654 42.366508 -71.097694 0.016866396864 0.003606 53.54
4 1655 42.366516 -71.097686 0.016876595564 0.003606 53.54
4 1656 42.366523 -71.097679 0.016886794610 0.003606 53.54
4 1657 42.366530 -71.097672 0.016896993656 0.003606 53.54
4 1658 42.366537 -71.097665 0.016907192702 0.003606 53.54
4 1659 42.366544 -71.097658 0.016917391748 0.003606 53.54
4 1660 42.366552 -71.097650 0.016927590794 0.003606 53.54
4 1661 42.366559 -71.097643 0.016937790182 0.003606 53.54
4 1662 42.366566 -71.097636 0.016947989570 0.003606 53.54
4 1663 42.366573 -71.097629 0.016958188958 0.003606 53.54
4 1664 42.366580 -71.097622 0.016968388347 0.003606 53.54
4 1665 42.366588 -71.097614 0.016978587735 0.003606 53.54
4 1666 42.366595 -71.097607 0.016988787461 0.003606 53.54
4 1667 42.366602 -71.097600 0.016998987187 0.003606 53.54
4 1668 42.366609 -71.097593 0.017009186913 0.003606 53.54
4 1669 42.366616 -71.097586 0.017019386639 0.003606 53.54
4 1670 42.366624 -71.097578 0.017029586365 0.003606 53.54
4 1671 42.366631 -71.097571 0.017039786425 0.003606 53.54
4 1672 42.366638 -71.097564 0.017049986484 0.003606 53.54
4 1673 42.366645 -71.097557 0.017060186544 0.003606 53.54
4 1674 42.366653 -71.097549 0.017070386604 0.003606 53.54
4 1675 42.366660 -71.097542 0.017080586664 0.003606 53.54
4 1676 42.366667 -71.097535 0.017090787053 0.003606 53.54
4 1677 42.366674 -71.097528 0.017100987443 0.003606 53.54
4 1678 42.366681 -71.097521 0.017111187832 0.003606 53.54
4 1679 42.366689 -71.097513 0.017121388222 0.003606 53.54
4 1680 42.366696 -71.097506 0.017131588611 0.003606 53.54
4 1681 42.366703 -71.097499 0.017141789326 0.003606 53.54
4 1682 42.366710 -71.097492 0.017151990041 0.003606 53.54
4 1683 42.366717 -71.097485 0.017162190757 0.003606 53.54
4 1684 42.366725 -71.097477 0.017172391472 0.003606 53.54
4 1685 42.366732 -71.097470 0.017182592187 0.003607 53.54
4 1686 42.366739 -71.097463 0.017192793223 0.003607 53.54
4 1687 42.366746 -71.097456 0.017202994260 0.003607 53.54
4 1688 42.366754 -71.097448 0.017213195296 0.003607 53.54
4 1689 42.366761 -71.097441 0.017223396333 0.003607 53.54
4 1690 42.366768 -71.097434 0.017233597370 0.003607 53.54
4 1691 42.366775 -71.097427 0.017243798723 0.003607 53.54
4 1692 42.366782 -71.097420 0.017254000077 0.003607 53.54
4 1693 42.366790 -71.097412 0.017264201431 0.003607 53.54
4 1694 42.366797 -71.097405 0.017274402785 0.003607 53.54
4 1695 42.366804 -71.097398 0.017284604139 0.003607 53.54
4 1696 42.366811 -71.097391 0.017294805807 0.003607 53.54
4 1697 42.366818 -71.097384 0.017305007474 0.003607 53.54
4 1698 42.366826 -71.097376 0.017315209141 0.003607 53.54
4 1699 42.366833 -71.097369 0.017325410808 0.003607 53.54
4 1700 42.366840 -71.097362 0.017335612476 0.003607 53.54
4 1701 42.366847 -71.097355 0.017345814452 0.003607 53.54
4 1702 42.366855 -71.097347 0.017356016428 0.003607 53.54
4 1703 42.366862 -71.097340 0.017366218405 0.003607 53.54
4 1704 42.366869 -71.097333 0.017376420381 0.003607 53.54
4 1705 42.366876 -71.097326 0.017386622358 0.003607 53.54
4 1706 42.366883 -71.097319 0.017396824639 0.003607 53.54
4 1707 42.366891 -71.097311 0.017407026921 0.003607 53.54
4 1708 42.366898 -71.097304 0.017417229202 0.003607 53.54
4 1709 42.366905 -71.097297 0.017427431484 0.003607 53.54
4 1710 42.366912 -71.097290 0.017437633765 0.003607 53.54
4 1711 42.366919 -71.097283 0.017447836348 0.003607 53.54
4 1712 42.366927 -71.097275 0.017458038930 0.003607 53.54
4 1713 42.366934 -71.097268 0.017468241513 0.003607 53.54
4 1714 42.366941 -71.097261 0.017478444095 0.003607 53.54
4 1715 42.366948 -71.097254 0.017488646678 0.003607 53.54
4 1716 42.366956 -71.097246 0.017498849557 0.003607 53.54
4 1717 42.366963 -71.097239 0.017509052436 0.003607 53.54
4 1718 42.366970 -71.097232 0.017519255316 0.003607 53.54
4 1719 42.366977 -71.097225 0.017529458195 0.003607 53.54
4 1720 42.366984 -71.097218 0.017539661074 0.003607 53.54
4 1721 42.366992 -71.097210 0.017549864247 0.003607 53.54
4 1722 42.366999 -71.097203 0.017560067419 0.003607 53.54
