1 780 42.360208 -71.103994 0.007956605707 0.003610 53.54
1 781 42.360215 -71.103987 0.007966817360 0.003610 53.54
1 782 42.360223 -71.103979 0.007977029012 0.003610 53.54
1 783 42.360230 -71.103972 0.007987240665 0.003610 53.54
1 784 42.360237 -71.103965 0.007997452318 0.003610 53.54
1 785 42.360244 -71.103958 0.008007663970 0.003610 53.54
1 786 42.360251 -71.103951 0.008017875546 0.003610 53.54
1 787 42.360259 -71.103943 0.008028087121 0.003610 53.54
1 788 42.360266 -71.103936 0.008038298697 0.003610 53.54
1 789 42.360273 -71.103929 0.008048510273 0.003610 53.54
1 790 42.360280 -71.103922 0.008058721848 0.003610 53.54
1 791 42.360288 -71.103914 0.008068933342 0.003610 53.54
1 792 42.360295 -71.103907 0.008079144837 0.003610 53.54
1 793 42.360302 -71.103900 0.008089356331 0.003610 53.54
1 794 42.360309 -71.103893 0.008099567825 0.003610 53.54
1 795 42.360316 -71.103886 0.008109779320 0.003610 53.54
1 796 42.360324 -71.103878 0.008119990729 0.003610 53.54
1 797 42.360331 -71.103871 0.008130202138 0.003610 53.54
1 798 42.360338 -71.103864 0.008140413547 0.003610 53.54
1 799 42.360345 -71.103857 0.008150624956 0.003610 53.54
1 800 42.360353 -71.103849 0.008160836365 0.003610 53.54
1 801 42.360360 -71.103842 0.008171047685 0.003610 53.54
1 802 42.360367 -71.103835 0.008181259004 0.003610 53.54
1 803 42.360374 -71.103828 0.008191470324 0.003610 53.54
1 804 42.360381 -71.103821 0.008201681644 0.003610 53.54
1 805 42.360389 -71.103813 0.008211892964 0.003610 53.54
1 806 42.360396 -71.103806 0.008222104190 0.003610 53.54
1 807 42.360403 -71.103799 0.008232315416 0.003610 53.54
1 808 42.360410 -71.103792 0.008242526642 0.003610 53.54
1 809 42.360418 -71.103784 0.008252737868 0.003610 53.54
1 810 42.360425 -71.103777 0.008262949094 0.003610 53.54
1 811 42.360432 -71.103770 0.008273160223 0.003610 53.54
1 812 42.360439 -71.103763 0.008283371352 0.003610 53.54
1 813 42.360446 -71.103756 0.008293582480 0.003610 53.54
1 814 42.360454 -71.103748 0.008303793609 0.003610 53.54
1 815 42.360461 -71.103741 0.008314004738 0.003610 53.54
1 816 42.360468 -71.103734 0.008324215765 0.003610 53.54
1 817 42.360475 -71.103727 0.008334426792 0.003610 53.54
1 818 42.360483 -71.103719 0.008344637818 0.003610 53.54
1 819 42.360490 -71.103712 0.008354848845 0.003610 53.54
1 820 42.360497 -71.103705 0.008365059872 0.003610 53.54
1 821 42.360504 -71.103698 0.008375270794 0.003610 53.54
1 822 42.360511 -71.103691 0.008385481715 0.003610 53.54
1 823 42.360519 -71.103683 0.008395692636 0.003610 53.54
1 824 42.360526 -71.103676 0.008405903557 0.003610 53.54
1 825 42.360533 -71.103669 0.008416114478 0.003610 53.54
1 826 42.360540 -71.103662 0.008426325290 0.003610 53.54
1 827 42.360547 -71.103655 0.008436536101 0.003610 53.54
1 828 42.360555 -71.103647 0.008446746912 0.003610 53.54
1 829 42.360562 -71.103640 0.008456957724 0.003610 53.54
1 830 42.360569 -71.103633 0.008467168535 0.003610 53.54
1 831 42.360576 -71.103626 0.008477379232 0.003610 53.54
1 832 42.360584 -71.103618 0.008487589930 0.003610 53.54
1 833 42.360591 -71.103611 0.008497800627 0.003610 53.54
1 834 42.360598 -71.103604 0.008508011325 0.003610 53.54
1 835 42.360605 -71.103597 0.008518222022 0.003610 53.54
1 836 42.360612 -71.103590 0.008528432601 0.003610 53.54
1 837 42.360620 -71.103582 0.008538643181 0.003610 53.54
1 838 42.360627 -71.103575 0.008548853760 0.003610 53.54
1 839 42.360634 -71.103568 0.008559064339 0.003610 53.54
1 840 42.360641 -71.103561 0.008569274919 0.003610 53.54
1 841 42.360649 -71.103553 0.008579485376 0.003610 53.54
1 842 42.360656 -71.103546 0.008589695833 0.003610 53.54
1 843 42.360663 -71.103539 0.008599906290 0.003610 53.54
1 844 42.360670 -71.103532 0.008610116747 0.003610 53.54
1 845 42.360677 -71.103525 0.008620327205 0.003610 53.54
1 846 42.360685 -71.103517 0.008630537536 0.003610 53.54
1 847 42.360692 -71.103510 0.008640747867 0.003610 53.54
1 848 42.360699 -71.103503 0.008650958198 0.003610 53.54
1 849 42.360706 -71.103496 0.008661168529 0.003610 53.54
1 850 42.360714 -71.103488 0.008671378860 0.003610 53.54
1 851 42.360721 -71.103481 0.008681589060 0.003610 53.54
1 852 42.360728 -71.103474 0.008691799261 0.003610 53.54
1 853 42.360735 -71.103467 0.008702009461 0.003610 53.54
1 854 42.360742 -71.103460 0.008712219662 0.003610 53.54
1 855 42.360750 -71.103452 0.008722429863 0.003610 53.54
1 856 42.360757 -71.103445 0.008732639929 0.003610 53.54
1 857 42.360764 -71.103438 0.008742849995 0.003610 53.54
1 858 42.360771 -71.103431 0.008753060061 0.003610 53.54
1 859 42.360779 -71.103423 0.008763270128 0.003610 53.54
1 860 42.360786 -71.103416 0.008773480194 0.003610 53.54
1 861 42.360793 -71.103409 0.008783690122 0.003610 53.54
1 862 42.360800 -71.103402 0.008793900049 0.003610 53.54
1 863 42.360807 -71.103395 0.008804109977 0.003610 53.54
1 864 42.360815 -71.103387 0.008814319905 0.003610 53.54
1 865 42.360822 -71.103380 0.008824529832 0.003610 53.54
1 866 42.360829 -71.103373 0.008834739617 0.003610 53.54
1 867 42.360836 -71.103366 0.008844949403 0.003610 53.54
1 868 42.360844 -71.103358 0.008855159188 0.003610 53.54
1 869 42.360851 -71.103351 0.008865368973 0.003610 53.54
1 870 42.360858 -71.103344 0.008875578758 0.003610 53.54
1 871 42.360865 -71.103337 0.008885788396 0.003610 53.54
1 872 42.360872 -71.103330 0.008895998035 0.003610 53.54
1 873 42.360880 -71.103322 0.008906207673 0.003610 53.54
1 874 42.360887 -71.103315 0.008916417311 0.003610 53.54
1 875 42.360894 -71.103308 0.008926626950 0.003610 53.54
1 876 42.360901 -71.103301 0.008936836437 0.003610 53.54
1 877 42.360908 -71.103294 0.008947045925 0.003610 53.54
1 878 42.360916 -71.103286 0.008957255412 0.003610 53.54
1 879 42.360923 -71.103279 0.008967464900 0.003610 53.54
1 880 42.360930 -71.103272 0.008977674388 0.003610 53.54
1 881 42.360937 -71.103265 0.008987883720 0.003610 53.54
1 882 42.360945 -71.103257 0.008998093053 0.003610 53.54
1 883 42.360952 -71.103250 0.009008302386 0.003610 53.54
1 884 42.360959 -71.103243 0.009018511718 0.003610 53.54
1 885 42.360966 -71.103236 0.009028721051 0.003609 53.54
1 886 42.360973 -71.103229 0.009038930225 0.003609 53.54
1 887 42.360981 -71.103221 0.009049139398 0.003609 53.54
1 888 42.360988 -71.103214 0.009059348572 0.003609 53.54
1 889 42.360995 -71.103207 0.009069557746 0.003609 53.54
2 780 42.360208 -71.103994 0.007956605707 0.003610 53.54
2 781 42.360215 -71.103987 0.007966817360 0.003610 53.54
2 782 42.360223 -71.103979 0.007977029012 0.003610 53.54
2 783 42.360230 -71.103972 0.007987240665 0.003610 53.54
2 784 42.360237 -71.103965 0.007997452318 0.003610 53.54
2 785 42.360244 -71.103958 0.008007663970 0.003610 53.54
2 786 42.360251 -71.103951 0.008017875546 0.003610 53.54
2 787 42.360259 -71.103943 0.008028087121 0.003610 53.54
2 788 42.360266 -71.103936 0.008038298697 0.003610 53.54
2 789 42.360273 -71.103929 0.008048510273 0.003610 53.54
2 790 42.360280 -71.103922 0.008058721848 0.003610 53.54
2 791 42.360288 -71.103914 0.008068933342 0.003610 53.54
2 792 42.360295 -71.103907 0.008079144837 0.003610 53.54
2 793 42.360302 -71.103900 0.008089356331 0.003610 53.54
2 794 42.360309 -71.103893 0.008099567825 0.003610 53.54
2 795 42.360316 -71.103886 0.008109779320 0.003610 53.54
2 796 42.360324 -71.103878 0.008119990729 0.003610 53.54
2 797 42.360331 -71.103871 0.008130202138 0.003610 53.54
2 798 42.360338 -71.103864 0.008140413547 0.003610 53.54
2 799 42.360345 -71.103857 0.008150624956 0.003610 53.54
2 800 42.360353 -71.103849 0.008160836365 0.003610 53.54
2 801 42.360360 -71.103842 0.008171047685 0.003610 53.54
2 802 42.360367 -71.103835 0.008181259004 0.003610 53.54
2 803 42.360374 -71.103828 0.008191470324 0.003610 53.54
2 804 42.360381 -71.103821 0.008201681644 0.003610 53.54
2 805 42.360389 -71.103813 0.008211892964 0.003610 53.54
2 806 42.360396 -71.103806 0.008222104190 0.003610 53.54
2 807 42.360403 -71.103799 0.008232315416 0.003610 53.54
2 808 42.360410 -71.103792 0.008242526642 0.003610 53.54
2 809 42.360418 -71.103784 0.008252737868 0.003610 53.54
2 810 42.360425 -71.103777 0.008262949094 0.003610 53.54
2 811 42.360432 -71.103770 0.008273160223 0.003610 53.54
2 812 42.360439 -71.103763 0.008283371352 0.003610 53.54
2 813 42.360446 -71.103756 0.008293582480 0.003610 53.54
2 814 42.360454 -71.103748 0.008303793609 0.003610 53.54
2 815 42.360461 -71.103741 0.008314004738 0.003610 53.54
2 816 42.360468 -71.103734 0.008324215765 0.003610 53.54
2 817 42.360475 -71.103727 0.008334426792 0.003610 53.54
2 818 42.360483 -71.103719 0.008344637818 0.003610 53.54
2 819 42.360490 -71.103712 0.008354848845 0.003610 53.54
2 820 42.360497 -71.103705 0.008365059872 0.003610 53.54
2 821 42.360504 -71.103698 0.008375270794 0.003610 53.54
2 822 42.360511 -71.103691 0.008385481715 0.003610 53.54
2 823 42.360519 -71.103683 0.008395692636 0.003610 53.54
2 824 42.360526 -71.103676 0.008405903557 0.003610 53.54
2 825 42.360533 -71.103669 0.008416114478 0.003610 53.54
2 826 42.360540 -71.103662 0.008426325290 0.003610 53.54
2 827 42.360547 -71.103655 0.008436536101 0.003610 53.54
2 828 42.360555 -71.103647 0.008446746912 0.003610 53.54
2 829 42.360562 -71.103640 0.008456957724 0.003610 53.54
2 830 42.360569 -71.103633 0.008467168535 0.003610 53.54
2 831 42.360576 -71.103626 0.008477379232 0.003610 53.54
2 832 42.360584 -71.103618 0.008487589930 0.003610 53.54
2 833 42.360591 -71.103611 0.008497800627 0.003610 53.54
2 834 42.360598 -71.103604 0.008508011325 0.003610 53.54
2 835 42.360605 -71.103597 0.008518222022 0.003610 53.54
2 836 42.360612 -71.103590 0.008528432601 0.003610 53.54
2 837 42.360620 -71.103582 0.008538643181 0.003610 53.54
2 838 42.360627 -71.103575 0.008548853760 0.003610 53.54
2 839 42.360634 -71.103568 0.008559064339 0.003610 53.54
2 840 42.360641 -71.103561 0.008569274919 0.003610 53.54
2 841 42.360649 -71.103553 0.008579485376 0.003610 53.54
2 842 42.360656 -71.103546 0.008589695833 0.003610 53.54
2 843 42.360663 -71.103539 0.008599906290 0.003610 53.54
2 844 42.360670 -71.103532 0.008610116747 0.003610 53.54
2 845 42.360677 -71.103525 0.008620327205 0.003610 53.54
2 846 42.360685 -71.103517 0.008630537536 0.003610 53.54
2 847 42.360692 -71.103510 0.008640747867 0.003610 53.54
2 848 42.360699 -71.103503 0.008650958198 0.003610 53.54
2 849 42.360706 -71.103496 0.008661168529 0.003610 53.54
2 850 42.360714 -71.103488 0.008671378860 0.003610 53.54
2 851 42.360721 -71.103481 0.008681589060 0.003610 53.54
2 852 42.360728 -71.103474 0.008691799261 0.003610 53.54
2 853 42.360735 -71.103467 0.008702009461 0.003610 53.54
2 854 42.360742 -71.103460 0.008712219662 0.003610 53.54
2 855 42.360750 -71.103452 0.008722429863 0.003610 53.54
2 856 42.360757 -71.103445 0.008732639929 0.003610 53.54
2 857 42.360764 -71.103438 0.008742849995 0.003610 53.54
2 858 42.360771 -71.103431 0.008753060061 0.003610 53.54
2 859 42.360779 -71.103423 0.008763270128 0.003610 53.54
2 860 42.360786 -71.103416 0.008773480194 0.003610 53.54
2 861 42.360793 -71.103409 0.008783690122 0.003610 53.54
2 862 42.360800 -71.103402 0.008793900049 0.003610 53.54
2 863 42.360807 -71.103395 0.008804109977 0.003610 53.54
2 864 42.360815 -71.103387 0.008814319905 0.003610 53.54
2 865 42.360822 -71.103380 0.008824529832 0.003610 53.54
2 866 42.360829 -71.103373 0.008834739617 0.003610 53.54
2 867 42.360836 -71.103366 0.008844949403 0.003610 53.54
2 868 42.360844 -71.103358 0.008855159188 0.003610 53.54
2 869 42.360851 -71.103351 0.008865368973 0.003610 53.54
2 870 42.360858 -71.103344 0.008875578758 0.003610 53.54
2 871 42.360865 -71.103337 0.008885788396 0.003610 53.54
2 872 42.360872 -71.103330 0.008895998035 0.003610 53.54
2 873 42.360880 -71.103322 0.008906207673 0.003610 53.54
2 874 42.360887 -71.103315 0.008916417311 0.003610 53.54
2 875 42.360894 -71.103308 0.008926626950 0.003610 53.54
2 876 42.360901 -71.103301 0.008936836437 0.003610 53.54
2 877 42.360908 -71.103294 0.008947045925 0.003610 53.54
2 878 42.360916 -71.103286 0.008957255412 0.003610 53.54
2 879 42.360923 -71.103279 0.008967464900 0.003610 53.54
2 880 42.360930 -71.103272 0.008977674388 0.003610 53.54
2 881 42.360937 -71.103265 0.008987883720 0.003610 53.54
2 882 42.360945 -71.103257 0.008998093053 0.003610 53.54
2 883 42.360952 -71.103250 0.009008302386 0.003610 53.54
2 884 42.360959 -71.103243 0.009018511718 0.003610 53.54
2 885 42.360966 -71.103236 0.009028721051 0.003609 53.54
2 886 42.360973 -71.103229 0.009038930225 0.003609 53.54
2 887 42.360981 -71.103221 0.009049139398 0.003609 53.54
2 888 42.360988 -71.103214 0.009059348572 0.003609 53.54
2 889 42.360995 -71.103207 0.009069557746 0.003609 53.54
3 780 42.360208 -71.103994 0.007956605707 0.003610 53.54
3 781 42.360215 -71.103987 0.007966817360 0.003610 53.54
3 782 42.360223 -71.103979 0.007977029012 0.003610 53.54
3 783 42.360230 -71.103972 0.007987240665 0.003610 53.54
3 784 42.360237 -71.103965 0.007997452318 0.003610 53.54
3 785 42.360244 -71.103958 0.008007663970 0.003610 53.54
3 786 42.360251 -71.103951 0.008017875546 0.003610 53.54
3 787 42.360259 -71.103943 0.008028087121 0.003610 53.54
3 788 42.360266 -71.103936 0.008038298697 0.003610 53.54
3 789 42.360273 -71.103929 0.008048510273 0.003610 53.54
3 790 42.360280 -71.103922 0.008058721848 0.003610 53.54
3 791 42.360288 -71.103914 0.008068933342 0.003610 53.54
3 792 42.360295 -71.103907 0.008079144837 0.003610 53.54
3 793 42.360302 -71.103900 0.008089356331 0.003610 53.54
3 794 42.360309 -71.103893 0.008099567825 0.003610 53.54
3 795 42.360316 -71.103886 0.008109779320 0.003610 53.54
3 796 42.360324 -71.103878 0.008119990729 0.003610 53.54
3 797 42.360331 -71.103871 0.008130202138 0.003610 53.54
3 798 42.360338 -71.103864 0.008140413547 0.003610 53.54
3 799 42.360345 -71.103857 0.008150624956 0.003610 53.54
3 800 42.360353 -71.103849 0.008160836365 0.003610 53.54
3 801 42.360360 -71.103842 0.008171047685 0.003610 53.54
3 802 42.360367 -71.103835 0.008181259004 0.003610 53.54
3 803 42.360374 -71.103828 0.008191470324 0.003610 53.54
3 804 42.360381 -71.103821 0.008201681644 0.003610 53.54
3 805 42.360389 -71.103813 0.008211892964 0.003610 53.54
3 806 42.360396 -71.103806 0.008222104190 0.003610 53.54
3 807 42.360403 -71.103799 0.008232315416 0.003610 53.54
3 808 42.360410 -71.103792 0.008242526642 0.003610 53.54
3 809 42.360418 -71.103784 0.008252737868 0.003610 53.54
3 810 42.360425 -71.103777 0.008262949094 0.003610 53.54
3 811 42.360432 -71.103770 0.008273160223 0.003610 53.54
3 812 42.360439 -71.103763 0.008283371352 0.003610 53.54
3 813 42.360446 -71.103756 0.008293582480 0.003610 53.54
3 814 42.360454 -71.103748 0.008303793609 0.003610 53.54
3 815 42.360461 -71.103741 0.008314004738 0.003610 53.54
3 816 42.360468 -71.103734 0.008324215765 0.003610 53.54
3 817 42.360475 -71.103727 0.008334426792 0.003610 53.54
3 818 42.360483 -71.103719 0.008344637818 0.003610 53.54
3 819 42.360490 -71.103712 0.008354848845 0.003610 53.54
3 820 42.360497 -71.103705 0.008365059872 0.003610 53.54
3 821 42.360504 -71.103698 0.008375270794 0.003610 53.54
3 822 42.360511 -71.103691 0.008385481715 0.003610 53.54
3 823 42.360519 -71.103683 0.008395692636 0.003610 53.54
3 824 42.360526 -71.103676 0.008405903557 0.003610 53.54
3 825 42.360533 -71.103669 0.008416114478 0.003610 53.54
3 826 42.360540 -71.103662 0.008426325290 0.003610 53.54
3 827 42.360547 -71.103655 0.008436536101 0.003610 53.54
3 828 42.360555 -71.103647 0.008446746912 0.003610 53.54
3 829 42.360562 -71.103640 0.008456957724 0.003610 53.54
3 830 42.360569 -71.103633 0.008467168535 0.003610 53.54
3 831 42.360576 -71.103626 0.008477379232 0.003610 53.54
3 832 42.360584 -71.103618 0.008487589930 0.003610 53.54
3 833 42.360591 -71.103611 0.008497800627 0.003610 53.54
3 834 42.360598 -71.103604 0.008508011325 0.003610 53.54
3 835 42.360605 -71.103597 0.008518222022 0.003610 53.54
3 836 42.360612 -71.103590 0.008528432601 0.003610 53.54
3 837 42.360620 -71.103582 0.008538643181 0.003610 53.54
3 838 42.360627 -71.103575 0.008548853760 0.003610 53.54
3 839 42.360634 -71.103568 0.008559064339 0.003610 53.54
3 840 42.360641 -71.103561 0.008569274919 0.003610 53.54
3 841 42.360649 -71.103553 0.008579485376 0.003610 53.54
3 842 42.360656 -71.103546 0.008589695833 0.003610 53.54
3 843 42.360663 -71.103539 0.008599906290 0.003610 53.54
3 844 42.360670 -71.103532 0.008610116747 0.003610 53.54
3 845 42.360677 -71.103525 0.008620327205 0.003610 53.54
3 846 42.360685 -71.103517 0.008630537536 0.003610 53.54
3 847 42.360692 -71.103510 0.008640747867 0.003610 53.54
3 848 42.360699 -71.103503 0.008650958198 0.003610 53.54
3 849 42.360706 -71.103496 0.008661168529 0.003610 53.54
3 850 42.360714 -71.103488 0.008671378860 0.003610 53.54
3 851 42.360721 -71.103481 0.008681589060 0.003610 53.54
3 852 42.360728 -71.103474 0.008691799261 0.003610 53.54
3 853 42.360735 -71.103467 0.008702009461 0.003610 53.54
3 854 42.360742 -71.103460 0.008712219662 0.003610 53.54
3 855 42.360750 -71.103452 0.008722429863 0.003610 53.54
3 856 42.360757 -71.103445 0.008732639929 0.003610 53.54
3 857 42.360764 -71.103438 0.008742849995 0.003610 53.54
3 858 42.360771 -71.103431 0.008753060061 0.003610 53.54
3 859 42.360779 -71.103423 0.008763270128 0.003610 53.54
3 860 42.360786 -71.103416 0.008773480194 0.003610 53.54
3 861 42.360793 -71.103409 0.008783690122 0.003610 53.54
3 862 42.360800 -71.103402 0.008793900049 0.003610 53.54
3 863 42.360807 -71.103395 0.008804109977 0.003610 53.54
3 864 42.360815 -71.103387 0.008814319905 0.003610 53.54
3 865 42.360822 -71.103380 0.008824529832 0.003610 53.54
3 866 42.360829 -71.103373 0.008834739617 0.003610 53.54
3 867 42.360836 -71.103366 0.008844949403 0.003610 53.54
3 868 42.360844 -71.103358 0.008855159188 0.003610 53.54
3 869 42.360851 -71.103351 0.008865368973 0.003610 53.54
3 870 42.360858 -71.103344 0.008875578758 0.003610 53.54
3 871 42.360865 -71.103337 0.008885788396 0.003610 53.54
3 872 42.360872 -71.103330 0.008895998035 0.003610 53.54
3 873 42.360880 -71.103322 0.008906207673 0.003610 53.54
3 874 42.360887 -71.103315 0.008916417311 0.003610 53.54
3 875 42.360894 -71.103308 0.008926626950 0.003610 53.54
3 876 42.360901 -71.103301 0.008936836437 0.003610 53.54
3 877 42.360908 -71.103294 0.008947045925 0.003610 53.54
3 878 42.360916 -71.103286 0.008957255412 0.003610 53.54
3 879 42.360923 -71.103279 0.008967464900 0.003610 53.54
3 880 42.360930 -71.103272 0.008977674388 0.003610 53.54
3 881 42.360937 -71.103265 0.008987883720 0.003610 53.54
3 882 42.360945 -71.103257 0.008998093053 0.003610 53.54
3 883 42.360952 -71.103250 0.009008302386 0.003610 53.54
3 884 42.360959 -71.103243 0.009018511718 0.003610 53.54
3 885 42.360966 -71.103236 0.009028721051 0.003609 53.54
3 886 42.360973 -71.103229 0.009038930225 0.003609 53.54
3 887 42.360981 -71.103221 0.009049139398 0.003609 53.54
3 888 42.360988 -71.103214 0.009059348572 0.003609 53.54
3 889 42.360995 -71.103207 0.009069557746 0.003609 53.54
4 780 42.360208 -71.103994 0.007956605707 0.003610 53.54
4 781 42.360215 -71.103987 0.007966817360 0.003610 53.54
4 782 42.360223 -71.103979 0.007977029012 0.003610 53.54
4 783 42.360230 -71.103972 0.007987240665 0.003610 53.54
4 784 42.360237 -71.103965 0.007997452318 0.003610 53.54
4 785 42.360244 -71.103958 0.008007663970 0.003610 53.54
4 786 42.360251 -71.103951 0.008017875546 0.003610 53.54
4 787 42.360259 -71.103943 0.008028087121 0.003610 53.54
4 788 42.360266 -71.103936 0.008038298697 0.003610 53.54
4 789 42.360273 -71.103929 0.008048510273 0.003610 53.54
4 790 42.360280 -71.103922 0.008058721848 0.003610 53.54
4 791 42.360288 -71.103914 0.008068933342 0.003610 53.54
4 792 42.360295 -71.103907 0.008079144837 0.003610 53.54
4 793 42.360302 -71.103900 0.008089356331 0.003610 53.54
4 794 42.360309 -71.103893 0.008099567825 0.003610 53.54
4 795 42.360316 -71.103886 0.008109779320 0.003610 53.54
4 796 42.360324 -71.103878 0.008119990729 0.003610 53.54
4 797 42.360331 -71.103871 0.008130202138 0.003610 53.54
4 798 42.360338 -71.103864 0.008140413547 0.003610 53.54
4 799 42.360345 -71.103857 0.008150624956 0.003610 53.54
4 800 42.360353 -71.103849 0.008160836365 0.003610 53.54
4 801 42.360360 -71.103842 0.008171047685 0.003610 53.54
4 802 42.360367 -71.103835 0.008181259004 0.003610 53.54
4 803 42.360374 -71.103828 0.008191470324 0.003610 53.54
4 804 42.360381 -71.103821 0.008201681644 0.003610 53.54
4 805 42.360389 -71.103813 0.008211892964 0.003610 53.54
4 806 42.360396 -71.103806 0.008222104190 0.003610 53.54
4 807 42.360403 -71.103799 0.008232315416 0.003610 53.54
4 808 42.360410 -71.103792 0.008242526642 0.003610 53.54
4 809 42.360418 -71.103784 0.008252737868 0.003610 53.54
4 810 42.360425 -71.103777 0.008262949094 0.003610 53.54
4 811 42.360432 -71.103770 0.008273160223 0.003610 53.54
4 812 42.360439 -71.103763 0.008283371352 0.003610 53.54
4 813 42.360446 -71.103756 0.008293582480 0.003610 53.54
4 814 42.360454 -71.103748 0.008303793609 0.003610 53.54
4 815 42.360461 -71.103741 0.008314004738 0.003610 53.54
4 816 42.360468 -71.103734 0.008324215765 0.003610 53.54
4 817 42.360475 -71.103727 0.008334426792 0.003610 53.54
4 818 42.360483 -71.103719 0.008344637818 0.003610 53.54
4 819 42.360490 -71.103712 0.008354848845 0.003610 53.54
4 820 42.360497 -71.103705 0.008365059872 0.003610 53.54
4 821 42.360504 -71.103698 0.008375270794 0.003610 53.54
4 822 42.360511 -71.103691 0.008385481715 0.003610 53.54
4 823 42.360519 -71.103683 0.008395692636 0.003610 53.54
4 824 42.360526 -71.103676 0.008405903557 0.003610 53.54
4 825 42.360533 -71.103669 0.008416114478 0.003610 53.54
4 826 42.360540 -71.103662 0.008426325290 0.003610 53.54
4 827 42.360547 -71.103655 0.008436536101 0.003610 53.54
4 828 42.360555 -71.103647 0.008446746912 0.003610 53.54
4 829 42.360562 -71.103640 0.008456957724 0.003610 53.54
4 830 42.360569 -71.103633 0.008467168535 0.003610 53.54
4 831 42.360576 -71.103626 0.008477379232 0.003610 53.54
4 832 42.360584 -71.103618 0.008487589930 0.003610 53.54
4 833 42.360591 -71.103611 0.008497800627 0.003610 53.54
4 834 42.360598 -71.103604 0.008508011325 0.003610 53.54
4 835 42.360605 -71.103597 0.008518222022 0.003610 53.54
4 836 42.360612 -71.103590 0.008528432601 0.003610 53.54
4 837 42.360620 -71.103582 0.008538643181 0.003610 53.54
4 838 42.360627 -71.103575 0.008548853760 0.003610 53.54
4 839 42.360634 -71.103568 0.008559064339 0.003610 53.54
4 840 42.360641 -71.103561 0.008569274919 0.003610 53.54
4 841 42.360649 -71.103553 0.008579485376 0.003610 53.54
4 842 42.360656 -71.103546 0.008589695833 0.003610 53.54
4 843 42.360663 -71.103539 0.008599906290 0.003610 53.54
4 844 42.360670 -71.103532 0.008610116747 0.003610 53.54
4 845 42.360677 -71.103525 0.008620327205 0.003610 53.54
4 846 42.360685 -71.103517 0.008630537536 0.003610 53.54
4 847 42.360692 -71.103510 0.008640747867 0.003610 53.54
4 848 42.360699 -71.103503 0.008650958198 0.003610 53.54
4 849 42.360706 -71.103496 0.008661168529 0.003610 53.54
4 850 42.360714 -71.103488 0.008671378860 0.003610 53.54
4 851 42.360721 -71.103481 0.008681589060 0.003610 53.54
4 852 42.360728 -71.103474 0.008691799261 0.003610 53.54
4 853 42.360735 -71.103467 0.008702009461 0.003610 53.54
4 854 42.360742 -71.103460 0.008712219662 0.003610 53.54
4 855 42.360750 -71.103452 0.008722429863 0.003610 53.54
4 856 42.360757 -71.103445 0.008732639929 0.003610 53.54
4 857 42.360764 -71.103438 0.008742849995 0.003610 53.54
4 858 42.360771 -71.103431 0.008753060061 0.003610 53.54
4 859 42.360779 -71.103423 0.008763270128 0.003610 53.54
4 860 42.360786 -71.103416 0.008773480194 0.003610 53.54
4 861 42.360793 -71.103409 0.008783690122 0.003610 53.54
4 862 42.360800 -71.103402 0.008793900049 0.003610 53.54
4 863 42.360807 -71.103395 0.008804109977 0.003610 53.54
4 864 42.360815 -71.103387 0.008814319905 0.003610 53.54
4 865 42.360822 -71.103380 0.008824529832 0.003610 53.54
4 866 42.360829 -71.103373 0.008834739617 0.003610 53.54
4 867 42.360836 -71.103366 0.008844949403 0.003610 53.54
4 868 42.360844 -71.103358 0.008855159188 0.003610 53.54
4 869 42.360851 -71.103351 0.008865368973 0.003610 53.54
4 870 42.360858 -71.103344 0.008875578758 0.003610 53.54
4 871 42.360865 -71.103337 0.008885788396 0.003610 53.54
4 872 42.360872 -71.103330 0.008895998035 0.003610 53.54
4 873 42.360880 -71.103322 0.008906207673 0.003610 53.54
4 874 42.360887 -71.103315 0.008916417311 0.003610 53.54
4 875 42.360894 -71.103308 0.008926626950 0.003610 53.54
4 876 42.360901 -71.103301 0.008936836437 0.003610 53.54
4 877 42.360908 -71.103294 0.008947045925 0.003610 53.54
4 878 42.360916 -71.103286 0.008957255412 0.003610 53.54
4 879 42.360923 -71.103279 0.008967464900 0.003610 53.54
4 880 42.360930 -71.103272 0.008977674388 0.003610 53.54
4 881 42.360937 -71.103265 0.008987883720 0.003610 53.54
4 882 42.360945 -71.103257 0.008998093053 0.003610 53.54
4 883 42.360952 -71.103250 0.009008302386 0.003610 53.54
4 884 42.360959 -71.103243 0.009018511718 0.003610 53.54
4 885 42.360966 -71.103236 0.009028721051 0.003609 53.54
4 886 42.360973 -71.103229 0.009038930225 0.003609 53.54
4 887 42.360981 -71.103221 0.009049139398 0.003609 53.54
4 888 42.360988 -71.103214 0.009059348572 0.003609 53.54
4 889 42.360995 -71.103207 0.009069557746 0.003609 53.54
