1 1723 42.367006 -71.097196 0.017570270591 0.003607 53.54
1 1724 42.367013 -71.097189 0.017580473763 0.003607 53.54
1 1725 42.367020 -71.097182 0.017590676935 0.003607 53.54
1 1726 42.367028 -71.097174 0.017600880396 0.003607 53.54
1 1727 42.367035 -71.097167 0.017611083857 0.003607 53.54
1 1728 42.367042 -71.097160 0.017621287318 0.003607 53.54
1 1729 42.367049 -71.097153 0.017631490779 0.003607 53.54
1 1730 42.367057 -71.097145 0.017641694239 0.003608 53.54
1 1731 42.367064 -71.097138 0.017651897985 0.003608 53.54
1 1732 42.367071 -71.097131 0.017662101730 0.003608 53.54
1 1733 42.367078 -71.097124 0.017672305476 0.003608 53.54
1 1734 42.367085 -71.097117 0.017682509221 0.003608 53.54
1 1735 42.367093 -71.097109 0.017692712966 0.003608 53.54
1 1736 42.367100 -71.097102 0.017702916992 0.003608 53.54
1 1737 42.367107 -71.097095 0.017713121018 0.003608 53.54
1 1738 42.367114 -71.097088 0.017723325044 0.003608 53.54
1 1739 42.367121 -71.097081 0.017733529070 0.003608 53.54
1 1740 42.367129 -71.097073 0.017743733096 0.003608 53.54
1 1741 42.367136 -71.097066 0.017753937398 0.003608 53.54
1 1742 42.367143 -71.097059 0.017764141700 0.003608 53.54
1 1743 42.367150 -71.097052 0.017774346003 0.003608 53.54
1 1744 42.367158 -71.097044 0.017784550305 0.003608 53.54
1 1745 42.367165 -71.097037 0.017794754607 0.003608 53.54
1 1746 42.367172 -71.097030 0.017804959182 0.003608 53.54
1 1747 42.367179 -71.097023 0.017815163756 0.003608 53.54
1 1748 42.367186 -71.097016 0.017825368331 0.003608 53.54
1 1749 42.367194 -71.097008 0.017835572905 0.003608 53.54
1 1750 42.367201 -71.097001 0.017845777480 0.003608 53.54
2 1723 42.367006 -71.097196 0.017570270591 0.003607 53.54
2 1724 42.367013 -71.097189 0.017580473763 0.003607 53.54
2 1725 42.367020 -71.097182 0.017590676935 0.003607 53.54
2 1726 42.367028 -71.097174 0.017600880396 0.003607 53.54
2 1727 42.367035 -71.097167 0.017611083857 0.003607 53.54
2 1728 42.367042 -71.097160 0.017621287318 0.003607 53.54
2 1729 42.367049 -71.097153 0.017631490779 0.003607 53.54
2 1730 42.367057 -71.097145 0.017641694239 0.003608 53.54
2 1731 42.367064 -71.097138 0.017651897985 0.003608 53.54
2 1732 42.367071 -71.097131 0.017662101730 0.003608 53.54
2 1733 42.367078 -71.097124 0.017672305476 0.003608 53.54
2 1734 42.367085 -71.097117 0.017682509221 0.003608 53.54
2 1735 42.367093 -71.097109 0.017692712966 0.003608 53.54
2 1736 42.367100 -71.097102 0.017702916992 0.003608 53.54
2 1737 42.367107 -71.097095 0.017713121018 0.003608 53.54
2 1738 42.367114 -71.097088 0.017723325044 0.003608 53.54
2 1739 42.367121 -71.097081 0.017733529070 0.003608 53.54
2 1740 42.367129 -71.097073 0.017743733096 0.003608 53.54
2 1741 42.367136 -71.097066 0.017753937398 0.003608 53.54
2 1742 42.367143 -71.097059 0.017764141700 0.003608 53.54
2 1743 42.367150 -71.097052 0.017774346003 0.003608 53.54
2 1744 42.367158 -71.097044 0.017784550305 0.003608 53.54
2 1745 42.367165 -71.097037 0.017794754607 0.003608 53.54
2 1746 42.367172 -71.097030 0.017804959182 0.003608 53.54
2 1747 42.367179 -71.097023 0.017815163756 0.003608 53.54
2 1748 42.367186 -71.097016 0.017825368331 0.003608 53.54
2 1749 42.367194 -71.097008 0.017835572905 0.003608 53.54
2 1750 42.367201 -71.097001 0.017845777480 0.003608 53.54
3 1723 42.367006 -71.097196 0.017570270591 0.003607 53.54
3 1724 42.367013 -71.097189 0.017580473763 0.003607 53.54
3 1725 42.367020 -71.097182 0.017590676935 0.003607 53.54
3 1726 42.367028 -71.097174 0.017600880396 0.003607 53.54
3 1727 42.367035 -71.097167 0.017611083857 0.003607 53.54
3 1728 42.367042 -71.097160 0.017621287318 0.003607 53.54
3 1729 42.367049 -71.097153 0.017631490779 0.003607 53.54
3 1730 42.367057 -71.097145 0.017641694239 0.003608 53.54
3 1731 42.367064 -71.097138 0.017651897985 0.003608 53.54
3 1732 42.367071 -71.097131 0.017662101730 0.003608 53.54
3 1733 42.367078 -71.097124 0.017672305476 0.003608 53.54
3 1734 42.367085 -71.097117 0.017682509221 0.003608 53.54
3 1735 42.367093 -71.097109 0.017692712966 0.003608 53.54
3 1736 42.367100 -71.097102 0.017702916992 0.003608 53.54
3 1737 42.367107 -71.097095 0.017713121018 0.003608 53.54
3 1738 42.367114 -71.097088 0.017723325044 0.003608 53.54
3 1739 42.367121 -71.097081 0.017733529070 0.003608 53.54
3 1740 42.367129 -71.097073 0.017743733096 0.003608 53.54
3 1741 42.367136 -71.097066 0.017753937398 0.003608 53.54
3 1742 42.367143 -71.097059 0.017764141700 0.003608 53.54
3 1743 42.367150 -71.097052 0.017774346003 0.003608 53.54
3 1744 42.367158 -71.097044 0.017784550305 0.003608 53.54
3 1745 42.367165 -71.097037 0.017794754607 0.003608 53.54
3 1746 42.367172 -71.097030 0.017804959182 0.003608 53.54
3 1747 42.367179 -71.097023 0.017815163756 0.003608 53.54
3 1748 42.367186 -71.097016 0.017825368331 0.003608 53.54
3 1749 42.367194 -71.097008 0.017835572905 0.003608 53.54
3 1750 42.367201 -71.097001 0.017845777480 0.003608 53.54
4 1723 42.367006 -71.097196 0.017570270591 0.003607 53.54
4 1724 42.367013 -71.097189 0.017580473763 0.003607 53.54
4 1725 42.367020 -71.097182 0.017590676935 0.003607 53.54
4 1726 42.367028 -71.097174 0.017600880396 0.003607 53.54
4 1727 42.367035 -71.097167 0.017611083857 0.003607 53.54
4 1728 42.367042 -71.097160 0.017621287318 0.003607 53.54
4 1729 42.367049 -71.097153 0.017631490779 0.003607 53.54
4 1730 42.367057 -71.097145 0.017641694239 0.003608 53.54
4 1731 42.367064 -71.097138 0.017651897985 0.003608 53.54
4 1732 42.367071 -71.097131 0.017662101730 0.003608 53.54
4 1733 42.367078 -71.097124 0.017672305476 0.003608 53.54
4 1734 42.367085 -71.097117 0.017682509221 0.003608 53.54
4 1735 42.367093 -71.097109 0.017692712966 0.003608 53.54
4 1736 42.367100 -71.097102 0.017702916992 0.003608 53.54
4 1737 42.367107 -71.097095 0.017713121018 0.003608 53.54
4 1738 42.367114 -71.097088 0.017723325044 0.003608 53.54
4 1739 42.367121 -71.097081 0.017733529070 0.003608 53.54
4 1740 42.367129 -71.097073 0.017743733096 0.003608 53.54
4 1741 42.367136 -71.097066 0.017753937398 0.003608 53.54
4 1742 42.367143 -71.097059 0.017764141700 0.003608 53.54
4 1743 42.367150 -71.097052 0.017774346003 0.003608 53.54
4 1744 42.367158 -71.097044 0.017784550305 0.003608 53.54
4 1745 42.367165 -71.097037 0.017794754607 0.003608 53.54
4 1746 42.367172 -71.097030 0.017804959182 0.003608 53.54
4 1747 42.367179 -71.097023 0.017815163756 0.003608 53.54
4 1748 42.367186 -71.097016 0.017825368331 0.003608 53.54
4 1749 42.367194 -71.097008 0.017835572905 0.003608 53.54
4 1750 42.367201 -71.097001 0.017845777480 0.003608 53.54
