1 1306 42.364002 -71.100200 0.013321960108 0.003600 53.54
1 1307 42.364009 -71.100193 0.013332141292 0.003600 53.54
1 1308 42.364016 -71.100186 0.013342322476 0.003600 53.54
1 1309 42.364024 -71.100178 0.013352503660 0.003600 53.54
1 1310 42.364031 -71.100171 0.013362684844 0.003599 53.54
1 1311 42.364038 -71.100164 0.013372865520 0.003599 53.54
1 1312 42.364045 -71.100157 0.013383046196 0.003599 53.54
1 1313 42.364052 -71.100150 0.013393226873 0.003599 53.54
1 1314 42.364060 -71.100142 0.013403407549 0.003599 53.54
1 1315 42.364067 -71.100135 0.013413588225 0.003599 53.54
1 1316 42.364074 -71.100128 0.013423768390 0.003599 53.54
1 1317 42.364081 -71.100121 0.013433948554 0.003599 53.54
1 1318 42.364088 -71.100114 0.013444128719 0.003599 53.54
1 1319 42.364096 -71.100106 0.013454308883 0.003599 53.54
1 1320 42.364103 -71.100099 0.013464489048 0.003599 53.54
1 1321 42.364110 -71.100092 0.013474668696 0.003599 53.54
1 1322 42.364117 -71.100085 0.013484848345 0.003599 53.54
1 1323 42.364124 -71.100078 0.013495027993 0.003599 53.54
1 1324 42.364132 -71.100070 0.013505207642 0.003599 53.54
1 1325 42.364139 -71.100063 0.013515387290 0.003599 53.54
1 1326 42.364146 -71.100056 0.013525566419 0.003599 53.54
1 1327 42.364153 -71.100049 0.013535745548 0.003599 53.54
1 1328 42.364160 -71.100042 0.013545924676 0.003599 53.54
1 1329 42.364168 -71.100034 0.013556103805 0.003599 53.54
1 1330 42.364175 -71.100027 0.013566282933 0.003599 53.54
1 1331 42.364182 -71.100020 0.013576461538 0.003599 53.54
1 1332 42.364189 -71.100013 0.013586640142 0.003599 53.54
1 1333 42.364196 -71.100006 0.013596818747 0.003599 53.54
2 1306 42.364002 -71.100200 0.013321960108 0.003600 53.54
2 1307 42.364009 -71.100193 0.013332141292 0.003600 53.54
2 1308 42.364016 -71.100186 0.013342322476 0.003600 53.54
2 1309 42.364024 -71.100178 0.013352503660 0.003600 53.54
2 1310 42.364031 -71.100171 0.013362684844 0.003599 53.54
2 1311 42.364038 -71.100164 0.013372865520 0.003599 53.54
2 1312 42.364045 -71.100157 0.013383046196 0.003599 53.54
2 1313 42.364052 -71.100150 0.013393226873 0.003599 53.54
2 1314 42.364060 -71.100142 0.013403407549 0.003599 53.54
2 1315 42.364067 -71.100135 0.013413588225 0.003599 53.54
2 1316 42.364074 -71.100128 0.013423768390 0.003599 53.54
2 1317 42.364081 -71.100121 0.013433948554 0.003599 53.54
2 1318 42.364088 -71.100114 0.013444128719 0.003599 53.54
2 1319 42.364096 -71.100106 0.013454308883 0.003599 53.54
2 1320 42.364103 -71.100099 0.013464489048 0.003599 53.54
2 1321 42.364110 -71.100092 0.013474668696 0.003599 53.54
2 1322 42.364117 -71.100085 0.013484848345 0.003599 53.54
2 1323 42.364124 -71.100078 0.013495027993 0.003599 53.54
2 1324 42.364132 -71.100070 0.013505207642 0.003599 53.54
2 1325 42.364139 -71.100063 0.013515387290 0.003599 53.54
2 1326 42.364146 -71.100056 0.013525566419 0.003599 53.54
2 1327 42.364153 -71.100049 0.013535745548 0.003599 53.54
2 1328 42.364160 -71.100042 0.013545924676 0.003599 53.54
2 1329 42.364168 -71.100034 0.013556103805 0.003599 53.54
2 1330 42.364175 -71.100027 0.013566282933 0.003599 53.54
2 1331 42.364182 -71.100020 0.013576461538 0.003599 53.54
2 1332 42.364189 -71.100013 0.013586640142 0.003599 53.54
2 1333 42.364196 -71.100006 0.013596818747 0.003599 53.54
3 1306 42.364002 -71.100200 0.013321960108 0.003600 53.54
3 1307 42.364009 -71.100193 0.013332141292 0.003600 53.54
3 1308 42.364016 -71.100186 0.013342322476 0.003600 53.54
3 1309 42.364024 -71.100178 0.013352503660 0.003600 53.54
3 1310 42.364031 -71.100171 0.013362684844 0.003599 53.54
3 1311 42.364038 -71.100164 0.013372865520 0.003599 53.54
3 1312 42.364045 -71.100157 0.013383046196 0.003599 53.54
3 1313 42.364052 -71.100150 0.013393226873 0.003599 53.54
3 1314 42.364060 -71.100142 0.013403407549 0.003599 53.54
3 1315 42.364067 -71.100135 0.013413588225 0.003599 53.54
3 1316 42.364074 -71.100128 0.013423768390 0.003599 53.54
3 1317 42.364081 -71.100121 0.013433948554 0.003599 53.54
3 1318 42.364088 -71.100114 0.013444128719 0.003599 53.54
3 1319 42.364096 -71.100106 0.013454308883 0.003599 53.54
3 1320 42.364103 -71.100099 0.013464489048 0.003599 53.54
3 1321 42.364110 -71.100092 0.013474668696 0.003599 53.54
3 1322 42.364117 -71.100085 0.013484848345 0.003599 53.54
3 1323 42.364124 -71.100078 0.013495027993 0.003599 53.54
3 1324 42.364132 -71.100070 0.013505207642 0.003599 53.54
3 1325 42.364139 -71.100063 0.013515387290 0.003599 53.54
3 1326 42.364146 -71.100056 0.013525566419 0.003599 53.54
3 1327 42.364153 -71.100049 0.013535745548 0.003599 53.54
3 1328 42.364160 -71.100042 0.013545924676 0.003599 53.54
3 1329 42.364168 -71.100034 0.013556103805 0.003599 53.54
3 1330 42.364175 -71.100027 0.013566282933 0.003599 53.54
3 1331 42.364182 -71.100020 0.013576461538 0.003599 53.54
3 1332 42.364189 -71.100013 0.013586640142 0.003599 53.54
3 1333 42.364196 -71.100006 0.013596818747 0.003599 53.54
4 1306 42.364002 -71.100200 0.013321960108 0.003600 53.54
4 1307 42.364009 -71.100193 0.013332141292 0.003600 53.54
4 1308 42.364016 -71.100186 0.013342322476 0.003600 53.54
4 1309 42.364024 -71.100178 0.013352503660 0.003600 53.54
4 1310 42.364031 -71.100171 0.013362684844 0.003599 53.54
4 1311 42.364038 -71.100164 0.013372865520 0.003599 53.54
4 1312 42.364045 -71.100157 0.013383046196 0.003599 53.54
4 1313 42.364052 -71.100150 0.013393226873 0.003599 53.54
4 1314 42.364060 -71.100142 0.013403407549 0.003599 53.54
4 1315 42.364067 -71.100135 0.013413588225 0.003599 53.54
4 1316 42.364074 -71.100128 0.013423768390 0.003599 53.54
4 1317 42.364081 -71.100121 0.013433948554 0.003599 53.54
4 1318 42.364088 -71.100114 0.013444128719 0.003599 53.54
4 1319 42.364096 -71.100106 0.013454308883 0.003599 53.54
4 1320 42.364103 -71.100099 0.013464489048 0.003599 53.54
4 1321 42.364110 -71.100092 0.013474668696 0.003599 53.54
4 1322 42.364117 -71.100085 0.013484848345 0.003599 53.54
4 1323 42.364124 -71.100078 0.013495027993 0.003599 53.54
4 1324 42.364132 -71.100070 0.013505207642 0.003599 53.54
4 1325 42.364139 -71.100063 0.013515387290 0.003599 53.54
4 1326 42.364146 -71.100056 0.013525566419 0.003599 53.54
4 1327 42.364153 -71.100049 0.013535745548 0.003599 53.54
4 1328 42.364160 -71.100042 0.013545924676 0.003599 53.54
4 1329 42.364168 -71.100034 0.013556103805 0.003599 53.54
4 1330 42.364175 -71.100027 0.013566282933 0.003599 53.54
4 1331 42.364182 -71.100020 0.013576461538 0.003599 53.54
4 1332 42.364189 -71.100013 0.013586640142 0.003599 53.54
4 1333 42.364196 -71.100006 0.013596818747 0.003599 53.54
