1 2000 42.369006 -71.095196 0.020398204072 0.003611 53.54
1 2001 42.369013 -71.095189 0.020408417099 0.003611 53.54
1 2002 42.369020 -71.095182 0.020418630127 0.003611 53.54
1 2003 42.369027 -71.095175 0.020428843154 0.003611 53.54
1 2004 42.369035 -71.095167 0.020439056181 0.003611 53.54
1 2005 42.369042 -71.095160 0.020449269209 0.003611 53.54
1 2006 42.369049 -71.095153 0.020459482295 0.003611 53.54
1 2007 42.369056 -71.095146 0.020469695382 0.003611 53.54
1 2008 42.369063 -71.095139 0.020479908469 0.003611 53.54
1 2009 42.369071 -71.095131 0.020490121555 0.003611 53.54
1 2010 42.369078 -71.095124 0.020500334642 0.003611 53.54
1 2011 42.369085 -71.095117 0.020510547784 0.003611 53.54
1 2012 42.369092 -71.095110 0.020520760926 0.003611 53.54
1 2013 42.369100 -71.095102 0.020530974067 0.003611 53.54
1 2014 42.369107 -71.095095 0.020541187209 0.003611 53.54
1 2015 42.369114 -71.095088 0.020551400351 0.003611 53.54
1 2016 42.369121 -71.095081 0.020561613544 0.003611 53.54
1 2017 42.369128 -71.095074 0.020571826737 0.003611 53.54
1 2018 42.369136 -71.095066 0.020582039929 0.003611 53.54
1 2019 42.369143 -71.095059 0.020592253122 0.003611 53.54
1 2020 42.369150 -71.095052 0.020602466315 0.003611 53.54
1 2021 42.369157 -71.095045 0.020612679555 0.003611 53.54
1 2022 42.369165 -71.095037 0.020622892795 0.003611 53.54
1 2023 42.369172 -71.095030 0.020633106035 0.003611 53.54
1 2024 42.369179 -71.095023 0.020643319274 0.003611 53.54
1 2025 42.369186 -71.095016 0.020653532514 0.003611 53.54
1 2026 42.369193 -71.095009 0.020663745797 0.003611 53.54
1 2027 42.369201 -71.095001 0.020673959080 0.003611 53.54
2 2000 42.369006 -71.095196 0.020398204072 0.003611 53.54
2 2001 42.369013 -71.095189 0.020408417099 0.003611 53.54
2 2002 42.369020 -71.095182 0.020418630127 0.003611 53.54
2 2003 42.369027 -71.095175 0.020428843154 0.003611 53.54
2 2004 42.369035 -71.095167 0.020439056181 0.003611 53.54
2 2005 42.369042 -71.095160 0.020449269209 0.003611 53.54
2 2006 42.369049 -71.095153 0.020459482295 0.003611 53.54
2 2007 42.369056 -71.095146 0.020469695382 0.003611 53.54
2 2008 42.369063 -71.095139 0.020479908469 0.003611 53.54
2 2009 42.369071 -71.095131 0.020490121555 0.003611 53.54
2 2010 42.369078 -71.095124 0.020500334642 0.003611 53.54
2 2011 42.369085 -71.095117 0.020510547784 0.003611 53.54
2 2012 42.369092 -71.095110 0.020520760926 0.003611 53.54
2 2013 42.369100 -71.095102 0.020530974067 0.003611 53.54
2 2014 42.369107 -71.095095 0.020541187209 0.003611 53.54
2 2015 42.369114 -71.095088 0.020551400351 0.003611 53.54
2 2016 42.369121 -71.095081 0.020561613544 0.003611 53.54
2 2017 42.369128 -71.095074 0.020571826737 0.003611 53.54
2 2018 42.369136 -71.095066 0.020582039929 0.003611 53.54
2 2019 42.369143 -71.095059 0.020592253122 0.003611 53.54
2 2020 42.369150 -71.095052 0.020602466315 0.003611 53.54
2 2021 42.369157 -71.095045 0.020612679555 0.003611 53.54
2 2022 42.369165 -71.095037 0.020622892795 0.003611 53.54
2 2023 42.369172 -71.095030 0.020633106035 0.003611 53.54
2 2024 42.369179 -71.095023 0.020643319274 0.003611 53.54
2 2025 42.369186 -71.095016 0.020653532514 0.003611 53.54
2 2026 42.369193 -71.095009 0.020663745797 0.003611 53.54
2 2027 42.369201 -71.095001 0.020673959080 0.003611 53.54
3 2000 42.369006 -71.095196 0.020398204072 0.003611 53.54
3 2001 42.369013 -71.095189 0.020408417099 0.003611 53.54
3 2002 42.369020 -71.095182 0.020418630127 0.003611 53.54
3 2003 42.369027 -71.095175 0.020428843154 0.003611 53.54
3 2004 42.369035 -71.095167 0.020439056181 0.003611 53.54
3 2005 42.369042 -71.095160 0.020449269209 0.003611 53.54
3 2006 42.369049 -71.095153 0.020459482295 0.003611 53.54
3 2007 42.369056 -71.095146 0.020469695382 0.003611 53.54
3 2008 42.369063 -71.095139 0.020479908469 0.003611 53.54
3 2009 42.369071 -71.095131 0.020490121555 0.003611 53.54
3 2010 42.369078 -71.095124 0.020500334642 0.003611 53.54
3 2011 42.369085 -71.095117 0.020510547784 0.003611 53.54
3 2012 42.369092 -71.095110 0.020520760926 0.003611 53.54
3 2013 42.369100 -71.095102 0.020530974067 0.003611 53.54
3 2014 42.369107 -71.095095 0.020541187209 0.003611 53.54
3 2015 42.369114 -71.095088 0.020551400351 0.003611 53.54
3 2016 42.369121 -71.095081 0.020561613544 0.003611 53.54
3 2017 42.369128 -71.095074 0.020571826737 0.003611 53.54
3 2018 42.369136 -71.095066 0.020582039929 0.003611 53.54
3 2019 42.369143 -71.095059 0.020592253122 0.003611 53.54
3 2020 42.369150 -71.095052 0.020602466315 0.003611 53.54
3 2021 42.369157 -71.095045 0.020612679555 0.003611 53.54
3 2022 42.369165 -71.095037 0.020622892795 0.003611 53.54
3 2023 42.369172 -71.095030 0.020633106035 0.003611 53.54
3 2024 42.369179 -71.095023 0.020643319274 0.003611 53.54
3 2025 42.369186 -71.095016 0.020653532514 0.003611 53.54
3 2026 42.369193 -71.095009 0.020663745797 0.003611 53.54
3 2027 42.369201 -71.095001 0.020673959080 0.003611 53.54
4 2000 42.369006 -71.095196 0.020398204072 0.003611 53.54
4 2001 42.369013 -71.095189 0.020408417099 0.003611 53.54
4 2002 42.369020 -71.095182 0.020418630127 0.003611 53.54
4 2003 42.369027 -71.095175 0.020428843154 0.003611 53.54
4 2004 42.369035 -71.095167 0.020439056181 0.003611 53.54
4 2005 42.369042 -71.095160 0.020449269209 0.003611 53.54
4 2006 42.369049 -71.095153 0.020459482295 0.003611 53.54
4 2007 42.369056 -71.095146 0.020469695382 0.003611 53.54
4 2008 42.369063 -71.095139 0.020479908469 0.003611 53.54
4 2009 42.369071 -71.095131 0.020490121555 0.003611 53.54
4 2010 42.369078 -71.095124 0.020500334642 0.003611 53.54
4 2011 42.369085 -71.095117 0.020510547784 0.003611 53.54
4 2012 42.369092 -71.095110 0.020520760926 0.003611 53.54
4 2013 42.369100 -71.095102 0.020530974067 0.003611 53.54
4 2014 42.369107 -71.095095 0.020541187209 0.003611 53.54
4 2015 42.369114 -71.095088 0.020551400351 0.003611 53.54
4 2016 42.369121 -71.095081 0.020561613544 0.003611 53.54
4 2017 42.369128 -71.095074 0.020571826737 0.003611 53.54
4 2018 42.369136 -71.095066 0.020582039929 0.003611 53.54
4 2019 42.369143 -71.095059 0.020592253122 0.003611 53.54
4 2020 42.369150 -71.095052 0.020602466315 0.003611 53.54
4 2021 42.369157 -71.095045 0.020612679555 0.003611 53.54
4 2022 42.369165 -71.095037 0.020622892795 0.003611 53.54
4 2023 42.369172 -71.095030 0.020633106035 0.003611 53.54
4 2024 42.369179 -71.095023 0.020643319274 0.003611 53.54
4 2025 42.369186 -71.095016 0.020653532514 0.003611 53.54
4 2026 42.369193 -71.095009 0.020663745797 0.003611 53.54
4 2027 42.369201 -71.095001 0.020673959080 0.003611 53.54
