1 890 42.361002 -71.103200 0.009079766919 0.003609 53.54
1 891 42.361010 -71.103192 0.009089975930 0.003609 53.54
1 892 42.361017 -71.103185 0.009100184941 0.003609 53.54
1 893 42.361024 -71.103178 0.009110393951 0.003609 53.54
1 894 42.361031 -71.103171 0.009120602962 0.003609 53.54
1 895 42.361038 -71.103164 0.009130811972 0.003609 53.54
1 896 42.361046 -71.103156 0.009141020816 0.003609 53.54
1 897 42.361053 -71.103149 0.009151229659 0.003609 53.54
1 898 42.361060 -71.103142 0.009161438503 0.003609 53.54
1 899 42.361067 -71.103135 0.009171647346 0.003609 53.54
1 900 42.361075 -71.103127 0.009181856189 0.003609 53.54
1 901 42.361082 -71.103120 0.009192064862 0.003609 53.54
1 902 42.361089 -71.103113 0.009202273534 0.003609 53.54
1 903 42.361096 -71.103106 0.009212482206 0.003609 53.54
1 904 42.361103 -71.103099 0.009222690878 0.003609 53.54
1 905 42.361111 -71.103091 0.009232899550 0.003609 53.54
1 906 42.361118 -71.103084 0.009243108047 0.003609 53.54
1 907 42.361125 -71.103077 0.009253316544 0.003609 53.54
1 908 42.361132 -71.103070 0.009263525040 0.003609 53.54
1 909 42.361139 -71.103063 0.009273733537 0.003609 53.54
1 910 42.361147 -71.103055 0.009283942034 0.003609 53.54
1 911 42.361154 -71.103048 0.009294150351 0.003609 53.54
1 912 42.361161 -71.103041 0.009304358669 0.003609 53.54
1 913 42.361168 -71.103034 0.009314566986 0.003609 53.54
1 914 42.361176 -71.103026 0.009324775303 0.003609 53.54
1 915 42.361183 -71.103019 0.009334983620 0.003609 53.54
1 916 42.361190 -71.103012 0.009345191754 0.003609 53.54
1 917 42.361197 -71.103005 0.009355399888 0.003609 53.54
2 890 42.361002 -71.103200 0.009079766919 0.003609 53.54
2 891 42.361010 -71.103192 0.009089975930 0.003609 53.54
2 892 42.361017 -71.103185 0.009100184941 0.003609 53.54
2 893 42.361024 -71.103178 0.009110393951 0.003609 53.54
2 894 42.361031 -71.103171 0.009120602962 0.003609 53.54
2 895 42.361038 -71.103164 0.009130811972 0.003609 53.54
2 896 42.361046 -71.103156 0.009141020816 0.003609 53.54
2 897 42.361053 -71.103149 0.009151229659 0.003609 53.54
2 898 42.361060 -71.103142 0.009161438503 0.003609 53.54
2 899 42.361067 -71.103135 0.009171647346 0.003609 53.54
2 900 42.361075 -71.103127 0.009181856189 0.003609 53.54
2 901 42.361082 -71.103120 0.009192064862 0.003609 53.54
2 902 42.361089 -71.103113 0.009202273534 0.003609 53.54
2 903 42.361096 -71.103106 0.009212482206 0.003609 53.54
2 904 42.361103 -71.103099 0.009222690878 0.003609 53.54
2 905 42.361111 -71.103091 0.009232899550 0.003609 53.54
2 906 42.361118 -71.103084 0.009243108047 0.003609 53.54
2 907 42.361125 -71.103077 0.009253316544 0.003609 53.54
2 908 42.361132 -71.103070 0.009263525040 0.003609 53.54
2 909 42.361139 -71.103063 0.009273733537 0.003609 53.54
2 910 42.361147 -71.103055 0.009283942034 0.003609 53.54
2 911 42.361154 -71.103048 0.009294150351 0.003609 53.54
2 912 42.361161 -71.103041 0.009304358669 0.003609 53.54
2 913 42.361168 -71.103034 0.009314566986 0.003609 53.54
2 914 42.361176 -71.103026 0.009324775303 0.003609 53.54
2 915 42.361183 -71.103019 0.009334983620 0.003609 53.54
2 916 42.361190 -71.103012 0.009345191754 0.003609 53.54
2 917 42.361197 -71.103005 0.009355399888 0.003609 53.54
3 890 42.361002 -71.103200 0.009079766919 0.003609 53.54
3 891 42.361010 -71.103192 0.009089975930 0.003609 53.54
3 892 42.361017 -71.103185 0.009100184941 0.003609 53.54
3 893 42.361024 -71.103178 0.009110393951 0.003609 53.54
3 894 42.361031 -71.103171 0.009120602962 0.003609 53.54
3 895 42.361038 -71.103164 0.009130811972 0.003609 53.54
3 896 42.361046 -71.103156 0.009141020816 0.003609 53.54
3 897 42.361053 -71.103149 0.009151229659 0.003609 53.54
3 898 42.361060 -71.103142 0.009161438503 0.003609 53.54
3 899 42.361067 -71.103135 0.009171647346 0.003609 53.54
3 900 42.361075 -71.103127 0.009181856189 0.003609 53.54
3 901 42.361082 -71.103120 0.009192064862 0.003609 53.54
3 902 42.361089 -71.103113 0.009202273534 0.003609 53.54
3 903 42.361096 -71.103106 0.009212482206 0.003609 53.54
3 904 42.361103 -71.103099 0.009222690878 0.003609 53.54
3 905 42.361111 -71.103091 0.009232899550 0.003609 53.54
3 906 42.361118 -71.103084 0.009243108047 0.003609 53.54
3 907 42.361125 -71.103077 0.009253316544 0.003609 53.54
3 908 42.361132 -71.103070 0.009263525040 0.003609 53.54
3 909 42.361139 -71.103063 0.009273733537 0.003609 53.54
3 910 42.361147 -71.103055 0.009283942034 0.003609 53.54
3 911 42.361154 -71.103048 0.009294150351 0.003609 53.54
3 912 42.361161 -71.103041 0.009304358669 0.003609 53.54
3 913 42.361168 -71.103034 0.009314566986 0.003609 53.54
3 914 42.361176 -71.103026 0.009324775303 0.003609 53.54
3 915 42.361183 -71.103019 0.009334983620 0.003609 53.54
3 916 42.361190 -71.103012 0.009345191754 0.003609 53.54
3 917 42.361197 -71.103005 0.009355399888 0.003609 53.54
4 890 42.361002 -71.103200 0.009079766919 0.003609 53.54
4 891 42.361010 -71.103192 0.009089975930 0.003609 53.54
4 892 42.361017 -71.103185 0.009100184941 0.003609 53.54
4 893 42.361024 -71.103178 0.009110393951 0.003609 53.54
4 894 42.361031 -71.103171 0.009120602962 0.003609 53.54
4 895 42.361038 -71.103164 0.009130811972 0.003609 53.54
4 896 42.361046 -71.103156 0.009141020816 0.003609 53.54
4 897 42.361053 -71.103149 0.009151229659 0.003609 53.54
4 898 42.361060 -71.103142 0.009161438503 0.003609 53.54
4 899 42.361067 -71.103135 0.009171647346 0.003609 53.54
4 900 42.361075 -71.103127 0.009181856189 0.003609 53.54
4 901 42.361082 -71.103120 0.009192064862 0.003609 53.54
4 902 42.361089 -71.103113 0.009202273534 0.003609 53.54
4 903 42.361096 -71.103106 0.009212482206 0.003609 53.54
4 904 42.361103 -71.103099 0.009222690878 0.003609 53.54
4 905 42.361111 -71.103091 0.009232899550 0.003609 53.54
4 906 42.361118 -71.103084 0.009243108047 0.003609 53.54
4 907 42.361125 -71.103077 0.009253316544 0.003609 53.54
4 908 42.361132 -71.103070 0.009263525040 0.003609 53.54
4 909 42.361139 -71.103063 0.009273733537 0.003609 53.54
4 910 42.361147 -71.103055 0.009283942034 0.003609 53.54
4 911 42.361154 -71.103048 0.009294150351 0.003609 53.54
4 912 42.361161 -71.103041 0.009304358669 0.003609 53.54
4 913 42.361168 -71.103034 0.009314566986 0.003609 53.54
4 914 42.361176 -71.103026 0.009324775303 0.003609 53.54
4 915 42.361183 -71.103019 0.009334983620 0.003609 53.54
4 916 42.361190 -71.103012 0.009345191754 0.003609 53.54
4 917 42.361197 -71.103005 0.009355399888 0.003609 53.54
