1 1889 42.368204 -71.095998 0.019264676910 0.003610 53.54
1 1890 42.368211 -71.095991 0.019274887445 0.003610 53.54
1 1891 42.368219 -71.095983 0.019285098133 0.003610 53.54
1 1892 42.368226 -71.095976 0.019295308821 0.003610 53.54
1 1893 42.368233 -71.095969 0.019305519508 0.003610 53.54
1 1894 42.368240 -71.095962 0.019315730196 0.003610 53.54
1 1895 42.368247 -71.095955 0.019325940884 0.003610 53.54
1 1896 42.368255 -71.095947 0.019336151722 0.003610 53.54
1 1897 42.368262 -71.095940 0.019346362559 0.003610 53.54
1 1898 42.368269 -71.095933 0.019356573396 0.003610 53.54
1 1899 42.368276 -71.095926 0.019366784233 0.003610 53.54
1 1900 42.368284 -71.095918 0.019376995071 0.003610 53.54
1 1901 42.368291 -71.095911 0.019387206053 0.003610 53.54
1 1902 42.368298 -71.095904 0.019397417036 0.003610 53.54
1 1903 42.368305 -71.095897 0.019407628018 0.003610 53.54
1 1904 42.368312 -71.095890 0.019417839001 0.003610 53.54
1 1905 42.368320 -71.095882 0.019428049983 0.003610 53.54
1 1906 42.368327 -71.095875 0.019438261107 0.003610 53.54
1 1907 42.368334 -71.095868 0.019448472230 0.003610 53.54
1 1908 42.368341 -71.095861 0.019458683354 0.003610 53.54
1 1909 42.368349 -71.095853 0.019468894478 0.003610 53.54
1 1910 42.368356 -71.095846 0.019479105601 0.003610 53.54
1 1911 42.368363 -71.095839 0.019489316862 0.003610 53.54
1 1912 42.368370 -71.095832 0.019499528123 0.003610 53.54
1 1913 42.368377 -71.095825 0.019509739384 0.003610 53.54
1 1914 42.368385 -71.095817 0.019519950644 0.003610 53.54
1 1915 42.368392 -71.095810 0.019530161905 0.003610 53.54
1 1916 42.368399 -71.095803 0.019540373299 0.003610 53.54
1 1917 42.368406 -71.095796 0.019550584692 0.003610 53.54
1 1918 42.368414 -71.095788 0.019560796086 0.003610 53.54
1 1919 42.368421 -71.095781 0.019571007480 0.003610 53.54
1 1920 42.368428 -71.095774 0.019581218873 0.003610 53.54
1 1921 42.368435 -71.095767 0.019591430396 0.003610 53.54
1 1922 42.368442 -71.095760 0.019601641919 0.003610 53.54
1 1923 42.368450 -71.095752 0.019611853441 0.003610 53.54
1 1924 42.368457 -71.095745 0.019622064964 0.003610 53.54
1 1925 42.368464 -71.095738 0.019632276486 0.003610 53.54
1 1926 42.368471 -71.095731 0.019642488134 0.003610 53.54
1 1927 42.368479 -71.095723 0.019652699781 0.003610 53.54
1 1928 42.368486 -71.095716 0.019662911428 0.003610 53.54
1 1929 42.368493 -71.095709 0.019673123075 0.003610 53.54
1 1930 42.368500 -71.095702 0.019683334723 0.003610 53.54
1 1931 42.368507 -71.095695 0.019693546491 0.003610 53.54
1 1932 42.368515 -71.095687 0.019703758259 0.003610 53.54
1 1933 42.368522 -71.095680 0.019713970027 0.003610 53.54
1 1934 42.368529 -71.095673 0.019724181795 0.003610 53.54
1 1935 42.368536 -71.095666 0.019734393563 0.003610 53.54
1 1936 42.368544 -71.095658 0.019744605447 0.003610 53.54
1 1937 42.368551 -71.095651 0.019754817332 0.003610 53.54
1 1938 42.368558 -71.095644 0.019765029216 0.003610 53.54
1 1939 42.368565 -71.095637 0.019775241101 0.003610 53.54
1 1940 42.368572 -71.095630 0.019785452986 0.003610 53.54
1 1941 42.368580 -71.095622 0.019795664983 0.003610 53.54
1 1942 42.368587 -71.095615 0.019805876980 0.003610 53.54
1 1943 42.368594 -71.095608 0.019816088977 0.003610 53.54
1 1944 42.368601 -71.095601 0.019826300974 0.003610 53.54
1 1945 42.368608 -71.095594 0.019836512971 0.003611 53.54
1 1946 42.368616 -71.095586 0.019846725076 0.003611 53.54
1 1947 42.368623 -71.095579 0.019856937182 0.003611 53.54
1 1948 42.368630 -71.095572 0.019867149287 0.003611 53.54
1 1949 42.368637 -71.095565 0.019877361393 0.003611 53.54
1 1950 42.368645 -71.095557 0.019887573498 0.003611 53.54
1 1951 42.368652 -71.095550 0.019897785708 0.003611 53.54
1 1952 42.368659 -71.095543 0.019907997918 0.003611 53.54
1 1953 42.368666 -71.095536 0.019918210127 0.003611 53.54
1 1954 42.368673 -71.095529 0.019928422337 0.003611 53.54
1 1955 42.368681 -71.095521 0.019938634547 0.003611 53.54
1 1956 42.368688 -71.095514 0.019948846857 0.003611 53.54
1 1957 42.368695 -71.095507 0.019959059167 0.003611 53.54
1 1958 42.368702 -71.095500 0.019969271477 0.003611 53.54
1 1959 42.368710 -71.095492 0.019979483787 0.003611 53.54
1 1960 42.368717 -71.095485 0.019989696096 0.003611 53.54
1 1961 42.368724 -71.095478 0.019999908503 0.003611 53.54
1 1962 42.368731 -71.095471 0.020010120909 0.003611 53.54
1 1963 42.368738 -71.095464 0.020020333315 0.003611 53.54
1 1964 42.368746 -71.095456 0.020030545721 0.003611 53.54
1 1965 42.368753 -71.095449 0.020040758127 0.003611 53.54
1 1966 42.368760 -71.095442 0.020050970625 0.003611 53.54
1 1967 42.368767 -71.095435 0.020061183123 0.003611 53.54
1 1968 42.368775 -71.095427 0.020071395621 0.003611 53.54
1 1969 42.368782 -71.095420 0.020081608119 0.003611 53.54
1 1970 42.368789 -71.095413 0.020091820617 0.003611 53.54
1 1971 42.368796 -71.095406 0.020102033203 0.003611 53.54
1 1972 42.368803 -71.095399 0.020112245789 0.003611 53.54
1 1973 42.368811 -71.095391 0.020122458375 0.003611 53.54
1 1974 42.368818 -71.095384 0.020132670961 0.003611 53.54
1 1975 42.368825 -71.095377 0.020142883547 0.003611 53.54
1 1976 42.368832 -71.095370 0.020153096216 0.003611 53.54
1 1977 42.368840 -71.095362 0.020163308886 0.003611 53.54
1 1978 42.368847 -71.095355 0.020173521556 0.003611 53.54
1 1979 42.368854 -71.095348 0.020183734226 0.003611 53.54
1 1980 42.368861 -71.095341 0.020193946895 0.003611 53.54
1 1981 42.368868 -71.095334 0.020204159645 0.003611 53.54
1 1982 42.368876 -71.095326 0.020214372394 0.003611 53.54
1 1983 42.368883 -71.095319 0.020224585144 0.003611 53.54
1 1984 42.368890 -71.095312 0.020234797893 0.003611 53.54
1 1985 42.368897 -71.095305 0.020245010643 0.003611 53.54
1 1986 42.368905 -71.095297 0.020255223468 0.003611 53.54
1 1987 42.368912 -71.095290 0.020265436293 0.003611 53.54
1 1988 42.368919 -71.095283 0.020275649118 0.003611 53.54
1 1989 42.368926 -71.095276 0.020285861943 0.003611 53.54
1 1990 42.368933 -71.095269 0.020296074768 0.003611 53.54
1 1991 42.368941 -71.095261 0.020306287665 0.003611 53.54
1 1992 42.368948 -71.095254 0.020316500562 0.003611 53.54
1 1993 42.368955 -71.095247 0.020326713458 0.003611 53.54
1 1994 42.368962 -71.095240 0.020336926355 0.003611 53.54
1 1995 42.368970 -71.095232 0.020347139251 0.003611 53.54
1 1996 42.368977 -71.095225 0.020357352215 0.003611 53.54
1 1997 42.368984 -71.095218 0.020367565180 0.003611 53.54
1 1998 42.368991 -71.095211 0.020377778144 0.003611 53.54
1 1999 42.368998 -71.095204 0.020387991108 0.003611 53.54
2 1889 42.368204 -71.095998 0.019264676910 0.003610 53.54
2 1890 42.368211 -71.095991 0.019274887445 0.003610 53.54
2 1891 42.368219 -71.095983 0.019285098133 0.003610 53.54
2 1892 42.368226 -71.095976 0.019295308821 0.003610 53.54
2 1893 42.368233 -71.095969 0.019305519508 0.003610 53.54
2 1894 42.368240 -71.095962 0.019315730196 0.003610 53.54
2 1895 42.368247 -71.095955 0.019325940884 0.003610 53.54
2 1896 42.368255 -71.095947 0.019336151722 0.003610 53.54
2 1897 42.368262 -71.095940 0.019346362559 0.003610 53.54
2 1898 42.368269 -71.095933 0.019356573396 0.003610 53.54
2 1899 42.368276 -71.095926 0.019366784233 0.003610 53.54
2 1900 42.368284 -71.095918 0.019376995071 0.003610 53.54
2 1901 42.368291 -71.095911 0.019387206053 0.003610 53.54
2 1902 42.368298 -71.095904 0.019397417036 0.003610 53.54
2 1903 42.368305 -71.095897 0.019407628018 0.003610 53.54
2 1904 42.368312 -71.095890 0.019417839001 0.003610 53.54
2 1905 42.368320 -71.095882 0.019428049983 0.003610 53.54
2 1906 42.368327 -71.095875 0.019438261107 0.003610 53.54
2 1907 42.368334 -71.095868 0.019448472230 0.003610 53.54
2 1908 42.368341 -71.095861 0.019458683354 0.003610 53.54
2 1909 42.368349 -71.095853 0.019468894478 0.003610 53.54
2 1910 42.368356 -71.095846 0.019479105601 0.003610 53.54
2 1911 42.368363 -71.095839 0.019489316862 0.003610 53.54
2 1912 42.368370 -71.095832 0.019499528123 0.003610 53.54
2 1913 42.368377 -71.095825 0.019509739384 0.003610 53.54
2 1914 42.368385 -71.095817 0.019519950644 0.003610 53.54
2 1915 42.368392 -71.095810 0.019530161905 0.003610 53.54
2 1916 42.368399 -71.095803 0.019540373299 0.003610 53.54
2 1917 42.368406 -71.095796 0.019550584692 0.003610 53.54
2 1918 42.368414 -71.095788 0.019560796086 0.003610 53.54
2 1919 42.368421 -71.095781 0.019571007480 0.003610 53.54
2 1920 42.368428 -71.095774 0.019581218873 0.003610 53.54
2 1921 42.368435 -71.095767 0.019591430396 0.003610 53.54
2 1922 42.368442 -71.095760 0.019601641919 0.003610 53.54
2 1923 42.368450 -71.095752 0.019611853441 0.003610 53.54
2 1924 42.368457 -71.095745 0.019622064964 0.003610 53.54
2 1925 42.368464 -71.095738 0.019632276486 0.003610 53.54
2 1926 42.368471 -71.095731 0.019642488134 0.003610 53.54
2 1927 42.368479 -71.095723 0.019652699781 0.003610 53.54
2 1928 42.368486 -71.095716 0.019662911428 0.003610 53.54
2 1929 42.368493 -71.095709 0.019673123075 0.003610 53.54
2 1930 42.368500 -71.095702 0.019683334723 0.003610 53.54
2 1931 42.368507 -71.095695 0.019693546491 0.003610 53.54
2 1932 42.368515 -71.095687 0.019703758259 0.003610 53.54
2 1933 42.368522 -71.095680 0.019713970027 0.003610 53.54
2 1934 42.368529 -71.095673 0.019724181795 0.003610 53.54
2 1935 42.368536 -71.095666 0.019734393563 0.003610 53.54
2 1936 42.368544 -71.095658 0.019744605447 0.003610 53.54
2 1937 42.368551 -71.095651 0.019754817332 0.003610 53.54
2 1938 42.368558 -71.095644 0.019765029216 0.003610 53.54
2 1939 42.368565 -71.095637 0.019775241101 0.003610 53.54
2 1940 42.368572 -71.095630 0.019785452986 0.003610 53.54
2 1941 42.368580 -71.095622 0.019795664983 0.003610 53.54
2 1942 42.368587 -71.095615 0.019805876980 0.003610 53.54
2 1943 42.368594 -71.095608 0.019816088977 0.003610 53.54
2 1944 42.368601 -71.095601 0.019826300974 0.003610 53.54
2 1945 42.368608 -71.095594 0.019836512971 0.003611 53.54
2 1946 42.368616 -71.095586 0.019846725076 0.003611 53.54
2 1947 42.368623 -71.095579 0.019856937182 0.003611 53.54
2 1948 42.368630 -71.095572 0.019867149287 0.003611 53.54
2 1949 42.368637 -71.095565 0.019877361393 0.003611 53.54
2 1950 42.368645 -71.095557 0.019887573498 0.003611 53.54
2 1951 42.368652 -71.095550 0.019897785708 0.003611 53.54
2 1952 42.368659 -71.095543 0.019907997918 0.003611 53.54
2 1953 42.368666 -71.095536 0.019918210127 0.003611 53.54
2 1954 42.368673 -71.095529 0.019928422337 0.003611 53.54
2 1955 42.368681 -71.095521 0.019938634547 0.003611 53.54
2 1956 42.368688 -71.095514 0.019948846857 0.003611 53.54
2 1957 42.368695 -71.095507 0.019959059167 0.003611 53.54
2 1958 42.368702 -71.095500 0.019969271477 0.003611 53.54
2 1959 42.368710 -71.095492 0.019979483787 0.003611 53.54
2 1960 42.368717 -71.095485 0.019989696096 0.003611 53.54
2 1961 42.368724 -71.095478 0.019999908503 0.003611 53.54
2 1962 42.368731 -71.095471 0.020010120909 0.003611 53.54
2 1963 42.368738 -71.095464 0.020020333315 0.003611 53.54
2 1964 42.368746 -71.095456 0.020030545721 0.003611 53.54
2 1965 42.368753 -71.095449 0.020040758127 0.003611 53.54
2 1966 42.368760 -71.095442 0.020050970625 0.003611 53.54
2 1967 42.368767 -71.095435 0.020061183123 0.003611 53.54
2 1968 42.368775 -71.095427 0.020071395621 0.003611 53.54
2 1969 42.368782 -71.095420 0.020081608119 0.003611 53.54
2 1970 42.368789 -71.095413 0.020091820617 0.003611 53.54
2 1971 42.368796 -71.095406 0.020102033203 0.003611 53.54
2 1972 42.368803 -71.095399 0.020112245789 0.003611 53.54
2 1973 42.368811 -71.095391 0.020122458375 0.003611 53.54
2 1974 42.368818 -71.095384 0.020132670961 0.003611 53.54
2 1975 42.368825 -71.095377 0.020142883547 0.003611 53.54
2 1976 42.368832 -71.095370 0.020153096216 0.003611 53.54
2 1977 42.368840 -71.095362 0.020163308886 0.003611 53.54
2 1978 42.368847 -71.095355 0.020173521556 0.003611 53.54
2 1979 42.368854 -71.095348 0.020183734226 0.003611 53.54
2 1980 42.368861 -71.095341 0.020193946895 0.003611 53.54
2 1981 42.368868 -71.095334 0.020204159645 0.003611 53.54
2 1982 42.368876 -71.095326 0.020214372394 0.003611 53.54
2 1983 42.368883 -71.095319 0.020224585144 0.003611 53.54
2 1984 42.368890 -71.095312 0.020234797893 0.003611 53.54
2 1985 42.368897 -71.095305 0.020245010643 0.003611 53.54
2 1986 42.368905 -71.095297 0.020255223468 0.003611 53.54
2 1987 42.368912 -71.095290 0.020265436293 0.003611 53.54
2 1988 42.368919 -71.095283 0.020275649118 0.003611 53.54
2 1989 42.368926 -71.095276 0.020285861943 0.003611 53.54
2 1990 42.368933 -71.095269 0.020296074768 0.003611 53.54
2 1991 42.368941 -71.095261 0.020306287665 0.003611 53.54
2 1992 42.368948 -71.095254 0.020316500562 0.003611 53.54
2 1993 42.368955 -71.095247 0.020326713458 0.003611 53.54
2 1994 42.368962 -71.095240 0.020336926355 0.003611 53.54
2 1995 42.368970 -71.095232 0.020347139251 0.003611 53.54
2 1996 42.368977 -71.095225 0.020357352215 0.003611 53.54
2 1997 42.368984 -71.095218 0.020367565180 0.003611 53.54
2 1998 42.368991 -71.095211 0.020377778144 0.003611 53.54
2 1999 42.368998 -71.095204 0.020387991108 0.003611 53.54
3 1889 42.368204 -71.095998 0.019264676910 0.003610 53.54
3 1890 42.368211 -71.095991 0.019274887445 0.003610 53.54
3 1891 42.368219 -71.095983 0.019285098133 0.003610 53.54
3 1892 42.368226 -71.095976 0.019295308821 0.003610 53.54
3 1893 42.368233 -71.095969 0.019305519508 0.003610 53.54
3 1894 42.368240 -71.095962 0.019315730196 0.003610 53.54
3 1895 42.368247 -71.095955 0.019325940884 0.003610 53.54
3 1896 42.368255 -71.095947 0.019336151722 0.003610 53.54
3 1897 42.368262 -71.095940 0.019346362559 0.003610 53.54
3 1898 42.368269 -71.095933 0.019356573396 0.003610 53.54
3 1899 42.368276 -71.095926 0.019366784233 0.003610 53.54
3 1900 42.368284 -71.095918 0.019376995071 0.003610 53.54
3 1901 42.368291 -71.095911 0.019387206053 0.003610 53.54
3 1902 42.368298 -71.095904 0.019397417036 0.003610 53.54
3 1903 42.368305 -71.095897 0.019407628018 0.003610 53.54
3 1904 42.368312 -71.095890 0.019417839001 0.003610 53.54
3 1905 42.368320 -71.095882 0.019428049983 0.003610 53.54
3 1906 42.368327 -71.095875 0.019438261107 0.003610 53.54
3 1907 42.368334 -71.095868 0.019448472230 0.003610 53.54
3 1908 42.368341 -71.095861 0.019458683354 0.003610 53.54
3 1909 42.368349 -71.095853 0.019468894478 0.003610 53.54
3 1910 42.368356 -71.095846 0.019479105601 0.003610 53.54
3 1911 42.368363 -71.095839 0.019489316862 0.003610 53.54
3 1912 42.368370 -71.095832 0.019499528123 0.003610 53.54
3 1913 42.368377 -71.095825 0.019509739384 0.003610 53.54
3 1914 42.368385 -71.095817 0.019519950644 0.003610 53.54
3 1915 42.368392 -71.095810 0.019530161905 0.003610 53.54
3 1916 42.368399 -71.095803 0.019540373299 0.003610 53.54
3 1917 42.368406 -71.095796 0.019550584692 0.003610 53.54
3 1918 42.368414 -71.095788 0.019560796086 0.003610 53.54
3 1919 42.368421 -71.095781 0.019571007480 0.003610 53.54
3 1920 42.368428 -71.095774 0.019581218873 0.003610 53.54
3 1921 42.368435 -71.095767 0.019591430396 0.003610 53.54
3 1922 42.368442 -71.095760 0.019601641919 0.003610 53.54
3 1923 42.368450 -71.095752 0.019611853441 0.003610 53.54
3 1924 42.368457 -71.095745 0.019622064964 0.003610 53.54
3 1925 42.368464 -71.095738 0.019632276486 0.003610 53.54
3 1926 42.368471 -71.095731 0.019642488134 0.003610 53.54
3 1927 42.368479 -71.095723 0.019652699781 0.003610 53.54
3 1928 42.368486 -71.095716 0.019662911428 0.003610 53.54
3 1929 42.368493 -71.095709 0.019673123075 0.003610 53.54
3 1930 42.368500 -71.095702 0.019683334723 0.003610 53.54
3 1931 42.368507 -71.095695 0.019693546491 0.003610 53.54
3 1932 42.368515 -71.095687 0.019703758259 0.003610 53.54
3 1933 42.368522 -71.095680 0.019713970027 0.003610 53.54
3 1934 42.368529 -71.095673 0.019724181795 0.003610 53.54
3 1935 42.368536 -71.095666 0.019734393563 0.003610 53.54
3 1936 42.368544 -71.095658 0.019744605447 0.003610 53.54
3 1937 42.368551 -71.095651 0.019754817332 0.003610 53.54
3 1938 42.368558 -71.095644 0.019765029216 0.003610 53.54
3 1939 42.368565 -71.095637 0.019775241101 0.003610 53.54
3 1940 42.368572 -71.095630 0.019785452986 0.003610 53.54
3 1941 42.368580 -71.095622 0.019795664983 0.003610 53.54
3 1942 42.368587 -71.095615 0.019805876980 0.003610 53.54
3 1943 42.368594 -71.095608 0.019816088977 0.003610 53.54
3 1944 42.368601 -71.095601 0.019826300974 0.003610 53.54
3 1945 42.368608 -71.095594 0.019836512971 0.003611 53.54
3 1946 42.368616 -71.095586 0.019846725076 0.003611 53.54
3 1947 42.368623 -71.095579 0.019856937182 0.003611 53.54
3 1948 42.368630 -71.095572 0.019867149287 0.003611 53.54
3 1949 42.368637 -71.095565 0.019877361393 0.003611 53.54
3 1950 42.368645 -71.095557 0.019887573498 0.003611 53.54
3 1951 42.368652 -71.095550 0.019897785708 0.003611 53.54
3 1952 42.368659 -71.095543 0.019907997918 0.003611 53.54
3 1953 42.368666 -71.095536 0.019918210127 0.003611 53.54
3 1954 42.368673 -71.095529 0.019928422337 0.003611 53.54
3 1955 42.368681 -71.095521 0.019938634547 0.003611 53.54
3 1956 42.368688 -71.095514 0.019948846857 0.003611 53.54
3 1957 42.368695 -71.095507 0.019959059167 0.003611 53.54
3 1958 42.368702 -71.095500 0.019969271477 0.003611 53.54
3 1959 42.368710 -71.095492 0.019979483787 0.003611 53.54
3 1960 42.368717 -71.095485 0.019989696096 0.003611 53.54
3 1961 42.368724 -71.095478 0.019999908503 0.003611 53.54
3 1962 42.368731 -71.095471 0.020010120909 0.003611 53.54
3 1963 42.368738 -71.095464 0.020020333315 0.003611 53.54
3 1964 42.368746 -71.095456 0.020030545721 0.003611 53.54
3 1965 42.368753 -71.095449 0.020040758127 0.003611 53.54
3 1966 42.368760 -71.095442 0.020050970625 0.003611 53.54
3 1967 42.368767 -71.095435 0.020061183123 0.003611 53.54
3 1968 42.368775 -71.095427 0.020071395621 0.003611 53.54
3 1969 42.368782 -71.095420 0.020081608119 0.003611 53.54
3 1970 42.368789 -71.095413 0.020091820617 0.003611 53.54
3 1971 42.368796 -71.095406 0.020102033203 0.003611 53.54
3 1972 42.368803 -71.095399 0.020112245789 0.003611 53.54
3 1973 42.368811 -71.095391 0.020122458375 0.003611 53.54
3 1974 42.368818 -71.095384 0.020132670961 0.003611 53.54
3 1975 42.368825 -71.095377 0.020142883547 0.003611 53.54
3 1976 42.368832 -71.095370 0.020153096216 0.003611 53.54
3 1977 42.368840 -71.095362 0.020163308886 0.003611 53.54
3 1978 42.368847 -71.095355 0.020173521556 0.003611 53.54
3 1979 42.368854 -71.095348 0.020183734226 0.003611 53.54
3 1980 42.368861 -71.095341 0.020193946895 0.003611 53.54
3 1981 42.368868 -71.095334 0.020204159645 0.003611 53.54
3 1982 42.368876 -71.095326 0.020214372394 0.003611 53.54
3 1983 42.368883 -71.095319 0.020224585144 0.003611 53.54
3 1984 42.368890 -71.095312 0.020234797893 0.003611 53.54
3 1985 42.368897 -71.095305 0.020245010643 0.003611 53.54
3 1986 42.368905 -71.095297 0.020255223468 0.003611 53.54
3 1987 42.368912 -71.095290 0.020265436293 0.003611 53.54
3 1988 42.368919 -71.095283 0.020275649118 0.003611 53.54
3 1989 42.368926 -71.095276 0.020285861943 0.003611 53.54
3 1990 42.368933 -71.095269 0.020296074768 0.003611 53.54
3 1991 42.368941 -71.095261 0.020306287665 0.003611 53.54
3 1992 42.368948 -71.095254 0.020316500562 0.003611 53.54
3 1993 42.368955 -71.095247 0.020326713458 0.003611 53.54
3 1994 42.368962 -71.095240 0.020336926355 0.003611 53.54
3 1995 42.368970 -71.095232 0.020347139251 0.003611 53.54
3 1996 42.368977 -71.095225 0.020357352215 0.003611 53.54
3 1997 42.368984 -71.095218 0.020367565180 0.003611 53.54
3 1998 42.368991 -71.095211 0.020377778144 0.003611 53.54
3 1999 42.368998 -71.095204 0.020387991108 0.003611 53.54
4 1889 42.368204 -71.095998 0.019264676910 0.003610 53.54
4 1890 42.368211 -71.095991 0.019274887445 0.003610 53.54
4 1891 42.368219 -71.095983 0.019285098133 0.003610 53.54
4 1892 42.368226 -71.095976 0.019295308821 0.003610 53.54
4 1893 42.368233 -71.095969 0.019305519508 0.003610 53.54
4 1894 42.368240 -71.095962 0.019315730196 0.003610 53.54
4 1895 42.368247 -71.095955 0.019325940884 0.003610 53.54
4 1896 42.368255 -71.095947 0.019336151722 0.003610 53.54
4 1897 42.368262 -71.095940 0.019346362559 0.003610 53.54
4 1898 42.368269 -71.095933 0.019356573396 0.003610 53.54
4 1899 42.368276 -71.095926 0.019366784233 0.003610 53.54
4 1900 42.368284 -71.095918 0.019376995071 0.003610 53.54
4 1901 42.368291 -71.095911 0.019387206053 0.003610 53.54
4 1902 42.368298 -71.095904 0.019397417036 0.003610 53.54
4 1903 42.368305 -71.095897 0.019407628018 0.003610 53.54
4 1904 42.368312 -71.095890 0.019417839001 0.003610 53.54
4 1905 42.368320 -71.095882 0.019428049983 0.003610 53.54
4 1906 42.368327 -71.095875 0.019438261107 0.003610 53.54
4 1907 42.368334 -71.095868 0.019448472230 0.003610 53.54
4 1908 42.368341 -71.095861 0.019458683354 0.003610 53.54
4 1909 42.368349 -71.095853 0.019468894478 0.003610 53.54
4 1910 42.368356 -71.095846 0.019479105601 0.003610 53.54
4 1911 42.368363 -71.095839 0.019489316862 0.003610 53.54
4 1912 42.368370 -71.095832 0.019499528123 0.003610 53.54
4 1913 42.368377 -71.095825 0.019509739384 0.003610 53.54
4 1914 42.368385 -71.095817 0.019519950644 0.003610 53.54
4 1915 42.368392 -71.095810 0.019530161905 0.003610 53.54
4 1916 42.368399 -71.095803 0.019540373299 0.003610 53.54
4 1917 42.368406 -71.095796 0.019550584692 0.003610 53.54
4 1918 42.368414 -71.095788 0.019560796086 0.003610 53.54
4 1919 42.368421 -71.095781 0.019571007480 0.003610 53.54
4 1920 42.368428 -71.095774 0.019581218873 0.003610 53.54
4 1921 42.368435 -71.095767 0.019591430396 0.003610 53.54
4 1922 42.368442 -71.095760 0.019601641919 0.003610 53.54
4 1923 42.368450 -71.095752 0.019611853441 0.003610 53.54
4 1924 42.368457 -71.095745 0.019622064964 0.003610 53.54
4 1925 42.368464 -71.095738 0.019632276486 0.003610 53.54
4 1926 42.368471 -71.095731 0.019642488134 0.003610 53.54
4 1927 42.368479 -71.095723 0.019652699781 0.003610 53.54
4 1928 42.368486 -71.095716 0.019662911428 0.003610 53.54
4 1929 42.368493 -71.095709 0.019673123075 0.003610 53.54
4 1930 42.368500 -71.095702 0.019683334723 0.003610 53.54
4 1931 42.368507 -71.095695 0.019693546491 0.003610 53.54
4 1932 42.368515 -71.095687 0.019703758259 0.003610 53.54
4 1933 42.368522 -71.095680 0.019713970027 0.003610 53.54
4 1934 42.368529 -71.095673 0.019724181795 0.003610 53.54
4 1935 42.368536 -71.095666 0.019734393563 0.003610 53.54
4 1936 42.368544 -71.095658 0.019744605447 0.003610 53.54
4 1937 42.368551 -71.095651 0.019754817332 0.003610 53.54
4 1938 42.368558 -71.095644 0.019765029216 0.003610 53.54
4 1939 42.368565 -71.095637 0.019775241101 0.003610 53.54
4 1940 42.368572 -71.095630 0.019785452986 0.003610 53.54
4 1941 42.368580 -71.095622 0.019795664983 0.003610 53.54
4 1942 42.368587 -71.095615 0.019805876980 0.003610 53.54
4 1943 42.368594 -71.095608 0.019816088977 0.003610 53.54
4 1944 42.368601 -71.095601 0.019826300974 0.003610 53.54
4 1945 42.368608 -71.095594 0.019836512971 0.003611 53.54
4 1946 42.368616 -71.095586 0.019846725076 0.003611 53.54
4 1947 42.368623 -71.095579 0.019856937182 0.003611 53.54
4 1948 42.368630 -71.095572 0.019867149287 0.003611 53.54
4 1949 42.368637 -71.095565 0.019877361393 0.003611 53.54
4 1950 42.368645 -71.095557 0.019887573498 0.003611 53.54
4 1951 42.368652 -71.095550 0.019897785708 0.003611 53.54
4 1952 42.368659 -71.095543 0.019907997918 0.003611 53.54
4 1953 42.368666 -71.095536 0.019918210127 0.003611 53.54
4 1954 42.368673 -71.095529 0.019928422337 0.003611 53.54
4 1955 42.368681 -71.095521 0.019938634547 0.003611 53.54
4 1956 42.368688 -71.095514 0.019948846857 0.003611 53.54
4 1957 42.368695 -71.095507 0.019959059167 0.003611 53.54
4 1958 42.368702 -71.095500 0.019969271477 0.003611 53.54
4 1959 42.368710 -71.095492 0.019979483787 0.003611 53.54
4 1960 42.368717 -71.095485 0.019989696096 0.003611 53.54
4 1961 42.368724 -71.095478 0.019999908503 0.003611 53.54
4 1962 42.368731 -71.095471 0.020010120909 0.003611 53.54
4 1963 42.368738 -71.095464 0.020020333315 0.003611 53.54
4 1964 42.368746 -71.095456 0.020030545721 0.003611 53.54
4 1965 42.368753 -71.095449 0.020040758127 0.003611 53.54
4 1966 42.368760 -71.095442 0.020050970625 0.003611 53.54
4 1967 42.368767 -71.095435 0.020061183123 0.003611 53.54
4 1968 42.368775 -71.095427 0.020071395621 0.003611 53.54
4 1969 42.368782 -71.095420 0.020081608119 0.003611 53.54
4 1970 42.368789 -71.095413 0.020091820617 0.003611 53.54
4 1971 42.368796 -71.095406 0.020102033203 0.003611 53.54
4 1972 42.368803 -71.095399 0.020112245789 0.003611 53.54
4 1973 42.368811 -71.095391 0.020122458375 0.003611 53.54
4 1974 42.368818 -71.095384 0.020132670961 0.003611 53.54
4 1975 42.368825 -71.095377 0.020142883547 0.003611 53.54
4 1976 42.368832 -71.095370 0.020153096216 0.003611 53.54
4 1977 42.368840 -71.095362 0.020163308886 0.003611 53.54
4 1978 42.368847 -71.095355 0.020173521556 0.003611 53.54
4 1979 42.368854 -71.095348 0.020183734226 0.003611 53.54
4 1980 42.368861 -71.095341 0.020193946895 0.003611 53.54
4 1981 42.368868 -71.095334 0.020204159645 0.003611 53.54
4 1982 42.368876 -71.095326 0.020214372394 0.003611 53.54
4 1983 42.368883 -71.095319 0.020224585144 0.003611 53.54
4 1984 42.368890 -71.095312 0.020234797893 0.003611 53.54
4 1985 42.368897 -71.095305 0.020245010643 0.003611 53.54
4 1986 42.368905 -71.095297 0.020255223468 0.003611 53.54
4 1987 42.368912 -71.095290 0.020265436293 0.003611 53.54
4 1988 42.368919 -71.095283 0.020275649118 0.003611 53.54
4 1989 42.368926 -71.095276 0.020285861943 0.003611 53.54
4 1990 42.368933 -71.095269 0.020296074768 0.003611 53.54
4 1991 42.368941 -71.095261 0.020306287665 0.003611 53.54
4 1992 42.368948 -71.095254 0.020316500562 0.003611 53.54
4 1993 42.368955 -71.095247 0.020326713458 0.003611 53.54
4 1994 42.368962 -71.095240 0.020336926355 0.003611 53.54
4 1995 42.368970 -71.095232 0.020347139251 0.003611 53.54
4 1996 42.368977 -71.095225 0.020357352215 0.003611 53.54
4 1997 42.368984 -71.095218 0.020367565180 0.003611 53.54
4 1998 42.368991 -71.095211 0.020377778144 0.003611 53.54
4 1999 42.368998 -71.095204 0.020387991108 0.003611 53.54
