1 1751 42.367208 -71.096994 0.017855982323 0.003608 53.54
1 1752 42.367215 -71.096987 0.017866187166 0.003608 53.54
1 1753 42.367222 -71.096980 0.017876392008 0.003608 53.54
1 1754 42.367230 -71.096972 0.017886596851 0.003608 53.54
1 1755 42.367237 -71.096965 0.017896801694 0.003608 53.54
1 1756 42.367244 -71.096958 0.017907006801 0.003608 53.54
1 1757 42.367251 -71.096951 0.017917211907 0.003608 53.54
1 1758 42.367259 -71.096943 0.017927417014 0.003608 53.54
1 1759 42.367266 -71.096936 0.017937622121 0.003608 53.54
1 1760 42.367273 -71.096929 0.017947827228 0.003608 53.54
1 1761 42.367280 -71.096922 0.017958032595 0.003608 53.54
1 1762 42.367287 -71.096915 0.017968237961 0.003608 53.54
1 1763 42.367295 -71.096907 0.017978443328 0.003608 53.54
1 1764 42.367302 -71.096900 0.017988648695 0.003608 53.54
1 1765 42.367309 -71.096893 0.017998854062 0.003608 53.54
1 1766 42.367316 -71.096886 0.018009059684 0.003608 53.54
1 1767 42.367324 -71.096878 0.018019265307 0.003608 53.54
1 1768 42.367331 -71.096871 0.018029470930 0.003608 53.54
1 1769 42.367338 -71.096864 0.018039676553 0.003608 53.54
1 1770 42.367345 -71.096857 0.018049882175 0.003608 53.54
1 1771 42.367352 -71.096850 0.018060088050 0.003608 53.54
1 1772 42.367360 -71.096842 0.018070293924 0.003608 53.54
1 1773 42.367367 -71.096835 0.018080499799 0.003608 53.54
1 1774 42.367374 -71.096828 0.018090705673 0.003608 53.54
1 1775 42.367381 -71.096821 0.018100911548 0.003608 53.54
1 1776 42.367388 -71.096814 0.018111117670 0.003608 53.54
1 1777 42.367396 -71.096806 0.018121323792 0.003608 53.54
1 1778 42.367403 -71.096799 0.018131529914 0.003608 53.54
1 1779 42.367410 -71.096792 0.018141736036 0.003608 53.54
1 1780 42.367417 -71.096785 0.018151942158 0.003608 53.54
1 1781 42.367425 -71.096777 0.018162148524 0.003608 53.54
1 1782 42.367432 -71.096770 0.018172354890 0.003608 53.54
1 1783 42.367439 -71.096763 0.018182561256 0.003608 53.54
1 1784 42.367446 -71.096756 0.018192767621 0.003608 53.54
1 1785 42.367453 -71.096749 0.018202973987 0.003609 53.54
1 1786 42.367461 -71.096741 0.018213180592 0.003609 53.54
1 1787 42.367468 -71.096734 0.018223387197 0.003609 53.54
1 1788 42.367475 -71.096727 0.018233593803 0.003609 53.54
1 1789 42.367482 -71.096720 0.018243800408 0.003609 53.54
1 1790 42.367489 -71.096713 0.018254007013 0.003609 53.54
1 1791 42.367497 -71.096705 0.018264213854 0.003609 53.54
1 1792 42.367504 -71.096698 0.018274420694 0.003609 53.54
1 1793 42.367511 -71.096691 0.018284627535 0.003609 53.54
1 1794 42.367518 -71.096684 0.018294834376 0.003609 53.54
1 1795 42.367526 -71.096676 0.018305041216 0.003609 53.54
1 1796 42.367533 -71.096669 0.018315248288 0.003609 53.54
1 1797 42.367540 -71.096662 0.018325455360 0.003609 53.54
1 1798 42.367547 -71.096655 0.018335662432 0.003609 53.54
1 1799 42.367554 -71.096648 0.018345869504 0.003609 53.54
1 1800 42.367562 -71.096640 0.018356076576 0.003609 53.54
1 1801 42.367569 -71.096633 0.018366283875 0.003609 53.54
1 1802 42.367576 -71.096626 0.018376491174 0.003609 53.54
1 1803 42.367583 -71.096619 0.018386698473 0.003609 53.54
1 1804 42.367591 -71.096611 0.018396905772 0.003609 53.54
1 1805 42.367598 -71.096604 0.018407113071 0.003609 53.54
1 1806 42.367605 -71.096597 0.018417320594 0.003609 53.54
1 1807 42.367612 -71.096590 0.018427528116 0.003609 53.54
1 1808 42.367619 -71.096583 0.018437735638 0.003609 53.54
1 1809 42.367627 -71.096575 0.018447943160 0.003609 53.54
1 1810 42.367634 -71.096568 0.018458150682 0.003609 53.54
1 1811 42.367641 -71.096561 0.018468358424 0.003609 53.54
1 1812 42.367648 -71.096554 0.018478566165 0.003609 53.54
1 1813 42.367656 -71.096546 0.018488773906 0.003609 53.54
1 1814 42.367663 -71.096539 0.018498981647 0.003609 53.54
1 1815 42.367670 -71.096532 0.018509189388 0.003609 53.54
1 1816 42.367677 -71.096525 0.018519397344 0.003609 53.54
1 1817 42.367684 -71.096518 0.018529605300 0.003609 53.54
1 1818 42.367692 -71.096510 0.018539813257 0.003609 53.54
1 1819 42.367699 -71.096503 0.018550021213 0.003609 53.54
1 1820 42.367706 -71.096496 0.018560229169 0.003609 53.54
1 1821 42.367713 -71.096489 0.018570437336 0.003609 53.54
1 1822 42.367720 -71.096482 0.018580645503 0.003609 53.54
1 1823 42.367728 -71.096474 0.018590853669 0.003609 53.54
1 1824 42.367735 -71.096467 0.018601061836 0.003609 53.54
1 1825 42.367742 -71.096460 0.018611270003 0.003609 53.54
1 1826 42.367749 -71.096453 0.018621478377 0.003609 53.54
1 1827 42.367757 -71.096445 0.018631686750 0.003609 53.54
1 1828 42.367764 -71.096438 0.018641895124 0.003609 53.54
1 1829 42.367771 -71.096431 0.018652103498 0.003609 53.54
1 1830 42.367778 -71.096424 0.018662311871 0.003609 53.54
1 1831 42.367785 -71.096417 0.018672520447 0.003609 53.54
1 1832 42.367793 -71.096409 0.018682729024 0.003609 53.54
1 1833 42.367800 -71.096402 0.018692937600 0.003609 53.54
1 1834 42.367807 -71.096395 0.018703146176 0.003609 53.54
1 1835 42.367814 -71.096388 0.018713354752 0.003609 53.54
1 1836 42.367822 -71.096380 0.018723563527 0.003609 53.54
1 1837 42.367829 -71.096373 0.018733772302 0.003609 53.54
1 1838 42.367836 -71.096366 0.018743981076 0.003609 53.54
1 1839 42.367843 -71.096359 0.018754189851 0.003609 53.54
1 1840 42.367850 -71.096352 0.018764398626 0.003609 53.54
1 1841 42.367858 -71.096344 0.018774607595 0.003609 53.54
1 1842 42.367865 -71.096337 0.018784816564 0.003609 53.54
1 1843 42.367872 -71.096330 0.018795025533 0.003609 53.54
1 1844 42.367879 -71.096323 0.018805234502 0.003609 53.54
1 1845 42.367886 -71.096316 0.018815443472 0.003609 53.54
1 1846 42.367894 -71.096308 0.018825652631 0.003609 53.54
1 1847 42.367901 -71.096301 0.018835861790 0.003609 53.54
1 1848 42.367908 -71.096294 0.018846070950 0.003609 53.54
1 1849 42.367915 -71.096287 0.018856280109 0.003609 53.54
1 1850 42.367923 -71.096279 0.018866489269 0.003610 53.54
1 1851 42.367930 -71.096272 0.018876698614 0.003610 53.54
1 1852 42.367937 -71.096265 0.018886907960 0.003610 53.54
1 1853 42.367944 -71.096258 0.018897117306 0.003610 53.54
1 1854 42.367951 -71.096251 0.018907326651 0.003610 53.54
1 1855 42.367959 -71.096243 0.018917535997 0.003610 53.54
1 1856 42.367966 -71.096236 0.018927745525 0.003610 53.54
1 1857 42.367973 -71.096229 0.018937955053 0.003610 53.54
1 1858 42.367980 -71.096222 0.018948164580 0.003610 53.54
1 1859 42.367988 -71.096214 0.018958374108 0.003610 53.54
1 1860 42.367995 -71.096207 0.018968583636 0.003610 53.54
2 1751 42.367208 -71.096994 0.017855982323 0.003608 53.54
2 1752 42.367215 -71.096987 0.017866187166 0.003608 53.54
2 1753 42.367222 -71.096980 0.017876392008 0.003608 53.54
2 1754 42.367230 -71.096972 0.017886596851 0.003608 53.54
2 1755 42.367237 -71.096965 0.017896801694 0.003608 53.54
2 1756 42.367244 -71.096958 0.017907006801 0.003608 53.54
2 1757 42.367251 -71.096951 0.017917211907 0.003608 53.54
2 1758 42.367259 -71.096943 0.017927417014 0.003608 53.54
2 1759 42.367266 -71.096936 0.017937622121 0.003608 53.54
2 1760 42.367273 -71.096929 0.017947827228 0.003608 53.54
2 1761 42.367280 -71.096922 0.017958032595 0.003608 53.54
2 1762 42.367287 -71.096915 0.017968237961 0.003608 53.54
2 1763 42.367295 -71.096907 0.017978443328 0.003608 53.54
2 1764 42.367302 -71.096900 0.017988648695 0.003608 53.54
2 1765 42.367309 -71.096893 0.017998854062 0.003608 53.54
2 1766 42.367316 -71.096886 0.018009059684 0.003608 53.54
2 1767 42.367324 -71.096878 0.018019265307 0.003608 53.54
2 1768 42.367331 -71.096871 0.018029470930 0.003608 53.54
2 1769 42.367338 -71.096864 0.018039676553 0.003608 53.54
2 1770 42.367345 -71.096857 0.018049882175 0.003608 53.54
2 1771 42.367352 -71.096850 0.018060088050 0.003608 53.54
2 1772 42.367360 -71.096842 0.018070293924 0.003608 53.54
2 1773 42.367367 -71.096835 0.018080499799 0.003608 53.54
2 1774 42.367374 -71.096828 0.018090705673 0.003608 53.54
2 1775 42.367381 -71.096821 0.018100911548 0.003608 53.54
2 1776 42.367388 -71.096814 0.018111117670 0.003608 53.54
2 1777 42.367396 -71.096806 0.018121323792 0.003608 53.54
2 1778 42.367403 -71.096799 0.018131529914 0.003608 53.54
2 1779 42.367410 -71.096792 0.018141736036 0.003608 53.54
2 1780 42.367417 -71.096785 0.018151942158 0.003608 53.54
2 1781 42.367425 -71.096777 0.018162148524 0.003608 53.54
2 1782 42.367432 -71.096770 0.018172354890 0.003608 53.54
2 1783 42.367439 -71.096763 0.018182561256 0.003608 53.54
2 1784 42.367446 -71.096756 0.018192767621 0.003608 53.54
2 1785 42.367453 -71.096749 0.018202973987 0.003609 53.54
2 1786 42.367461 -71.096741 0.018213180592 0.003609 53.54
2 1787 42.367468 -71.096734 0.018223387197 0.003609 53.54
2 1788 42.367475 -71.096727 0.018233593803 0.003609 53.54
2 1789 42.367482 -71.096720 0.018243800408 0.003609 53.54
2 1790 42.367489 -71.096713 0.018254007013 0.003609 53.54
2 1791 42.367497 -71.096705 0.018264213854 0.003609 53.54
2 1792 42.367504 -71.096698 0.018274420694 0.003609 53.54
2 1793 42.367511 -71.096691 0.018284627535 0.003609 53.54
2 1794 42.367518 -71.096684 0.018294834376 0.003609 53.54
2 1795 42.367526 -71.096676 0.018305041216 0.003609 53.54
2 1796 42.367533 -71.096669 0.018315248288 0.003609 53.54
2 1797 42.367540 -71.096662 0.018325455360 0.003609 53.54
2 1798 42.367547 -71.096655 0.018335662432 0.003609 53.54
2 1799 42.367554 -71.096648 0.018345869504 0.003609 53.54
2 1800 42.367562 -71.096640 0.018356076576 0.003609 53.54
2 1801 42.367569 -71.096633 0.018366283875 0.003609 53.54
2 1802 42.367576 -71.096626 0.018376491174 0.003609 53.54
2 1803 42.367583 -71.096619 0.018386698473 0.003609 53.54
2 1804 42.367591 -71.096611 0.018396905772 0.003609 53.54
2 1805 42.367598 -71.096604 0.018407113071 0.003609 53.54
2 1806 42.367605 -71.096597 0.018417320594 0.003609 53.54
2 1807 42.367612 -71.096590 0.018427528116 0.003609 53.54
2 1808 42.367619 -71.096583 0.018437735638 0.003609 53.54
2 1809 42.367627 -71.096575 0.018447943160 0.003609 53.54
2 1810 42.367634 -71.096568 0.018458150682 0.003609 53.54
2 1811 42.367641 -71.096561 0.018468358424 0.003609 53.54
2 1812 42.367648 -71.096554 0.018478566165 0.003609 53.54
2 1813 42.367656 -71.096546 0.018488773906 0.003609 53.54
2 1814 42.367663 -71.096539 0.018498981647 0.003609 53.54
2 1815 42.367670 -71.096532 0.018509189388 0.003609 53.54
2 1816 42.367677 -71.096525 0.018519397344 0.003609 53.54
2 1817 42.367684 -71.096518 0.018529605300 0.003609 53.54
2 1818 42.367692 -71.096510 0.018539813257 0.003609 53.54
2 1819 42.367699 -71.096503 0.018550021213 0.003609 53.54
2 1820 42.367706 -71.096496 0.018560229169 0.003609 53.54
2 1821 42.367713 -71.096489 0.018570437336 0.003609 53.54
2 1822 42.367720 -71.096482 0.018580645503 0.003609 53.54
2 1823 42.367728 -71.096474 0.018590853669 0.003609 53.54
2 1824 42.367735 -71.096467 0.018601061836 0.003609 53.54
2 1825 42.367742 -71.096460 0.018611270003 0.003609 53.54
2 1826 42.367749 -71.096453 0.018621478377 0.003609 53.54
2 1827 42.367757 -71.096445 0.018631686750 0.003609 53.54
2 1828 42.367764 -71.096438 0.018641895124 0.003609 53.54
2 1829 42.367771 -71.096431 0.018652103498 0.003609 53.54
2 1830 42.367778 -71.096424 0.018662311871 0.003609 53.54
2 1831 42.367785 -71.096417 0.018672520447 0.003609 53.54
2 1832 42.367793 -71.096409 0.018682729024 0.003609 53.54
2 1833 42.367800 -71.096402 0.018692937600 0.003609 53.54
2 1834 42.367807 -71.096395 0.018703146176 0.003609 53.54
2 1835 42.367814 -71.096388 0.018713354752 0.003609 53.54
2 1836 42.367822 -71.096380 0.018723563527 0.003609 53.54
2 1837 42.367829 -71.096373 0.018733772302 0.003609 53.54
2 1838 42.367836 -71.096366 0.018743981076 0.003609 53.54
2 1839 42.367843 -71.096359 0.018754189851 0.003609 53.54
2 1840 42.367850 -71.096352 0.018764398626 0.003609 53.54
2 1841 42.367858 -71.096344 0.018774607595 0.003609 53.54
2 1842 42.367865 -71.096337 0.018784816564 0.003609 53.54
2 1843 42.367872 -71.096330 0.018795025533 0.003609 53.54
2 1844 42.367879 -71.096323 0.018805234502 0.003609 53.54
2 1845 42.367886 -71.096316 0.018815443472 0.003609 53.54
2 1846 42.367894 -71.096308 0.018825652631 0.003609 53.54
2 1847 42.367901 -71.096301 0.018835861790 0.003609 53.54
2 1848 42.367908 -71.096294 0.018846070950 0.003609 53.54
2 1849 42.367915 -71.096287 0.018856280109 0.003609 53.54
2 1850 42.367923 -71.096279 0.018866489269 0.003610 53.54
2 1851 42.367930 -71.096272 0.018876698614 0.003610 53.54
2 1852 42.367937 -71.096265 0.018886907960 0.003610 53.54
2 1853 42.367944 -71.096258 0.018897117306 0.003610 53.54
2 1854 42.367951 -71.096251 0.018907326651 0.003610 53.54
2 1855 42.367959 -71.096243 0.018917535997 0.003610 53.54
2 1856 42.367966 -71.096236 0.018927745525 0.003610 53.54
2 1857 42.367973 -71.096229 0.018937955053 0.003610 53.54
2 1858 42.367980 -71.096222 0.018948164580 0.003610 53.54
2 1859 42.367988 -71.096214 0.018958374108 0.003610 53.54
2 1860 42.367995 -71.096207 0.018968583636 0.003610 53.54
3 1751 42.367208 -71.096994 0.017855982323 0.003608 53.54
3 1752 42.367215 -71.096987 0.017866187166 0.003608 53.54
3 1753 42.367222 -71.096980 0.017876392008 0.003608 53.54
3 1754 42.367230 -71.096972 0.017886596851 0.003608 53.54
3 1755 42.367237 -71.096965 0.017896801694 0.003608 53.54
3 1756 42.367244 -71.096958 0.017907006801 0.003608 53.54
3 1757 42.367251 -71.096951 0.017917211907 0.003608 53.54
3 1758 42.367259 -71.096943 0.017927417014 0.003608 53.54
3 1759 42.367266 -71.096936 0.017937622121 0.003608 53.54
3 1760 42.367273 -71.096929 0.017947827228 0.003608 53.54
3 1761 42.367280 -71.096922 0.017958032595 0.003608 53.54
3 1762 42.367287 -71.096915 0.017968237961 0.003608 53.54
3 1763 42.367295 -71.096907 0.017978443328 0.003608 53.54
3 1764 42.367302 -71.096900 0.017988648695 0.003608 53.54
3 1765 42.367309 -71.096893 0.017998854062 0.003608 53.54
3 1766 42.367316 -71.096886 0.018009059684 0.003608 53.54
3 1767 42.367324 -71.096878 0.018019265307 0.003608 53.54
3 1768 42.367331 -71.096871 0.018029470930 0.003608 53.54
3 1769 42.367338 -71.096864 0.018039676553 0.003608 53.54
3 1770 42.367345 -71.096857 0.018049882175 0.003608 53.54
3 1771 42.367352 -71.096850 0.018060088050 0.003608 53.54
3 1772 42.367360 -71.096842 0.018070293924 0.003608 53.54
3 1773 42.367367 -71.096835 0.018080499799 0.003608 53.54
3 1774 42.367374 -71.096828 0.018090705673 0.003608 53.54
3 1775 42.367381 -71.096821 0.018100911548 0.003608 53.54
3 1776 42.367388 -71.096814 0.018111117670 0.003608 53.54
3 1777 42.367396 -71.096806 0.018121323792 0.003608 53.54
3 1778 42.367403 -71.096799 0.018131529914 0.003608 53.54
3 1779 42.367410 -71.096792 0.018141736036 0.003608 53.54
3 1780 42.367417 -71.096785 0.018151942158 0.003608 53.54
3 1781 42.367425 -71.096777 0.018162148524 0.003608 53.54
3 1782 42.367432 -71.096770 0.018172354890 0.003608 53.54
3 1783 42.367439 -71.096763 0.018182561256 0.003608 53.54
3 1784 42.367446 -71.096756 0.018192767621 0.003608 53.54
3 1785 42.367453 -71.096749 0.018202973987 0.003609 53.54
3 1786 42.367461 -71.096741 0.018213180592 0.003609 53.54
3 1787 42.367468 -71.096734 0.018223387197 0.003609 53.54
3 1788 42.367475 -71.096727 0.018233593803 0.003609 53.54
3 1789 42.367482 -71.096720 0.018243800408 0.003609 53.54
3 1790 42.367489 -71.096713 0.018254007013 0.003609 53.54
3 1791 42.367497 -71.096705 0.018264213854 0.003609 53.54
3 1792 42.367504 -71.096698 0.018274420694 0.003609 53.54
3 1793 42.367511 -71.096691 0.018284627535 0.003609 53.54
3 1794 42.367518 -71.096684 0.018294834376 0.003609 53.54
3 1795 42.367526 -71.096676 0.018305041216 0.003609 53.54
3 1796 42.367533 -71.096669 0.018315248288 0.003609 53.54
3 1797 42.367540 -71.096662 0.018325455360 0.003609 53.54
3 1798 42.367547 -71.096655 0.018335662432 0.003609 53.54
3 1799 42.367554 -71.096648 0.018345869504 0.003609 53.54
3 1800 42.367562 -71.096640 0.018356076576 0.003609 53.54
3 1801 42.367569 -71.096633 0.018366283875 0.003609 53.54
3 1802 42.367576 -71.096626 0.018376491174 0.003609 53.54
3 1803 42.367583 -71.096619 0.018386698473 0.003609 53.54
3 1804 42.367591 -71.096611 0.018396905772 0.003609 53.54
3 1805 42.367598 -71.096604 0.018407113071 0.003609 53.54
3 1806 42.367605 -71.096597 0.018417320594 0.003609 53.54
3 1807 42.367612 -71.096590 0.018427528116 0.003609 53.54
3 1808 42.367619 -71.096583 0.018437735638 0.003609 53.54
3 1809 42.367627 -71.096575 0.018447943160 0.003609 53.54
3 1810 42.367634 -71.096568 0.018458150682 0.003609 53.54
3 1811 42.367641 -71.096561 0.018468358424 0.003609 53.54
3 1812 42.367648 -71.096554 0.018478566165 0.003609 53.54
3 1813 42.367656 -71.096546 0.018488773906 0.003609 53.54
3 1814 42.367663 -71.096539 0.018498981647 0.003609 53.54
3 1815 42.367670 -71.096532 0.018509189388 0.003609 53.54
3 1816 42.367677 -71.096525 0.018519397344 0.003609 53.54
3 1817 42.367684 -71.096518 0.018529605300 0.003609 53.54
3 1818 42.367692 -71.096510 0.018539813257 0.003609 53.54
3 1819 42.367699 -71.096503 0.018550021213 0.003609 53.54
3 1820 42.367706 -71.096496 0.018560229169 0.003609 53.54
3 1821 42.367713 -71.096489 0.018570437336 0.003609 53.54
3 1822 42.367720 -71.096482 0.018580645503 0.003609 53.54
3 1823 42.367728 -71.096474 0.018590853669 0.003609 53.54
3 1824 42.367735 -71.096467 0.018601061836 0.003609 53.54
3 1825 42.367742 -71.096460 0.018611270003 0.003609 53.54
3 1826 42.367749 -71.096453 0.018621478377 0.003609 53.54
3 1827 42.367757 -71.096445 0.018631686750 0.003609 53.54
3 1828 42.367764 -71.096438 0.018641895124 0.003609 53.54
3 1829 42.367771 -71.096431 0.018652103498 0.003609 53.54
3 1830 42.367778 -71.096424 0.018662311871 0.003609 53.54
3 1831 42.367785 -71.096417 0.018672520447 0.003609 53.54
3 1832 42.367793 -71.096409 0.018682729024 0.003609 53.54
3 1833 42.367800 -71.096402 0.018692937600 0.003609 53.54
3 1834 42.367807 -71.096395 0.018703146176 0.003609 53.54
3 1835 42.367814 -71.096388 0.018713354752 0.003609 53.54
3 1836 42.367822 -71.096380 0.018723563527 0.003609 53.54
3 1837 42.367829 -71.096373 0.018733772302 0.003609 53.54
3 1838 42.367836 -71.096366 0.018743981076 0.003609 53.54
3 1839 42.367843 -71.096359 0.018754189851 0.003609 53.54
3 1840 42.367850 -71.096352 0.018764398626 0.003609 53.54
3 1841 42.367858 -71.096344 0.018774607595 0.003609 53.54
3 1842 42.367865 -71.096337 0.018784816564 0.003609 53.54
3 1843 42.367872 -71.096330 0.018795025533 0.003609 53.54
3 1844 42.367879 -71.096323 0.018805234502 0.003609 53.54
3 1845 42.367886 -71.096316 0.018815443472 0.003609 53.54
3 1846 42.367894 -71.096308 0.018825652631 0.003609 53.54
3 1847 42.367901 -71.096301 0.018835861790 0.003609 53.54
3 1848 42.367908 -71.096294 0.018846070950 0.003609 53.54
3 1849 42.367915 -71.096287 0.018856280109 0.003609 53.54
3 1850 42.367923 -71.096279 0.018866489269 0.003610 53.54
3 1851 42.367930 -71.096272 0.018876698614 0.003610 53.54
3 1852 42.367937 -71.096265 0.018886907960 0.003610 53.54
3 1853 42.367944 -71.096258 0.018897117306 0.003610 53.54
3 1854 42.367951 -71.096251 0.018907326651 0.003610 53.54
3 1855 42.367959 -71.096243 0.018917535997 0.003610 53.54
3 1856 42.367966 -71.096236 0.018927745525 0.003610 53.54
3 1857 42.367973 -71.096229 0.018937955053 0.003610 53.54
3 1858 42.367980 -71.096222 0.018948164580 0.003610 53.54
3 1859 42.367988 -71.096214 0.018958374108 0.003610 53.54
3 1860 42.367995 -71.096207 0.018968583636 0.003610 53.54
4 1751 42.367208 -71.096994 0.017855982323 0.003608 53.54
4 1752 42.367215 -71.096987 0.017866187166 0.003608 53.54
4 1753 42.367222 -71.096980 0.017876392008 0.003608 53.54
4 1754 42.367230 -71.096972 0.017886596851 0.003608 53.54
4 1755 42.367237 -71.096965 0.017896801694 0.003608 53.54
4 1756 42.367244 -71.096958 0.017907006801 0.003608 53.54
4 1757 42.367251 -71.096951 0.017917211907 0.003608 53.54
4 1758 42.367259 -71.096943 0.017927417014 0.003608 53.54
4 1759 42.367266 -71.096936 0.017937622121 0.003608 53.54
4 1760 42.367273 -71.096929 0.017947827228 0.003608 53.54
4 1761 42.367280 -71.096922 0.017958032595 0.003608 53.54
4 1762 42.367287 -71.096915 0.017968237961 0.003608 53.54
4 1763 42.367295 -71.096907 0.017978443328 0.003608 53.54
4 1764 42.367302 -71.096900 0.017988648695 0.003608 53.54
4 1765 42.367309 -71.096893 0.017998854062 0.003608 53.54
4 1766 42.367316 -71.096886 0.018009059684 0.003608 53.54
4 1767 42.367324 -71.096878 0.018019265307 0.003608 53.54
4 1768 42.367331 -71.096871 0.018029470930 0.003608 53.54
4 1769 42.367338 -71.096864 0.018039676553 0.003608 53.54
4 1770 42.367345 -71.096857 0.018049882175 0.003608 53.54
4 1771 42.367352 -71.096850 0.018060088050 0.003608 53.54
4 1772 42.367360 -71.096842 0.018070293924 0.003608 53.54
4 1773 42.367367 -71.096835 0.018080499799 0.003608 53.54
4 1774 42.367374 -71.096828 0.018090705673 0.003608 53.54
4 1775 42.367381 -71.096821 0.018100911548 0.003608 53.54
4 1776 42.367388 -71.096814 0.018111117670 0.003608 53.54
4 1777 42.367396 -71.096806 0.018121323792 0.003608 53.54
4 1778 42.367403 -71.096799 0.018131529914 0.003608 53.54
4 1779 42.367410 -71.096792 0.018141736036 0.003608 53.54
4 1780 42.367417 -71.096785 0.018151942158 0.003608 53.54
4 1781 42.367425 -71.096777 0.018162148524 0.003608 53.54
4 1782 42.367432 -71.096770 0.018172354890 0.003608 53.54
4 1783 42.367439 -71.096763 0.018182561256 0.003608 53.54
4 1784 42.367446 -71.096756 0.018192767621 0.003608 53.54
4 1785 42.367453 -71.096749 0.018202973987 0.003609 53.54
4 1786 42.367461 -71.096741 0.018213180592 0.003609 53.54
4 1787 42.367468 -71.096734 0.018223387197 0.003609 53.54
4 1788 42.367475 -71.096727 0.018233593803 0.003609 53.54
4 1789 42.367482 -71.096720 0.018243800408 0.003609 53.54
4 1790 42.367489 -71.096713 0.018254007013 0.003609 53.54
4 1791 42.367497 -71.096705 0.018264213854 0.003609 53.54
4 1792 42.367504 -71.096698 0.018274420694 0.003609 53.54
4 1793 42.367511 -71.096691 0.018284627535 0.003609 53.54
4 1794 42.367518 -71.096684 0.018294834376 0.003609 53.54
4 1795 42.367526 -71.096676 0.018305041216 0.003609 53.54
4 1796 42.367533 -71.096669 0.018315248288 0.003609 53.54
4 1797 42.367540 -71.096662 0.018325455360 0.003609 53.54
4 1798 42.367547 -71.096655 0.018335662432 0.003609 53.54
4 1799 42.367554 -71.096648 0.018345869504 0.003609 53.54
4 1800 42.367562 -71.096640 0.018356076576 0.003609 53.54
4 1801 42.367569 -71.096633 0.018366283875 0.003609 53.54
4 1802 42.367576 -71.096626 0.018376491174 0.003609 53.54
4 1803 42.367583 -71.096619 0.018386698473 0.003609 53.54
4 1804 42.367591 -71.096611 0.018396905772 0.003609 53.54
4 1805 42.367598 -71.096604 0.018407113071 0.003609 53.54
4 1806 42.367605 -71.096597 0.018417320594 0.003609 53.54
4 1807 42.367612 -71.096590 0.018427528116 0.003609 53.54
4 1808 42.367619 -71.096583 0.018437735638 0.003609 53.54
4 1809 42.367627 -71.096575 0.018447943160 0.003609 53.54
4 1810 42.367634 -71.096568 0.018458150682 0.003609 53.54
4 1811 42.367641 -71.096561 0.018468358424 0.003609 53.54
4 1812 42.367648 -71.096554 0.018478566165 0.003609 53.54
4 1813 42.367656 -71.096546 0.018488773906 0.003609 53.54
4 1814 42.367663 -71.096539 0.018498981647 0.003609 53.54
4 1815 42.367670 -71.096532 0.018509189388 0.003609 53.54
4 1816 42.367677 -71.096525 0.018519397344 0.003609 53.54
4 1817 42.367684 -71.096518 0.018529605300 0.003609 53.54
4 1818 42.367692 -71.096510 0.018539813257 0.003609 53.54
4 1819 42.367699 -71.096503 0.018550021213 0.003609 53.54
4 1820 42.367706 -71.096496 0.018560229169 0.003609 53.54
4 1821 42.367713 -71.096489 0.018570437336 0.003609 53.54
4 1822 42.367720 -71.096482 0.018580645503 0.003609 53.54
4 1823 42.367728 -71.096474 0.018590853669 0.003609 53.54
4 1824 42.367735 -71.096467 0.018601061836 0.003609 53.54
4 1825 42.367742 -71.096460 0.018611270003 0.003609 53.54
4 1826 42.367749 -71.096453 0.018621478377 0.003609 53.54
4 1827 42.367757 -71.096445 0.018631686750 0.003609 53.54
4 1828 42.367764 -71.096438 0.018641895124 0.003609 53.54
4 1829 42.367771 -71.096431 0.018652103498 0.003609 53.54
4 1830 42.367778 -71.096424 0.018662311871 0.003609 53.54
4 1831 42.367785 -71.096417 0.018672520447 0.003609 53.54
4 1832 42.367793 -71.096409 0.018682729024 0.003609 53.54
4 1833 42.367800 -71.096402 0.018692937600 0.003609 53.54
4 1834 42.367807 -71.096395 0.018703146176 0.003609 53.54
4 1835 42.367814 -71.096388 0.018713354752 0.003609 53.54
4 1836 42.367822 -71.096380 0.018723563527 0.003609 53.54
4 1837 42.367829 -71.096373 0.018733772302 0.003609 53.54
4 1838 42.367836 -71.096366 0.018743981076 0.003609 53.54
4 1839 42.367843 -71.096359 0.018754189851 0.003609 53.54
4 1840 42.367850 -71.096352 0.018764398626 0.003609 53.54
4 1841 42.367858 -71.096344 0.018774607595 0.003609 53.54
4 1842 42.367865 -71.096337 0.018784816564 0.003609 53.54
4 1843 42.367872 -71.096330 0.018795025533 0.003609 53.54
4 1844 42.367879 -71.096323 0.018805234502 0.003609 53.54
4 1845 42.367886 -71.096316 0.018815443472 0.003609 53.54
4 1846 42.367894 -71.096308 0.018825652631 0.003609 53.54
4 1847 42.367901 -71.096301 0.018835861790 0.003609 53.54
4 1848 42.367908 -71.096294 0.018846070950 0.003609 53.54
4 1849 42.367915 -71.096287 0.018856280109 0.003609 53.54
4 1850 42.367923 -71.096279 0.018866489269 0.003610 53.54
4 1851 42.367930 -71.096272 0.018876698614 0.003610 53.54
4 1852 42.367937 -71.096265 0.018886907960 0.003610 53.54
4 1853 42.367944 -71.096258 0.018897117306 0.003610 53.54
4 1854 42.367951 -71.096251 0.018907326651 0.003610 53.54
4 1855 42.367959 -71.096243 0.018917535997 0.003610 53.54
4 1856 42.367966 -71.096236 0.018927745525 0.003610 53.54
4 1857 42.367973 -71.096229 0.018937955053 0.003610 53.54
4 1858 42.367980 -71.096222 0.018948164580 0.003610 53.54
4 1859 42.367988 -71.096214 0.018958374108 0.003610 53.54
4 1860 42.367995 -71.096207 0.018968583636 0.003610 53.54
