1 1057 42.362207 -71.101995 0.010784103214 0.003607 53.54
1 1058 42.362215 -71.101987 0.010794304545 0.003607 53.54
1 1059 42.362222 -71.101980 0.010804505875 0.003607 53.54
1 1060 42.362229 -71.101973 0.010814707206 0.003607 53.54
1 1061 42.362236 -71.101966 0.010824908234 0.003607 53.54
1 1062 42.362244 -71.101958 0.010835109262 0.003607 53.54
1 1063 42.362251 -71.101951 0.010845310290 0.003607 53.54
1 1064 42.362258 -71.101944 0.010855511318 0.003607 53.54
1 1065 42.362265 -71.101937 0.010865712346 0.003606 53.54
1 1066 42.362272 -71.101930 0.010875913067 0.003606 53.54
1 1067 42.362280 -71.101922 0.010886113789 0.003606 53.54
1 1068 42.362287 -71.101915 0.010896314510 0.003606 53.54
1 1069 42.362294 -71.101908 0.010906515232 0.003606 53.54
1 1070 42.362301 -71.101901 0.010916715953 0.003606 53.54
1 1071 42.362308 -71.101894 0.010926916364 0.003606 53.54
1 1072 42.362316 -71.101886 0.010937116775 0.003606 53.54
1 1073 42.362323 -71.101879 0.010947317186 0.003606 53.54
1 1074 42.362330 -71.101872 0.010957517597 0.003606 53.54
1 1075 42.362337 -71.101865 0.010967718008 0.003606 53.54
1 1076 42.362345 -71.101857 0.010977918104 0.003606 53.54
1 1077 42.362352 -71.101850 0.010988118201 0.003606 53.54
1 1078 42.362359 -71.101843 0.010998318297 0.003606 53.54
1 1079 42.362366 -71.101836 0.011008518393 0.003606 53.54
1 1080 42.362373 -71.101829 0.011018718489 0.003606 53.54
1 1081 42.362381 -71.101821 0.011028918267 0.003606 53.54
1 1082 42.362388 -71.101814 0.011039118044 0.003606 53.54
1 1083 42.362395 -71.101807 0.011049317822 0.003606 53.54
1 1084 42.362402 -71.101800 0.011059517599 0.003606 53.54
1 1085 42.362409 -71.101793 0.011069717377 0.003606 53.54
1 1086 42.362417 -71.101785 0.011079916831 0.003606 53.54
1 1087 42.362424 -71.101778 0.011090116286 0.003606 53.54
1 1088 42.362431 -71.101771 0.011100315740 0.003606 53.54
1 1089 42.362438 -71.101764 0.011110515195 0.003606 53.54
1 1090 42.362445 -71.101757 0.011120714649 0.003606 53.54
1 1091 42.362453 -71.101749 0.011130913777 0.003606 53.54
1 1092 42.362460 -71.101742 0.011141112904 0.003606 53.54
1 1093 42.362467 -71.101735 0.011151312032 0.003606 53.54
1 1094 42.362474 -71.101728 0.011161511159 0.003606 53.54
1 1095 42.362482 -71.101720 0.011171710287 0.003606 53.54
1 1096 42.362489 -71.101713 0.011181909083 0.003606 53.54
1 1097 42.362496 -71.101706 0.011192107880 0.003606 53.54
1 1098 42.362503 -71.101699 0.011202306676 0.003606 53.54
1 1099 42.362510 -71.101692 0.011212505472 0.003606 53.54
1 1100 42.362518 -71.101684 0.011222704269 0.003606 53.54
1 1101 42.362525 -71.101677 0.011232902730 0.003606 53.54
1 1102 42.362532 -71.101670 0.011243101191 0.003606 53.54
1 1103 42.362539 -71.101663 0.011253299652 0.003606 53.54
1 1104 42.362546 -71.101656 0.011263498114 0.003606 53.54
1 1105 42.362554 -71.101648 0.011273696575 0.003606 53.54
1 1106 42.362561 -71.101641 0.011283894697 0.003606 53.54
1 1107 42.362568 -71.101634 0.011294092819 0.003606 53.54
1 1108 42.362575 -71.101627 0.011304290941 0.003606 53.54
1 1109 42.362583 -71.101619 0.011314489063 0.003606 53.54
1 1110 42.362590 -71.101612 0.011324687184 0.003605 53.54
1 1111 42.362597 -71.101605 0.011334884963 0.003605 53.54
1 1112 42.362604 -71.101598 0.011345082741 0.003605 53.54
1 1113 42.362611 -71.101591 0.011355280520 0.003605 53.54
1 1114 42.362619 -71.101583 0.011365478298 0.003605 53.54
1 1115 42.362626 -71.101576 0.011375676077 0.003605 53.54
1 1116 42.362633 -71.101569 0.011385873508 0.003605 53.54
1 1117 42.362640 -71.101562 0.011396070939 0.003605 53.54
1 1118 42.362647 -71.101555 0.011406268370 0.003605 53.54
1 1119 42.362655 -71.101547 0.011416465801 0.003605 53.54
1 1120 42.362662 -71.101540 0.011426663232 0.003605 53.54
1 1121 42.362669 -71.101533 0.011436860311 0.003605 53.54
1 1122 42.362676 -71.101526 0.011447057391 0.003605 53.54
1 1123 42.362683 -71.101519 0.011457254470 0.003605 53.54
1 1124 42.362691 -71.101511 0.011467451549 0.003605 53.54
1 1125 42.362698 -71.101504 0.011477648629 0.003605 53.54
1 1126 42.362705 -71.101497 0.011487845352 0.003605 53.54
1 1127 42.362712 -71.101490 0.011498042076 0.003605 53.54
1 1128 42.362720 -71.101482 0.011508238800 0.003605 53.54
1 1129 42.362727 -71.101475 0.011518435523 0.003605 53.54
1 1130 42.362734 -71.101468 0.011528632247 0.003605 53.54
1 1131 42.362741 -71.101461 0.011538828611 0.003605 53.54
1 1132 42.362748 -71.101454 0.011549024974 0.003605 53.54
1 1133 42.362756 -71.101446 0.011559221338 0.003605 53.54
1 1134 42.362763 -71.101439 0.011569417702 0.003605 53.54
1 1135 42.362770 -71.101432 0.011579614066 0.003605 53.54
1 1136 42.362777 -71.101425 0.011589810066 0.003605 53.54
1 1137 42.362784 -71.101418 0.011600006066 0.003605 53.54
1 1138 42.362792 -71.101410 0.011610202066 0.003605 53.54
1 1139 42.362799 -71.101403 0.011620398066 0.003605 53.54
1 1140 42.362806 -71.101396 0.011630594065 0.003605 53.54
1 1141 42.362813 -71.101389 0.011640789697 0.003605 53.54
1 1142 42.362820 -71.101382 0.011650985329 0.003605 53.54
1 1143 42.362828 -71.101374 0.011661180961 0.003605 53.54
1 1144 42.362835 -71.101367 0.011671376593 0.003605 53.54
1 1145 42.362842 -71.101360 0.011681572225 0.003605 53.54
1 1146 42.362849 -71.101353 0.011691767485 0.003605 53.54
1 1147 42.362857 -71.101345 0.011701962744 0.003605 53.54
1 1148 42.362864 -71.101338 0.011712158004 0.003605 53.54
1 1149 42.362871 -71.101331 0.011722353264 0.003605 53.54
1 1150 42.362878 -71.101324 0.011732548524 0.003604 53.54
1 1151 42.362885 -71.101317 0.011742743407 0.003604 53.54
1 1152 42.362893 -71.101309 0.011752938291 0.003604 53.54
1 1153 42.362900 -71.101302 0.011763133174 0.003604 53.54
1 1154 42.362907 -71.101295 0.011773328058 0.003604 53.54
1 1155 42.362914 -71.101288 0.011783522941 0.003604 53.54
1 1156 42.362921 -71.101281 0.011793717444 0.003604 53.54
1 1157 42.362929 -71.101273 0.011803911948 0.003604 53.54
1 1158 42.362936 -71.101266 0.011814106451 0.003604 53.54
1 1159 42.362943 -71.101259 0.011824300954 0.003604 53.54
1 1160 42.362950 -71.101252 0.011834495457 0.003604 53.54
1 1161 42.362957 -71.101245 0.011844689576 0.003604 53.54
1 1162 42.362965 -71.101237 0.011854883695 0.003604 53.54
1 1163 42.362972 -71.101230 0.011865077813 0.003604 53.54
1 1164 42.362979 -71.101223 0.011875271932 0.003604 53.54
1 1165 42.362986 -71.101216 0.011885466051 0.003604 53.54
1 1166 42.362993 -71.101209 0.011895659781 0.003604 53.54
2 1057 42.362207 -71.101995 0.010784103214 0.003607 53.54
2 1058 42.362215 -71.101987 0.010794304545 0.003607 53.54
2 1059 42.362222 -71.101980 0.010804505875 0.003607 53.54
2 1060 42.362229 -71.101973 0.010814707206 0.003607 53.54
2 1061 42.362236 -71.101966 0.010824908234 0.003607 53.54
2 1062 42.362244 -71.101958 0.010835109262 0.003607 53.54
2 1063 42.362251 -71.101951 0.010845310290 0.003607 53.54
2 1064 42.362258 -71.101944 0.010855511318 0.003607 53.54
2 1065 42.362265 -71.101937 0.010865712346 0.003606 53.54
2 1066 42.362272 -71.101930 0.010875913067 0.003606 53.54
2 1067 42.362280 -71.101922 0.010886113789 0.003606 53.54
2 1068 42.362287 -71.101915 0.010896314510 0.003606 53.54
2 1069 42.362294 -71.101908 0.010906515232 0.003606 53.54
2 1070 42.362301 -71.101901 0.010916715953 0.003606 53.54
2 1071 42.362308 -71.101894 0.010926916364 0.003606 53.54
2 1072 42.362316 -71.101886 0.010937116775 0.003606 53.54
2 1073 42.362323 -71.101879 0.010947317186 0.003606 53.54
2 1074 42.362330 -71.101872 0.010957517597 0.003606 53.54
2 1075 42.362337 -71.101865 0.010967718008 0.003606 53.54
2 1076 42.362345 -71.101857 0.010977918104 0.003606 53.54
2 1077 42.362352 -71.101850 0.010988118201 0.003606 53.54
2 1078 42.362359 -71.101843 0.010998318297 0.003606 53.54
2 1079 42.362366 -71.101836 0.011008518393 0.003606 53.54
2 1080 42.362373 -71.101829 0.011018718489 0.003606 53.54
2 1081 42.362381 -71.101821 0.011028918267 0.003606 53.54
2 1082 42.362388 -71.101814 0.011039118044 0.003606 53.54
2 1083 42.362395 -71.101807 0.011049317822 0.003606 53.54
2 1084 42.362402 -71.101800 0.011059517599 0.003606 53.54
2 1085 42.362409 -71.101793 0.011069717377 0.003606 53.54
2 1086 42.362417 -71.101785 0.011079916831 0.003606 53.54
2 1087 42.362424 -71.101778 0.011090116286 0.003606 53.54
2 1088 42.362431 -71.101771 0.011100315740 0.003606 53.54
2 1089 42.362438 -71.101764 0.011110515195 0.003606 53.54
2 1090 42.362445 -71.101757 0.011120714649 0.003606 53.54
2 1091 42.362453 -71.101749 0.011130913777 0.003606 53.54
2 1092 42.362460 -71.101742 0.011141112904 0.003606 53.54
2 1093 42.362467 -71.101735 0.011151312032 0.003606 53.54
2 1094 42.362474 -71.101728 0.011161511159 0.003606 53.54
2 1095 42.362482 -71.101720 0.011171710287 0.003606 53.54
2 1096 42.362489 -71.101713 0.011181909083 0.003606 53.54
2 1097 42.362496 -71.101706 0.011192107880 0.003606 53.54
2 1098 42.362503 -71.101699 0.011202306676 0.003606 53.54
2 1099 42.362510 -71.101692 0.011212505472 0.003606 53.54
2 1100 42.362518 -71.101684 0.011222704269 0.003606 53.54
2 1101 42.362525 -71.101677 0.011232902730 0.003606 53.54
2 1102 42.362532 -71.101670 0.011243101191 0.003606 53.54
2 1103 42.362539 -71.101663 0.011253299652 0.003606 53.54
2 1104 42.362546 -71.101656 0.011263498114 0.003606 53.54
2 1105 42.362554 -71.101648 0.011273696575 0.003606 53.54
2 1106 42.362561 -71.101641 0.011283894697 0.003606 53.54
2 1107 42.362568 -71.101634 0.011294092819 0.003606 53.54
2 1108 42.362575 -71.101627 0.011304290941 0.003606 53.54
2 1109 42.362583 -71.101619 0.011314489063 0.003606 53.54
2 1110 42.362590 -71.101612 0.011324687184 0.003605 53.54
2 1111 42.362597 -71.101605 0.011334884963 0.003605 53.54
2 1112 42.362604 -71.101598 0.011345082741 0.003605 53.54
2 1113 42.362611 -71.101591 0.011355280520 0.003605 53.54
2 1114 42.362619 -71.101583 0.011365478298 0.003605 53.54
2 1115 42.362626 -71.101576 0.011375676077 0.003605 53.54
2 1116 42.362633 -71.101569 0.011385873508 0.003605 53.54
2 1117 42.362640 -71.101562 0.011396070939 0.003605 53.54
2 1118 42.362647 -71.101555 0.011406268370 0.003605 53.54
2 1119 42.362655 -71.101547 0.011416465801 0.003605 53.54
2 1120 42.362662 -71.101540 0.011426663232 0.003605 53.54
2 1121 42.362669 -71.101533 0.011436860311 0.003605 53.54
2 1122 42.362676 -71.101526 0.011447057391 0.003605 53.54
2 1123 42.362683 -71.101519 0.011457254470 0.003605 53.54
2 1124 42.362691 -71.101511 0.011467451549 0.003605 53.54
2 1125 42.362698 -71.101504 0.011477648629 0.003605 53.54
2 1126 42.362705 -71.101497 0.011487845352 0.003605 53.54
2 1127 42.362712 -71.101490 0.011498042076 0.003605 53.54
2 1128 42.362720 -71.101482 0.011508238800 0.003605 53.54
2 1129 42.362727 -71.101475 0.011518435523 0.003605 53.54
2 1130 42.362734 -71.101468 0.011528632247 0.003605 53.54
2 1131 42.362741 -71.101461 0.011538828611 0.003605 53.54
2 1132 42.362748 -71.101454 0.011549024974 0.003605 53.54
2 1133 42.362756 -71.101446 0.011559221338 0.003605 53.54
2 1134 42.362763 -71.101439 0.011569417702 0.003605 53.54
2 1135 42.362770 -71.101432 0.011579614066 0.003605 53.54
2 1136 42.362777 -71.101425 0.011589810066 0.003605 53.54
2 1137 42.362784 -71.101418 0.011600006066 0.003605 53.54
2 1138 42.362792 -71.101410 0.011610202066 0.003605 53.54
2 1139 42.362799 -71.101403 0.011620398066 0.003605 53.54
2 1140 42.362806 -71.101396 0.011630594065 0.003605 53.54
2 1141 42.362813 -71.101389 0.011640789697 0.003605 53.54
2 1142 42.362820 -71.101382 0.011650985329 0.003605 53.54
2 1143 42.362828 -71.101374 0.011661180961 0.003605 53.54
2 1144 42.362835 -71.101367 0.011671376593 0.003605 53.54
2 1145 42.362842 -71.101360 0.011681572225 0.003605 53.54
2 1146 42.362849 -71.101353 0.011691767485 0.003605 53.54
2 1147 42.362857 -71.101345 0.011701962744 0.003605 53.54
2 1148 42.362864 -71.101338 0.011712158004 0.003605 53.54
2 1149 42.362871 -71.101331 0.011722353264 0.003605 53.54
2 1150 42.362878 -71.101324 0.011732548524 0.003604 53.54
2 1151 42.362885 -71.101317 0.011742743407 0.003604 53.54
2 1152 42.362893 -71.101309 0.011752938291 0.003604 53.54
2 1153 42.362900 -71.101302 0.011763133174 0.003604 53.54
2 1154 42.362907 -71.101295 0.011773328058 0.003604 53.54
2 1155 42.362914 -71.101288 0.011783522941 0.003604 53.54
2 1156 42.362921 -71.101281 0.011793717444 0.003604 53.54
2 1157 42.362929 -71.101273 0.011803911948 0.003604 53.54
2 1158 42.362936 -71.101266 0.011814106451 0.003604 53.54
2 1159 42.362943 -71.101259 0.011824300954 0.003604 53.54
2 1160 42.362950 -71.101252 0.011834495457 0.003604 53.54
2 1161 42.362957 -71.101245 0.011844689576 0.003604 53.54
2 1162 42.362965 -71.101237 0.011854883695 0.003604 53.54
2 1163 42.362972 -71.101230 0.011865077813 0.003604 53.54
2 1164 42.362979 -71.101223 0.011875271932 0.003604 53.54
2 1165 42.362986 -71.101216 0.011885466051 0.003604 53.54
2 1166 42.362993 -71.101209 0.011895659781 0.003604 53.54
3 1057 42.362207 -71.101995 0.010784103214 0.003607 53.54
3 1058 42.362215 -71.101987 0.010794304545 0.003607 53.54
3 1059 42.362222 -71.101980 0.010804505875 0.003607 53.54
3 1060 42.362229 -71.101973 0.010814707206 0.003607 53.54
3 1061 42.362236 -71.101966 0.010824908234 0.003607 53.54
3 1062 42.362244 -71.101958 0.010835109262 0.003607 53.54
3 1063 42.362251 -71.101951 0.010845310290 0.003607 53.54
3 1064 42.362258 -71.101944 0.010855511318 0.003607 53.54
3 1065 42.362265 -71.101937 0.010865712346 0.003606 53.54
3 1066 42.362272 -71.101930 0.010875913067 0.003606 53.54
3 1067 42.362280 -71.101922 0.010886113789 0.003606 53.54
3 1068 42.362287 -71.101915 0.010896314510 0.003606 53.54
3 1069 42.362294 -71.101908 0.010906515232 0.003606 53.54
3 1070 42.362301 -71.101901 0.010916715953 0.003606 53.54
3 1071 42.362308 -71.101894 0.010926916364 0.003606 53.54
3 1072 42.362316 -71.101886 0.010937116775 0.003606 53.54
3 1073 42.362323 -71.101879 0.010947317186 0.003606 53.54
3 1074 42.362330 -71.101872 0.010957517597 0.003606 53.54
3 1075 42.362337 -71.101865 0.010967718008 0.003606 53.54
3 1076 42.362345 -71.101857 0.010977918104 0.003606 53.54
3 1077 42.362352 -71.101850 0.010988118201 0.003606 53.54
3 1078 42.362359 -71.101843 0.010998318297 0.003606 53.54
3 1079 42.362366 -71.101836 0.011008518393 0.003606 53.54
3 1080 42.362373 -71.101829 0.011018718489 0.003606 53.54
3 1081 42.362381 -71.101821 0.011028918267 0.003606 53.54
3 1082 42.362388 -71.101814 0.011039118044 0.003606 53.54
3 1083 42.362395 -71.101807 0.011049317822 0.003606 53.54
3 1084 42.362402 -71.101800 0.011059517599 0.003606 53.54
3 1085 42.362409 -71.101793 0.011069717377 0.003606 53.54
3 1086 42.362417 -71.101785 0.011079916831 0.003606 53.54
3 1087 42.362424 -71.101778 0.011090116286 0.003606 53.54
3 1088 42.362431 -71.101771 0.011100315740 0.003606 53.54
3 1089 42.362438 -71.101764 0.011110515195 0.003606 53.54
3 1090 42.362445 -71.101757 0.011120714649 0.003606 53.54
3 1091 42.362453 -71.101749 0.011130913777 0.003606 53.54
3 1092 42.362460 -71.101742 0.011141112904 0.003606 53.54
3 1093 42.362467 -71.101735 0.011151312032 0.003606 53.54
3 1094 42.362474 -71.101728 0.011161511159 0.003606 53.54
3 1095 42.362482 -71.101720 0.011171710287 0.003606 53.54
3 1096 42.362489 -71.101713 0.011181909083 0.003606 53.54
3 1097 42.362496 -71.101706 0.011192107880 0.003606 53.54
3 1098 42.362503 -71.101699 0.011202306676 0.003606 53.54
3 1099 42.362510 -71.101692 0.011212505472 0.003606 53.54
3 1100 42.362518 -71.101684 0.011222704269 0.003606 53.54
3 1101 42.362525 -71.101677 0.011232902730 0.003606 53.54
3 1102 42.362532 -71.101670 0.011243101191 0.003606 53.54
3 1103 42.362539 -71.101663 0.011253299652 0.003606 53.54
3 1104 42.362546 -71.101656 0.011263498114 0.003606 53.54
3 1105 42.362554 -71.101648 0.011273696575 0.003606 53.54
3 1106 42.362561 -71.101641 0.011283894697 0.003606 53.54
3 1107 42.362568 -71.101634 0.011294092819 0.003606 53.54
3 1108 42.362575 -71.101627 0.011304290941 0.003606 53.54
3 1109 42.362583 -71.101619 0.011314489063 0.003606 53.54
3 1110 42.362590 -71.101612 0.011324687184 0.003605 53.54
3 1111 42.362597 -71.101605 0.011334884963 0.003605 53.54
3 1112 42.362604 -71.101598 0.011345082741 0.003605 53.54
3 1113 42.362611 -71.101591 0.011355280520 0.003605 53.54
3 1114 42.362619 -71.101583 0.011365478298 0.003605 53.54
3 1115 42.362626 -71.101576 0.011375676077 0.003605 53.54
3 1116 42.362633 -71.101569 0.011385873508 0.003605 53.54
3 1117 42.362640 -71.101562 0.011396070939 0.003605 53.54
3 1118 42.362647 -71.101555 0.011406268370 0.003605 53.54
3 1119 42.362655 -71.101547 0.011416465801 0.003605 53.54
3 1120 42.362662 -71.101540 0.011426663232 0.003605 53.54
3 1121 42.362669 -71.101533 0.011436860311 0.003605 53.54
3 1122 42.362676 -71.101526 0.011447057391 0.003605 53.54
3 1123 42.362683 -71.101519 0.011457254470 0.003605 53.54
3 1124 42.362691 -71.101511 0.011467451549 0.003605 53.54
3 1125 42.362698 -71.101504 0.011477648629 0.003605 53.54
3 1126 42.362705 -71.101497 0.011487845352 0.003605 53.54
3 1127 42.362712 -71.101490 0.011498042076 0.003605 53.54
3 1128 42.362720 -71.101482 0.011508238800 0.003605 53.54
3 1129 42.362727 -71.101475 0.011518435523 0.003605 53.54
3 1130 42.362734 -71.101468 0.011528632247 0.003605 53.54
3 1131 42.362741 -71.101461 0.011538828611 0.003605 53.54
3 1132 42.362748 -71.101454 0.011549024974 0.003605 53.54
3 1133 42.362756 -71.101446 0.011559221338 0.003605 53.54
3 1134 42.362763 -71.101439 0.011569417702 0.003605 53.54
3 1135 42.362770 -71.101432 0.011579614066 0.003605 53.54
3 1136 42.362777 -71.101425 0.011589810066 0.003605 53.54
3 1137 42.362784 -71.101418 0.011600006066 0.003605 53.54
3 1138 42.362792 -71.101410 0.011610202066 0.003605 53.54
3 1139 42.362799 -71.101403 0.011620398066 0.003605 53.54
3 1140 42.362806 -71.101396 0.011630594065 0.003605 53.54
3 1141 42.362813 -71.101389 0.011640789697 0.003605 53.54
3 1142 42.362820 -71.101382 0.011650985329 0.003605 53.54
3 1143 42.362828 -71.101374 0.011661180961 0.003605 53.54
3 1144 42.362835 -71.101367 0.011671376593 0.003605 53.54
3 1145 42.362842 -71.101360 0.011681572225 0.003605 53.54
3 1146 42.362849 -71.101353 0.011691767485 0.003605 53.54
3 1147 42.362857 -71.101345 0.011701962744 0.003605 53.54
3 1148 42.362864 -71.101338 0.011712158004 0.003605 53.54
3 1149 42.362871 -71.101331 0.011722353264 0.003605 53.54
3 1150 42.362878 -71.101324 0.011732548524 0.003604 53.54
3 1151 42.362885 -71.101317 0.011742743407 0.003604 53.54
3 1152 42.362893 -71.101309 0.011752938291 0.003604 53.54
3 1153 42.362900 -71.101302 0.011763133174 0.003604 53.54
3 1154 42.362907 -71.101295 0.011773328058 0.003604 53.54
3 1155 42.362914 -71.101288 0.011783522941 0.003604 53.54
3 1156 42.362921 -71.101281 0.011793717444 0.003604 53.54
3 1157 42.362929 -71.101273 0.011803911948 0.003604 53.54
3 1158 42.362936 -71.101266 0.011814106451 0.003604 53.54
3 1159 42.362943 -71.101259 0.011824300954 0.003604 53.54
3 1160 42.362950 -71.101252 0.011834495457 0.003604 53.54
3 1161 42.362957 -71.101245 0.011844689576 0.003604 53.54
3 1162 42.362965 -71.101237 0.011854883695 0.003604 53.54
3 1163 42.362972 -71.101230 0.011865077813 0.003604 53.54
3 1164 42.362979 -71.101223 0.011875271932 0.003604 53.54
3 1165 42.362986 -71.101216 0.011885466051 0.003604 53.54
3 1166 42.362993 -71.101209 0.011895659781 0.003604 53.54
4 1057 42.362207 -71.101995 0.010784103214 0.003607 53.54
4 1058 42.362215 -71.101987 0.010794304545 0.003607 53.54
4 1059 42.362222 -71.101980 0.010804505875 0.003607 53.54
4 1060 42.362229 -71.101973 0.010814707206 0.003607 53.54
4 1061 42.362236 -71.101966 0.010824908234 0.003607 53.54
4 1062 42.362244 -71.101958 0.010835109262 0.003607 53.54
4 1063 42.362251 -71.101951 0.010845310290 0.003607 53.54
4 1064 42.362258 -71.101944 0.010855511318 0.003607 53.54
4 1065 42.362265 -71.101937 0.010865712346 0.003606 53.54
4 1066 42.362272 -71.101930 0.010875913067 0.003606 53.54
4 1067 42.362280 -71.101922 0.010886113789 0.003606 53.54
4 1068 42.362287 -71.101915 0.010896314510 0.003606 53.54
4 1069 42.362294 -71.101908 0.010906515232 0.003606 53.54
4 1070 42.362301 -71.101901 0.010916715953 0.003606 53.54
4 1071 42.362308 -71.101894 0.010926916364 0.003606 53.54
4 1072 42.362316 -71.101886 0.010937116775 0.003606 53.54
4 1073 42.362323 -71.101879 0.010947317186 0.003606 53.54
4 1074 42.362330 -71.101872 0.010957517597 0.003606 53.54
4 1075 42.362337 -71.101865 0.010967718008 0.003606 53.54
4 1076 42.362345 -71.101857 0.010977918104 0.003606 53.54
4 1077 42.362352 -71.101850 0.010988118201 0.003606 53.54
4 1078 42.362359 -71.101843 0.010998318297 0.003606 53.54
4 1079 42.362366 -71.101836 0.011008518393 0.003606 53.54
4 1080 42.362373 -71.101829 0.011018718489 0.003606 53.54
4 1081 42.362381 -71.101821 0.011028918267 0.003606 53.54
4 1082 42.362388 -71.101814 0.011039118044 0.003606 53.54
4 1083 42.362395 -71.101807 0.011049317822 0.003606 53.54
4 1084 42.362402 -71.101800 0.011059517599 0.003606 53.54
4 1085 42.362409 -71.101793 0.011069717377 0.003606 53.54
4 1086 42.362417 -71.101785 0.011079916831 0.003606 53.54
4 1087 42.362424 -71.101778 0.011090116286 0.003606 53.54
4 1088 42.362431 -71.101771 0.011100315740 0.003606 53.54
4 1089 42.362438 -71.101764 0.011110515195 0.003606 53.54
4 1090 42.362445 -71.101757 0.011120714649 0.003606 53.54
4 1091 42.362453 -71.101749 0.011130913777 0.003606 53.54
4 1092 42.362460 -71.101742 0.011141112904 0.003606 53.54
4 1093 42.362467 -71.101735 0.011151312032 0.003606 53.54
4 1094 42.362474 -71.101728 0.011161511159 0.003606 53.54
4 1095 42.362482 -71.101720 0.011171710287 0.003606 53.54
4 1096 42.362489 -71.101713 0.011181909083 0.003606 53.54
4 1097 42.362496 -71.101706 0.011192107880 0.003606 53.54
4 1098 42.362503 -71.101699 0.011202306676 0.003606 53.54
4 1099 42.362510 -71.101692 0.011212505472 0.003606 53.54
4 1100 42.362518 -71.101684 0.011222704269 0.003606 53.54
4 1101 42.362525 -71.101677 0.011232902730 0.003606 53.54
4 1102 42.362532 -71.101670 0.011243101191 0.003606 53.54
4 1103 42.362539 -71.101663 0.011253299652 0.003606 53.54
4 1104 42.362546 -71.101656 0.011263498114 0.003606 53.54
4 1105 42.362554 -71.101648 0.011273696575 0.003606 53.54
4 1106 42.362561 -71.101641 0.011283894697 0.003606 53.54
4 1107 42.362568 -71.101634 0.011294092819 0.003606 53.54
4 1108 42.362575 -71.101627 0.011304290941 0.003606 53.54
4 1109 42.362583 -71.101619 0.011314489063 0.003606 53.54
4 1110 42.362590 -71.101612 0.011324687184 0.003605 53.54
4 1111 42.362597 -71.101605 0.011334884963 0.003605 53.54
4 1112 42.362604 -71.101598 0.011345082741 0.003605 53.54
4 1113 42.362611 -71.101591 0.011355280520 0.003605 53.54
4 1114 42.362619 -71.101583 0.011365478298 0.003605 53.54
4 1115 42.362626 -71.101576 0.011375676077 0.003605 53.54
4 1116 42.362633 -71.101569 0.011385873508 0.003605 53.54
4 1117 42.362640 -71.101562 0.011396070939 0.003605 53.54
4 1118 42.362647 -71.101555 0.011406268370 0.003605 53.54
4 1119 42.362655 -71.101547 0.011416465801 0.003605 53.54
4 1120 42.362662 -71.101540 0.011426663232 0.003605 53.54
4 1121 42.362669 -71.101533 0.011436860311 0.003605 53.54
4 1122 42.362676 -71.101526 0.011447057391 0.003605 53.54
4 1123 42.362683 -71.101519 0.011457254470 0.003605 53.54
4 1124 42.362691 -71.101511 0.011467451549 0.003605 53.54
4 1125 42.362698 -71.101504 0.011477648629 0.003605 53.54
4 1126 42.362705 -71.101497 0.011487845352 0.003605 53.54
4 1127 42.362712 -71.101490 0.011498042076 0.003605 53.54
4 1128 42.362720 -71.101482 0.011508238800 0.003605 53.54
4 1129 42.362727 -71.101475 0.011518435523 0.003605 53.54
4 1130 42.362734 -71.101468 0.011528632247 0.003605 53.54
4 1131 42.362741 -71.101461 0.011538828611 0.003605 53.54
4 1132 42.362748 -71.101454 0.011549024974 0.003605 53.54
4 1133 42.362756 -71.101446 0.011559221338 0.003605 53.54
4 1134 42.362763 -71.101439 0.011569417702 0.003605 53.54
4 1135 42.362770 -71.101432 0.011579614066 0.003605 53.54
4 1136 42.362777 -71.101425 0.011589810066 0.003605 53.54
4 1137 42.362784 -71.101418 0.011600006066 0.003605 53.54
4 1138 42.362792 -71.101410 0.011610202066 0.003605 53.54
4 1139 42.362799 -71.101403 0.011620398066 0.003605 53.54
4 1140 42.362806 -71.101396 0.011630594065 0.003605 53.54
4 1141 42.362813 -71.101389 0.011640789697 0.003605 53.54
4 1142 42.362820 -71.101382 0.011650985329 0.003605 53.54
4 1143 42.362828 -71.101374 0.011661180961 0.003605 53.54
4 1144 42.362835 -71.101367 0.011671376593 0.003605 53.54
4 1145 42.362842 -71.101360 0.011681572225 0.003605 53.54
4 1146 42.362849 -71.101353 0.011691767485 0.003605 53.54
4 1147 42.362857 -71.101345 0.011701962744 0.003605 53.54
4 1148 42.362864 -71.101338 0.011712158004 0.003605 53.54
4 1149 42.362871 -71.101331 0.011722353264 0.003605 53.54
4 1150 42.362878 -71.101324 0.011732548524 0.003604 53.54
4 1151 42.362885 -71.101317 0.011742743407 0.003604 53.54
4 1152 42.362893 -71.101309 0.011752938291 0.003604 53.54
4 1153 42.362900 -71.101302 0.011763133174 0.003604 53.54
4 1154 42.362907 -71.101295 0.011773328058 0.003604 53.54
4 1155 42.362914 -71.101288 0.011783522941 0.003604 53.54
4 1156 42.362921 -71.101281 0.011793717444 0.003604 53.54
4 1157 42.362929 -71.101273 0.011803911948 0.003604 53.54
4 1158 42.362936 -71.101266 0.011814106451 0.003604 53.54
4 1159 42.362943 -71.101259 0.011824300954 0.003604 53.54
4 1160 42.362950 -71.101252 0.011834495457 0.003604 53.54
4 1161 42.362957 -71.101245 0.011844689576 0.003604 53.54
4 1162 42.362965 -71.101237 0.011854883695 0.003604 53.54
4 1163 42.362972 -71.101230 0.011865077813 0.003604 53.54
4 1164 42.362979 -71.101223 0.011875271932 0.003604 53.54
4 1165 42.362986 -71.101216 0.011885466051 0.003604 53.54
4 1166 42.362993 -71.101209 0.011895659781 0.003604 53.54
