1 2028 42.369208 -71.094994 0.020684172362 0.003611 53.54
1 2029 42.369215 -71.094987 0.020694385645 0.003611 53.54
1 2030 42.369222 -71.094980 0.020704598928 0.003611 53.54
1 2031 42.369230 -71.094972 0.020714812249 0.003611 53.54
1 2032 42.369237 -71.094965 0.020725025570 0.003611 53.54
1 2033 42.369244 -71.094958 0.020735238892 0.003611 53.54
1 2034 42.369251 -71.094951 0.020745452213 0.003611 53.54
1 2035 42.369258 -71.094944 0.020755665535 0.003611 53.54
1 2036 42.369266 -71.094936 0.020765878891 0.003611 53.54
1 2037 42.369273 -71.094929 0.020776092247 0.003611 53.54
1 2038 42.369280 -71.094922 0.020786305603 0.003611 53.54
1 2039 42.369287 -71.094915 0.020796518959 0.003611 53.54
1 2040 42.369295 -71.094907 0.020806732315 0.003611 53.54
1 2041 42.369302 -71.094900 0.020816945702 0.003611 53.54
1 2042 42.369309 -71.094893 0.020827159089 0.003611 53.54
1 2043 42.369316 -71.094886 0.020837372475 0.003611 53.54
1 2044 42.369323 -71.094879 0.020847585862 0.003611 53.54
1 2045 42.369331 -71.094871 0.020857799249 0.003611 53.54
1 2046 42.369338 -71.094864 0.020868012662 0.003611 53.54
1 2047 42.369345 -71.094857 0.020878226075 0.003611 53.54
1 2048 42.369352 -71.094850 0.020888439488 0.003611 53.54
1 2049 42.369360 -71.094842 0.020898652901 0.003611 53.54
1 2050 42.369367 -71.094835 0.020908866314 0.003611 53.54
1 2051 42.369374 -71.094828 0.020919079750 0.003611 53.54
1 2052 42.369381 -71.094821 0.020929293186 0.003611 53.54
1 2053 42.369388 -71.094814 0.020939506621 0.003611 53.54
1 2054 42.369396 -71.094806 0.020949720057 0.003611 53.54
1 2055 42.369403 -71.094799 0.020959933492 0.003611 53.54
1 2056 42.369410 -71.094792 0.020970146946 0.003611 53.54
1 2057 42.369417 -71.094785 0.020980360400 0.003611 53.54
1 2058 42.369425 -71.094777 0.020990573854 0.003611 53.54
1 2059 42.369432 -71.094770 0.021000787308 0.003611 53.54
1 2060 42.369439 -71.094763 0.021011000761 0.003611 53.54
1 2061 42.369446 -71.094756 0.021021214229 0.003611 53.54
1 2062 42.369453 -71.094749 0.021031427697 0.003611 53.54
1 2063 42.369461 -71.094741 0.021041641166 0.003611 53.54
1 2064 42.369468 -71.094734 0.021051854634 0.003611 53.54
1 2065 42.369475 -71.094727 0.021062068102 0.003611 53.54
1 2066 42.369482 -71.094720 0.021072281580 0.003611 53.54
1 2067 42.369490 -71.094712 0.021082495058 0.003611 53.54
1 2068 42.369497 -71.094705 0.021092708536 0.003611 53.54
1 2069 42.369504 -71.094698 0.021102922014 0.003611 53.54
1 2070 42.369511 -71.094691 0.021113135492 0.003611 53.54
1 2071 42.369518 -71.094684 0.021123348976 0.003611 53.54
1 2072 42.369526 -71.094676 0.021133562461 0.003611 53.54
1 2073 42.369533 -71.094669 0.021143775945 0.003611 53.54
1 2074 42.369540 -71.094662 0.021153989429 0.003611 53.54
1 2075 42.369547 -71.094655 0.021164202913 0.003611 53.54
1 2076 42.369555 -71.094647 0.021174416399 0.003611 53.54
1 2077 42.369562 -71.094640 0.021184629885 0.003611 53.54
1 2078 42.369569 -71.094633 0.021194843371 0.003611 53.54
1 2079 42.369576 -71.094626 0.021205056857 0.003611 53.54
1 2080 42.369583 -71.094619 0.021215270343 0.003611 53.54
1 2081 42.369591 -71.094611 0.021225483827 0.003611 53.54
1 2082 42.369598 -71.094604 0.021235697311 0.003611 53.54
1 2083 42.369605 -71.094597 0.021245910795 0.003611 53.54
1 2084 42.369612 -71.094590 0.021256124279 0.003611 53.54
1 2085 42.369620 -71.094582 0.021266337763 0.003611 53.54
1 2086 42.369627 -71.094575 0.021276551240 0.003611 53.54
1 2087 42.369634 -71.094568 0.021286764718 0.003611 53.54
1 2088 42.369641 -71.094561 0.021296978195 0.003611 53.54
1 2089 42.369648 -71.094554 0.021307191673 0.003611 53.54
1 2090 42.369656 -71.094546 0.021317405151 0.003611 53.54
1 2091 42.369663 -71.094539 0.021327618618 0.003611 53.54
1 2092 42.369670 -71.094532 0.021337832085 0.003611 53.54
1 2093 42.369677 -71.094525 0.021348045552 0.003611 53.54
1 2094 42.369685 -71.094517 0.021358259020 0.003611 53.54
1 2095 42.369692 -71.094510 0.021368472487 0.003611 53.54
1 2096 42.369699 -71.094503 0.021378685940 0.003611 53.54
1 2097 42.369706 -71.094496 0.021388899392 0.003611 53.54
1 2098 42.369713 -71.094489 0.021399112845 0.003611 53.54
1 2099 42.369721 -71.094481 0.021409326298 0.003611 53.54
1 2100 42.369728 -71.094474 0.021419539751 0.003611 53.54
1 2101 42.369735 -71.094467 0.021429753185 0.003611 53.54
1 2102 42.369742 -71.094460 0.021439966619 0.003611 53.54
1 2103 42.369750 -71.094452 0.021450180053 0.003611 53.54
1 2104 42.369757 -71.094445 0.021460393487 0.003611 53.54
1 2105 42.369764 -71.094438 0.021470606922 0.003611 53.54
1 2106 42.369771 -71.094431 0.021480820333 0.003611 53.54
1 2107 42.369778 -71.094424 0.021491033745 0.003611 53.54
1 2108 42.369786 -71.094416 0.021501247156 0.003611 53.54
1 2109 42.369793 -71.094409 0.021511460568 0.003611 53.54
1 2110 42.369800 -71.094402 0.021521673979 0.003611 53.54
1 2111 42.369807 -71.094395 0.021531887364 0.003611 53.54
1 2112 42.369815 -71.094387 0.021542100749 0.003611 53.54
1 2113 42.369822 -71.094380 0.021552314134 0.003611 53.54
1 2114 42.369829 -71.094373 0.021562527518 0.003611 53.54
1 2115 42.369836 -71.094366 0.021572740903 0.003611 53.54
1 2116 42.369843 -71.094359 0.021582954257 0.003611 53.54
1 2117 42.369851 -71.094351 0.021593167611 0.003611 53.54
1 2118 42.369858 -71.094344 0.021603380965 0.003611 53.54
1 2119 42.369865 -71.094337 0.021613594319 0.003611 53.54
1 2120 42.369872 -71.094330 0.021623807673 0.003611 53.54
1 2121 42.369880 -71.094322 0.021634020992 0.003611 53.54
1 2122 42.369887 -71.094315 0.021644234311 0.003611 53.54
1 2123 42.369894 -71.094308 0.021654447630 0.003611 53.54
1 2124 42.369901 -71.094301 0.021664660949 0.003611 53.54
1 2125 42.369908 -71.094294 0.021674874268 0.003611 53.54
1 2126 42.369916 -71.094286 0.021685087548 0.003611 53.54
1 2127 42.369923 -71.094279 0.021695300828 0.003611 53.54
1 2128 42.369930 -71.094272 0.021705514108 0.003611 53.54
1 2129 42.369937 -71.094265 0.021715727387 0.003611 53.54
1 2130 42.369945 -71.094257 0.021725940667 0.003611 53.54
1 2131 42.369952 -71.094250 0.021736153904 0.003611 53.54
1 2132 42.369959 -71.094243 0.021746367141 0.003611 53.54
1 2133 42.369966 -71.094236 0.021756580378 0.003611 53.54
1 2134 42.369973 -71.094229 0.021766793615 0.003611 53.54
1 2135 42.369981 -71.094221 0.021777006852 0.003611 53.54
1 2136 42.369988 -71.094214 0.021787220041 0.003611 53.54
1 2137 42.369995 -71.094207 0.021797433231 0.003611 53.54
2 2028 42.369208 -71.094994 0.020684172362 0.003611 53.54
2 2029 42.369215 -71.094987 0.020694385645 0.003611 53.54
2 2030 42.369222 -71.094980 0.020704598928 0.003611 53.54
2 2031 42.369230 -71.094972 0.020714812249 0.003611 53.54
2 2032 42.369237 -71.094965 0.020725025570 0.003611 53.54
2 2033 42.369244 -71.094958 0.020735238892 0.003611 53.54
2 2034 42.369251 -71.094951 0.020745452213 0.003611 53.54
2 2035 42.369258 -71.094944 0.020755665535 0.003611 53.54
2 2036 42.369266 -71.094936 0.020765878891 0.003611 53.54
2 2037 42.369273 -71.094929 0.020776092247 0.003611 53.54
2 2038 42.369280 -71.094922 0.020786305603 0.003611 53.54
2 2039 42.369287 -71.094915 0.020796518959 0.003611 53.54
2 2040 42.369295 -71.094907 0.020806732315 0.003611 53.54
2 2041 42.369302 -71.094900 0.020816945702 0.003611 53.54
2 2042 42.369309 -71.094893 0.020827159089 0.003611 53.54
2 2043 42.369316 -71.094886 0.020837372475 0.003611 53.54
2 2044 42.369323 -71.094879 0.020847585862 0.003611 53.54
2 2045 42.369331 -71.094871 0.020857799249 0.003611 53.54
2 2046 42.369338 -71.094864 0.020868012662 0.003611 53.54
2 2047 42.369345 -71.094857 0.020878226075 0.003611 53.54
2 2048 42.369352 -71.094850 0.020888439488 0.003611 53.54
2 2049 42.369360 -71.094842 0.020898652901 0.003611 53.54
2 2050 42.369367 -71.094835 0.020908866314 0.003611 53.54
2 2051 42.369374 -71.094828 0.020919079750 0.003611 53.54
2 2052 42.369381 -71.094821 0.020929293186 0.003611 53.54
2 2053 42.369388 -71.094814 0.020939506621 0.003611 53.54
2 2054 42.369396 -71.094806 0.020949720057 0.003611 53.54
2 2055 42.369403 -71.094799 0.020959933492 0.003611 53.54
2 2056 42.369410 -71.094792 0.020970146946 0.003611 53.54
2 2057 42.369417 -71.094785 0.020980360400 0.003611 53.54
2 2058 42.369425 -71.094777 0.020990573854 0.003611 53.54
2 2059 42.369432 -71.094770 0.021000787308 0.003611 53.54
2 2060 42.369439 -71.094763 0.021011000761 0.003611 53.54
2 2061 42.369446 -71.094756 0.021021214229 0.003611 53.54
2 2062 42.369453 -71.094749 0.021031427697 0.003611 53.54
2 2063 42.369461 -71.094741 0.021041641166 0.003611 53.54
2 2064 42.369468 -71.094734 0.021051854634 0.003611 53.54
2 2065 42.369475 -71.094727 0.021062068102 0.003611 53.54
2 2066 42.369482 -71.094720 0.021072281580 0.003611 53.54
2 2067 42.369490 -71.094712 0.021082495058 0.003611 53.54
2 2068 42.369497 -71.094705 0.021092708536 0.003611 53.54
2 2069 42.369504 -71.094698 0.021102922014 0.003611 53.54
2 2070 42.369511 -71.094691 0.021113135492 0.003611 53.54
2 2071 42.369518 -71.094684 0.021123348976 0.003611 53.54
2 2072 42.369526 -71.094676 0.021133562461 0.003611 53.54
2 2073 42.369533 -71.094669 0.021143775945 0.003611 53.54
2 2074 42.369540 -71.094662 0.021153989429 0.003611 53.54
2 2075 42.369547 -71.094655 0.021164202913 0.003611 53.54
2 2076 42.369555 -71.094647 0.021174416399 0.003611 53.54
2 2077 42.369562 -71.094640 0.021184629885 0.003611 53.54
2 2078 42.369569 -71.094633 0.021194843371 0.003611 53.54
2 2079 42.369576 -71.094626 0.021205056857 0.003611 53.54
2 2080 42.369583 -71.094619 0.021215270343 0.003611 53.54
2 2081 42.369591 -71.094611 0.021225483827 0.003611 53.54
2 2082 42.369598 -71.094604 0.021235697311 0.003611 53.54
2 2083 42.369605 -71.094597 0.021245910795 0.003611 53.54
2 2084 42.369612 -71.094590 0.021256124279 0.003611 53.54
2 2085 42.369620 -71.094582 0.021266337763 0.003611 53.54
2 2086 42.369627 -71.094575 0.021276551240 0.003611 53.54
2 2087 42.369634 -71.094568 0.021286764718 0.003611 53.54
2 2088 42.369641 -71.094561 0.021296978195 0.003611 53.54
2 2089 42.369648 -71.094554 0.021307191673 0.003611 53.54
2 2090 42.369656 -71.094546 0.021317405151 0.003611 53.54
2 2091 42.369663 -71.094539 0.021327618618 0.003611 53.54
2 2092 42.369670 -71.094532 0.021337832085 0.003611 53.54
2 2093 42.369677 -71.094525 0.021348045552 0.003611 53.54
2 2094 42.369685 -71.094517 0.021358259020 0.003611 53.54
2 2095 42.369692 -71.094510 0.021368472487 0.003611 53.54
2 2096 42.369699 -71.094503 0.021378685940 0.003611 53.54
2 2097 42.369706 -71.094496 0.021388899392 0.003611 53.54
2 2098 42.369713 -71.094489 0.021399112845 0.003611 53.54
2 2099 42.369721 -71.094481 0.021409326298 0.003611 53.54
2 2100 42.369728 -71.094474 0.021419539751 0.003611 53.54
2 2101 42.369735 -71.094467 0.021429753185 0.003611 53.54
2 2102 42.369742 -71.094460 0.021439966619 0.003611 53.54
2 2103 42.369750 -71.094452 0.021450180053 0.003611 53.54
2 2104 42.369757 -71.094445 0.021460393487 0.003611 53.54
2 2105 42.369764 -71.094438 0.021470606922 0.003611 53.54
2 2106 42.369771 -71.094431 0.021480820333 0.003611 53.54
2 2107 42.369778 -71.094424 0.021491033745 0.003611 53.54
2 2108 42.369786 -71.094416 0.021501247156 0.003611 53.54
2 2109 42.369793 -71.094409 0.021511460568 0.003611 53.54
2 2110 42.369800 -71.094402 0.021521673979 0.003611 53.54
2 2111 42.369807 -71.094395 0.021531887364 0.003611 53.54
2 2112 42.369815 -71.094387 0.021542100749 0.003611 53.54
2 2113 42.369822 -71.094380 0.021552314134 0.003611 53.54
2 2114 42.369829 -71.094373 0.021562527518 0.003611 53.54
2 2115 42.369836 -71.094366 0.021572740903 0.003611 53.54
2 2116 42.369843 -71.094359 0.021582954257 0.003611 53.54
2 2117 42.369851 -71.094351 0.021593167611 0.003611 53.54
2 2118 42.369858 -71.094344 0.021603380965 0.003611 53.54
2 2119 42.369865 -71.094337 0.021613594319 0.003611 53.54
2 2120 42.369872 -71.094330 0.021623807673 0.003611 53.54
2 2121 42.369880 -71.094322 0.021634020992 0.003611 53.54
2 2122 42.369887 -71.094315 0.021644234311 0.003611 53.54
2 2123 42.369894 -71.094308 0.021654447630 0.003611 53.54
2 2124 42.369901 -71.094301 0.021664660949 0.003611 53.54
2 2125 42.369908 -71.094294 0.021674874268 0.003611 53.54
2 2126 42.369916 -71.094286 0.021685087548 0.003611 53.54
2 2127 42.369923 -71.094279 0.021695300828 0.003611 53.54
2 2128 42.369930 -71.094272 0.021705514108 0.003611 53.54
2 2129 42.369937 -71.094265 0.021715727387 0.003611 53.54
2 2130 42.369945 -71.094257 0.021725940667 0.003611 53.54
2 2131 42.369952 -71.094250 0.021736153904 0.003611 53.54
2 2132 42.369959 -71.094243 0.021746367141 0.003611 53.54
2 2133 42.369966 -71.094236 0.021756580378 0.003611 53.54
2 2134 42.369973 -71.094229 0.021766793615 0.003611 53.54
2 2135 42.369981 -71.094221 0.021777006852 0.003611 53.54
2 2136 42.369988 -71.094214 0.021787220041 0.003611 53.54
2 2137 42.369995 -71.094207 0.021797433231 0.003611 53.54
3 2028 42.369208 -71.094994 0.020684172362 0.003611 53.54
3 2029 42.369215 -71.094987 0.020694385645 0.003611 53.54
3 2030 42.369222 -71.094980 0.020704598928 0.003611 53.54
3 2031 42.369230 -71.094972 0.020714812249 0.003611 53.54
3 2032 42.369237 -71.094965 0.020725025570 0.003611 53.54
3 2033 42.369244 -71.094958 0.020735238892 0.003611 53.54
3 2034 42.369251 -71.094951 0.020745452213 0.003611 53.54
3 2035 42.369258 -71.094944 0.020755665535 0.003611 53.54
3 2036 42.369266 -71.094936 0.020765878891 0.003611 53.54
3 2037 42.369273 -71.094929 0.020776092247 0.003611 53.54
3 2038 42.369280 -71.094922 0.020786305603 0.003611 53.54
3 2039 42.369287 -71.094915 0.020796518959 0.003611 53.54
3 2040 42.369295 -71.094907 0.020806732315 0.003611 53.54
3 2041 42.369302 -71.094900 0.020816945702 0.003611 53.54
3 2042 42.369309 -71.094893 0.020827159089 0.003611 53.54
3 2043 42.369316 -71.094886 0.020837372475 0.003611 53.54
3 2044 42.369323 -71.094879 0.020847585862 0.003611 53.54
3 2045 42.369331 -71.094871 0.020857799249 0.003611 53.54
3 2046 42.369338 -71.094864 0.020868012662 0.003611 53.54
3 2047 42.369345 -71.094857 0.020878226075 0.003611 53.54
3 2048 42.369352 -71.094850 0.020888439488 0.003611 53.54
3 2049 42.369360 -71.094842 0.020898652901 0.003611 53.54
3 2050 42.369367 -71.094835 0.020908866314 0.003611 53.54
3 2051 42.369374 -71.094828 0.020919079750 0.003611 53.54
3 2052 42.369381 -71.094821 0.020929293186 0.003611 53.54
3 2053 42.369388 -71.094814 0.020939506621 0.003611 53.54
3 2054 42.369396 -71.094806 0.020949720057 0.003611 53.54
3 2055 42.369403 -71.094799 0.020959933492 0.003611 53.54
3 2056 42.369410 -71.094792 0.020970146946 0.003611 53.54
3 2057 42.369417 -71.094785 0.020980360400 0.003611 53.54
3 2058 42.369425 -71.094777 0.020990573854 0.003611 53.54
3 2059 42.369432 -71.094770 0.021000787308 0.003611 53.54
3 2060 42.369439 -71.094763 0.021011000761 0.003611 53.54
3 2061 42.369446 -71.094756 0.021021214229 0.003611 53.54
3 2062 42.369453 -71.094749 0.021031427697 0.003611 53.54
3 2063 42.369461 -71.094741 0.021041641166 0.003611 53.54
3 2064 42.369468 -71.094734 0.021051854634 0.003611 53.54
3 2065 42.369475 -71.094727 0.021062068102 0.003611 53.54
3 2066 42.369482 -71.094720 0.021072281580 0.003611 53.54
3 2067 42.369490 -71.094712 0.021082495058 0.003611 53.54
3 2068 42.369497 -71.094705 0.021092708536 0.003611 53.54
3 2069 42.369504 -71.094698 0.021102922014 0.003611 53.54
3 2070 42.369511 -71.094691 0.021113135492 0.003611 53.54
3 2071 42.369518 -71.094684 0.021123348976 0.003611 53.54
3 2072 42.369526 -71.094676 0.021133562461 0.003611 53.54
3 2073 42.369533 -71.094669 0.021143775945 0.003611 53.54
3 2074 42.369540 -71.094662 0.021153989429 0.003611 53.54
3 2075 42.369547 -71.094655 0.021164202913 0.003611 53.54
3 2076 42.369555 -71.094647 0.021174416399 0.003611 53.54
3 2077 42.369562 -71.094640 0.021184629885 0.003611 53.54
3 2078 42.369569 -71.094633 0.021194843371 0.003611 53.54
3 2079 42.369576 -71.094626 0.021205056857 0.003611 53.54
3 2080 42.369583 -71.094619 0.021215270343 0.003611 53.54
3 2081 42.369591 -71.094611 0.021225483827 0.003611 53.54
3 2082 42.369598 -71.094604 0.021235697311 0.003611 53.54
3 2083 42.369605 -71.094597 0.021245910795 0.003611 53.54
3 2084 42.369612 -71.094590 0.021256124279 0.003611 53.54
3 2085 42.369620 -71.094582 0.021266337763 0.003611 53.54
3 2086 42.369627 -71.094575 0.021276551240 0.003611 53.54
3 2087 42.369634 -71.094568 0.021286764718 0.003611 53.54
3 2088 42.369641 -71.094561 0.021296978195 0.003611 53.54
3 2089 42.369648 -71.094554 0.021307191673 0.003611 53.54
3 2090 42.369656 -71.094546 0.021317405151 0.003611 53.54
3 2091 42.369663 -71.094539 0.021327618618 0.003611 53.54
3 2092 42.369670 -71.094532 0.021337832085 0.003611 53.54
3 2093 42.369677 -71.094525 0.021348045552 0.003611 53.54
3 2094 42.369685 -71.094517 0.021358259020 0.003611 53.54
3 2095 42.369692 -71.094510 0.021368472487 0.003611 53.54
3 2096 42.369699 -71.094503 0.021378685940 0.003611 53.54
3 2097 42.369706 -71.094496 0.021388899392 0.003611 53.54
3 2098 42.369713 -71.094489 0.021399112845 0.003611 53.54
3 2099 42.369721 -71.094481 0.021409326298 0.003611 53.54
3 2100 42.369728 -71.094474 0.021419539751 0.003611 53.54
3 2101 42.369735 -71.094467 0.021429753185 0.003611 53.54
3 2102 42.369742 -71.094460 0.021439966619 0.003611 53.54
3 2103 42.369750 -71.094452 0.021450180053 0.003611 53.54
3 2104 42.369757 -71.094445 0.021460393487 0.003611 53.54
3 2105 42.369764 -71.094438 0.021470606922 0.003611 53.54
3 2106 42.369771 -71.094431 0.021480820333 0.003611 53.54
3 2107 42.369778 -71.094424 0.021491033745 0.003611 53.54
3 2108 42.369786 -71.094416 0.021501247156 0.003611 53.54
3 2109 42.369793 -71.094409 0.021511460568 0.003611 53.54
3 2110 42.369800 -71.094402 0.021521673979 0.003611 53.54
3 2111 42.369807 -71.094395 0.021531887364 0.003611 53.54
3 2112 42.369815 -71.094387 0.021542100749 0.003611 53.54
3 2113 42.369822 -71.094380 0.021552314134 0.003611 53.54
3 2114 42.369829 -71.094373 0.021562527518 0.003611 53.54
3 2115 42.369836 -71.094366 0.021572740903 0.003611 53.54
3 2116 42.369843 -71.094359 0.021582954257 0.003611 53.54
3 2117 42.369851 -71.094351 0.021593167611 0.003611 53.54
3 2118 42.369858 -71.094344 0.021603380965 0.003611 53.54
3 2119 42.369865 -71.094337 0.021613594319 0.003611 53.54
3 2120 42.369872 -71.094330 0.021623807673 0.003611 53.54
3 2121 42.369880 -71.094322 0.021634020992 0.003611 53.54
3 2122 42.369887 -71.094315 0.021644234311 0.003611 53.54
3 2123 42.369894 -71.094308 0.021654447630 0.003611 53.54
3 2124 42.369901 -71.094301 0.021664660949 0.003611 53.54
3 2125 42.369908 -71.094294 0.021674874268 0.003611 53.54
3 2126 42.369916 -71.094286 0.021685087548 0.003611 53.54
3 2127 42.369923 -71.094279 0.021695300828 0.003611 53.54
3 2128 42.369930 -71.094272 0.021705514108 0.003611 53.54
3 2129 42.369937 -71.094265 0.021715727387 0.003611 53.54
3 2130 42.369945 -71.094257 0.021725940667 0.003611 53.54
3 2131 42.369952 -71.094250 0.021736153904 0.003611 53.54
3 2132 42.369959 -71.094243 0.021746367141 0.003611 53.54
3 2133 42.369966 -71.094236 0.021756580378 0.003611 53.54
3 2134 42.369973 -71.094229 0.021766793615 0.003611 53.54
3 2135 42.369981 -71.094221 0.021777006852 0.003611 53.54
3 2136 42.369988 -71.094214 0.021787220041 0.003611 53.54
3 2137 42.369995 -71.094207 0.021797433231 0.003611 53.54
4 2028 42.369208 -71.094994 0.020684172362 0.003611 53.54
4 2029 42.369215 -71.094987 0.020694385645 0.003611 53.54
4 2030 42.369222 -71.094980 0.020704598928 0.003611 53.54
4 2031 42.369230 -71.094972 0.020714812249 0.003611 53.54
4 2032 42.369237 -71.094965 0.020725025570 0.003611 53.54
4 2033 42.369244 -71.094958 0.020735238892 0.003611 53.54
4 2034 42.369251 -71.094951 0.020745452213 0.003611 53.54
4 2035 42.369258 -71.094944 0.020755665535 0.003611 53.54
4 2036 42.369266 -71.094936 0.020765878891 0.003611 53.54
4 2037 42.369273 -71.094929 0.020776092247 0.003611 53.54
4 2038 42.369280 -71.094922 0.020786305603 0.003611 53.54
4 2039 42.369287 -71.094915 0.020796518959 0.003611 53.54
4 2040 42.369295 -71.094907 0.020806732315 0.003611 53.54
4 2041 42.369302 -71.094900 0.020816945702 0.003611 53.54
4 2042 42.369309 -71.094893 0.020827159089 0.003611 53.54
4 2043 42.369316 -71.094886 0.020837372475 0.003611 53.54
4 2044 42.369323 -71.094879 0.020847585862 0.003611 53.54
4 2045 42.369331 -71.094871 0.020857799249 0.003611 53.54
4 2046 42.369338 -71.094864 0.020868012662 0.003611 53.54
4 2047 42.369345 -71.094857 0.020878226075 0.003611 53.54
4 2048 42.369352 -71.094850 0.020888439488 0.003611 53.54
4 2049 42.369360 -71.094842 0.020898652901 0.003611 53.54
4 2050 42.369367 -71.094835 0.020908866314 0.003611 53.54
4 2051 42.369374 -71.094828 0.020919079750 0.003611 53.54
4 2052 42.369381 -71.094821 0.020929293186 0.003611 53.54
4 2053 42.369388 -71.094814 0.020939506621 0.003611 53.54
4 2054 42.369396 -71.094806 0.020949720057 0.003611 53.54
4 2055 42.369403 -71.094799 0.020959933492 0.003611 53.54
4 2056 42.369410 -71.094792 0.020970146946 0.003611 53.54
4 2057 42.369417 -71.094785 0.020980360400 0.003611 53.54
4 2058 42.369425 -71.094777 0.020990573854 0.003611 53.54
4 2059 42.369432 -71.094770 0.021000787308 0.003611 53.54
4 2060 42.369439 -71.094763 0.021011000761 0.003611 53.54
4 2061 42.369446 -71.094756 0.021021214229 0.003611 53.54
4 2062 42.369453 -71.094749 0.021031427697 0.003611 53.54
4 2063 42.369461 -71.094741 0.021041641166 0.003611 53.54
4 2064 42.369468 -71.094734 0.021051854634 0.003611 53.54
4 2065 42.369475 -71.094727 0.021062068102 0.003611 53.54
4 2066 42.369482 -71.094720 0.021072281580 0.003611 53.54
4 2067 42.369490 -71.094712 0.021082495058 0.003611 53.54
4 2068 42.369497 -71.094705 0.021092708536 0.003611 53.54
4 2069 42.369504 -71.094698 0.021102922014 0.003611 53.54
4 2070 42.369511 -71.094691 0.021113135492 0.003611 53.54
4 2071 42.369518 -71.094684 0.021123348976 0.003611 53.54
4 2072 42.369526 -71.094676 0.021133562461 0.003611 53.54
4 2073 42.369533 -71.094669 0.021143775945 0.003611 53.54
4 2074 42.369540 -71.094662 0.021153989429 0.003611 53.54
4 2075 42.369547 -71.094655 0.021164202913 0.003611 53.54
4 2076 42.369555 -71.094647 0.021174416399 0.003611 53.54
4 2077 42.369562 -71.094640 0.021184629885 0.003611 53.54
4 2078 42.369569 -71.094633 0.021194843371 0.003611 53.54
4 2079 42.369576 -71.094626 0.021205056857 0.003611 53.54
4 2080 42.369583 -71.094619 0.021215270343 0.003611 53.54
4 2081 42.369591 -71.094611 0.021225483827 0.003611 53.54
4 2082 42.369598 -71.094604 0.021235697311 0.003611 53.54
4 2083 42.369605 -71.094597 0.021245910795 0.003611 53.54
4 2084 42.369612 -71.094590 0.021256124279 0.003611 53.54
4 2085 42.369620 -71.094582 0.021266337763 0.003611 53.54
4 2086 42.369627 -71.094575 0.021276551240 0.003611 53.54
4 2087 42.369634 -71.094568 0.021286764718 0.003611 53.54
4 2088 42.369641 -71.094561 0.021296978195 0.003611 53.54
4 2089 42.369648 -71.094554 0.021307191673 0.003611 53.54
4 2090 42.369656 -71.094546 0.021317405151 0.003611 53.54
4 2091 42.369663 -71.094539 0.021327618618 0.003611 53.54
4 2092 42.369670 -71.094532 0.021337832085 0.003611 53.54
4 2093 42.369677 -71.094525 0.021348045552 0.003611 53.54
4 2094 42.369685 -71.094517 0.021358259020 0.003611 53.54
4 2095 42.369692 -71.094510 0.021368472487 0.003611 53.54
4 2096 42.369699 -71.094503 0.021378685940 0.003611 53.54
4 2097 42.369706 -71.094496 0.021388899392 0.003611 53.54
4 2098 42.369713 -71.094489 0.021399112845 0.003611 53.54
4 2099 42.369721 -71.094481 0.021409326298 0.003611 53.54
4 2100 42.369728 -71.094474 0.021419539751 0.003611 53.54
4 2101 42.369735 -71.094467 0.021429753185 0.003611 53.54
4 2102 42.369742 -71.094460 0.021439966619 0.003611 53.54
4 2103 42.369750 -71.094452 0.021450180053 0.003611 53.54
4 2104 42.369757 -71.094445 0.021460393487 0.003611 53.54
4 2105 42.369764 -71.094438 0.021470606922 0.003611 53.54
4 2106 42.369771 -71.094431 0.021480820333 0.003611 53.54
4 2107 42.369778 -71.094424 0.021491033745 0.003611 53.54
4 2108 42.369786 -71.094416 0.021501247156 0.003611 53.54
4 2109 42.369793 -71.094409 0.021511460568 0.003611 53.54
4 2110 42.369800 -71.094402 0.021521673979 0.003611 53.54
4 2111 42.369807 -71.094395 0.021531887364 0.003611 53.54
4 2112 42.369815 -71.094387 0.021542100749 0.003611 53.54
4 2113 42.369822 -71.094380 0.021552314134 0.003611 53.54
4 2114 42.369829 -71.094373 0.021562527518 0.003611 53.54
4 2115 42.369836 -71.094366 0.021572740903 0.003611 53.54
4 2116 42.369843 -71.094359 0.021582954257 0.003611 53.54
4 2117 42.369851 -71.094351 0.021593167611 0.003611 53.54
4 2118 42.369858 -71.094344 0.021603380965 0.003611 53.54
4 2119 42.369865 -71.094337 0.021613594319 0.003611 53.54
4 2120 42.369872 -71.094330 0.021623807673 0.003611 53.54
4 2121 42.369880 -71.094322 0.021634020992 0.003611 53.54
4 2122 42.369887 -71.094315 0.021644234311 0.003611 53.54
4 2123 42.369894 -71.094308 0.021654447630 0.003611 53.54
4 2124 42.369901 -71.094301 0.021664660949 0.003611 53.54
4 2125 42.369908 -71.094294 0.021674874268 0.003611 53.54
4 2126 42.369916 -71.094286 0.021685087548 0.003611 53.54
4 2127 42.369923 -71.094279 0.021695300828 0.003611 53.54
4 2128 42.369930 -71.094272 0.021705514108 0.003611 53.54
4 2129 42.369937 -71.094265 0.021715727387 0.003611 53.54
4 2130 42.369945 -71.094257 0.021725940667 0.003611 53.54
4 2131 42.369952 -71.094250 0.021736153904 0.003611 53.54
4 2132 42.369959 -71.094243 0.021746367141 0.003611 53.54
4 2133 42.369966 -71.094236 0.021756580378 0.003611 53.54
4 2134 42.369973 -71.094229 0.021766793615 0.003611 53.54
4 2135 42.369981 -71.094221 0.021777006852 0.003611 53.54
4 2136 42.369988 -71.094214 0.021787220041 0.003611 53.54
4 2137 42.369995 -71.094207 0.021797433231 0.003611 53.54
