1 1029 42.362005 -71.102197 0.010498442271 0.003607 53.54
1 1030 42.362013 -71.102189 0.010508645329 0.003607 53.54
1 1031 42.362020 -71.102182 0.010518848110 0.003607 53.54
1 1032 42.362027 -71.102175 0.010529050891 0.003607 53.54
1 1033 42.362034 -71.102168 0.010539253672 0.003607 53.54
1 1034 42.362042 -71.102160 0.010549456453 0.003607 53.54
1 1035 42.362049 -71.102153 0.010559659234 0.003607 53.54
1 1036 42.362056 -71.102146 0.010569861733 0.003607 53.54
1 1037 42.362063 -71.102139 0.010580064232 0.003607 53.54
1 1038 42.362070 -71.102132 0.010590266731 0.003607 53.54
1 1039 42.362078 -71.102124 0.010600469230 0.003607 53.54
1 1040 42.362085 -71.102117 0.010610671730 0.003607 53.54
1 1041 42.362092 -71.102110 0.010620873943 0.003607 53.54
1 1042 42.362099 -71.102103 0.010631076156 0.003607 53.54
1 1043 42.362106 -71.102096 0.010641278369 0.003607 53.54
1 1044 42.362114 -71.102088 0.010651480582 0.003607 53.54
1 1045 42.362121 -71.102081 0.010661682795 0.003607 53.54
1 1046 42.362128 -71.102074 0.010671884718 0.003607 53.54
1 1047 42.362135 -71.102067 0.010682086641 0.003607 53.54
1 1048 42.362143 -71.102059 0.010692288564 0.003607 53.54
1 1049 42.362150 -71.102052 0.010702490487 0.003607 53.54
1 1050 42.362157 -71.102045 0.010712692410 0.003607 53.54
1 1051 42.362164 -71.102038 0.010722894038 0.003607 53.54
1 1052 42.362171 -71.102031 0.010733095667 0.003607 53.54
1 1053 42.362179 -71.102023 0.010743297296 0.003607 53.54
1 1054 42.362186 -71.102016 0.010753498925 0.003607 53.54
1 1055 42.362193 -71.102009 0.010763700553 0.003607 53.54
1 1056 42.362200 -71.102002 0.010773901884 0.003607 53.54
2 1029 42.362005 -71.102197 0.010498442271 0.003607 53.54
2 1030 42.362013 -71.102189 0.010508645329 0.003607 53.54
2 1031 42.362020 -71.102182 0.010518848110 0.003607 53.54
2 1032 42.362027 -71.102175 0.010529050891 0.003607 53.54
2 1033 42.362034 -71.102168 0.010539253672 0.003607 53.54
2 1034 42.362042 -71.102160 0.010549456453 0.003607 53.54
2 1035 42.362049 -71.102153 0.010559659234 0.003607 53.54
2 1036 42.362056 -71.102146 0.010569861733 0.003607 53.54
2 1037 42.362063 -71.102139 0.010580064232 0.003607 53.54
2 1038 42.362070 -71.102132 0.010590266731 0.003607 53.54
2 1039 42.362078 -71.102124 0.010600469230 0.003607 53.54
2 1040 42.362085 -71.102117 0.010610671730 0.003607 53.54
2 1041 42.362092 -71.102110 0.010620873943 0.003607 53.54
2 1042 42.362099 -71.102103 0.010631076156 0.003607 53.54
2 1043 42.362106 -71.102096 0.010641278369 0.003607 53.54
2 1044 42.362114 -71.102088 0.010651480582 0.003607 53.54
2 1045 42.362121 -71.102081 0.010661682795 0.003607 53.54
2 1046 42.362128 -71.102074 0.010671884718 0.003607 53.54
2 1047 42.362135 -71.102067 0.010682086641 0.003607 53.54
2 1048 42.362143 -71.102059 0.010692288564 0.003607 53.54
2 1049 42.362150 -71.102052 0.010702490487 0.003607 53.54
2 1050 42.362157 -71.102045 0.010712692410 0.003607 53.54
2 1051 42.362164 -71.102038 0.010722894038 0.003607 53.54
2 1052 42.362171 -71.102031 0.010733095667 0.003607 53.54
2 1053 42.362179 -71.102023 0.010743297296 0.003607 53.54
2 1054 42.362186 -71.102016 0.010753498925 0.003607 53.54
2 1055 42.362193 -71.102009 0.010763700553 0.003607 53.54
2 1056 42.362200 -71.102002 0.010773901884 0.003607 53.54
3 1029 42.362005 -71.102197 0.010498442271 0.003607 53.54
3 1030 42.362013 -71.102189 0.010508645329 0.003607 53.54
3 1031 42.362020 -71.102182 0.010518848110 0.003607 53.54
3 1032 42.362027 -71.102175 0.010529050891 0.003607 53.54
3 1033 42.362034 -71.102168 0.010539253672 0.003607 53.54
3 1034 42.362042 -71.102160 0.010549456453 0.003607 53.54
3 1035 42.362049 -71.102153 0.010559659234 0.003607 53.54
3 1036 42.362056 -71.102146 0.010569861733 0.003607 53.54
3 1037 42.362063 -71.102139 0.010580064232 0.003607 53.54
3 1038 42.362070 -71.102132 0.010590266731 0.003607 53.54
3 1039 42.362078 -71.102124 0.010600469230 0.003607 53.54
3 1040 42.362085 -71.102117 0.010610671730 0.003607 53.54
3 1041 42.362092 -71.102110 0.010620873943 0.003607 53.54
3 1042 42.362099 -71.102103 0.010631076156 0.003607 53.54
3 1043 42.362106 -71.102096 0.010641278369 0.003607 53.54
3 1044 42.362114 -71.102088 0.010651480582 0.003607 53.54
3 1045 42.362121 -71.102081 0.010661682795 0.003607 53.54
3 1046 42.362128 -71.102074 0.010671884718 0.003607 53.54
3 1047 42.362135 -71.102067 0.010682086641 0.003607 53.54
3 1048 42.362143 -71.102059 0.010692288564 0.003607 53.54
3 1049 42.362150 -71.102052 0.010702490487 0.003607 53.54
3 1050 42.362157 -71.102045 0.010712692410 0.003607 53.54
3 1051 42.362164 -71.102038 0.010722894038 0.003607 53.54
3 1052 42.362171 -71.102031 0.010733095667 0.003607 53.54
3 1053 42.362179 -71.102023 0.010743297296 0.003607 53.54
3 1054 42.362186 -71.102016 0.010753498925 0.003607 53.54
3 1055 42.362193 -71.102009 0.010763700553 0.003607 53.54
3 1056 42.362200 -71.102002 0.010773901884 0.003607 53.54
4 1029 42.362005 -71.102197 0.010498442271 0.003607 53.54
4 1030 42.362013 -71.102189 0.010508645329 0.003607 53.54
4 1031 42.362020 -71.102182 0.010518848110 0.003607 53.54
4 1032 42.362027 -71.102175 0.010529050891 0.003607 53.54
4 1033 42.362034 -71.102168 0.010539253672 0.003607 53.54
4 1034 42.362042 -71.102160 0.010549456453 0.003607 53.54
4 1035 42.362049 -71.102153 0.010559659234 0.003607 53.54
4 1036 42.362056 -71.102146 0.010569861733 0.003607 53.54
4 1037 42.362063 -71.102139 0.010580064232 0.003607 53.54
4 1038 42.362070 -71.102132 0.010590266731 0.003607 53.54
4 1039 42.362078 -71.102124 0.010600469230 0.003607 53.54
4 1040 42.362085 -71.102117 0.010610671730 0.003607 53.54
4 1041 42.362092 -71.102110 0.010620873943 0.003607 53.54
4 1042 42.362099 -71.102103 0.010631076156 0.003607 53.54
4 1043 42.362106 -71.102096 0.010641278369 0.003607 53.54
4 1044 42.362114 -71.102088 0.010651480582 0.003607 53.54
4 1045 42.362121 -71.102081 0.010661682795 0.003607 53.54
4 1046 42.362128 -71.102074 0.010671884718 0.003607 53.54
4 1047 42.362135 -71.102067 0.010682086641 0.003607 53.54
4 1048 42.362143 -71.102059 0.010692288564 0.003607 53.54
4 1049 42.362150 -71.102052 0.010702490487 0.003607 53.54
4 1050 42.362157 -71.102045 0.010712692410 0.003607 53.54
4 1051 42.362164 -71.102038 0.010722894038 0.003607 53.54
4 1052 42.362171 -71.102031 0.010733095667 0.003607 53.54
4 1053 42.362179 -71.102023 0.010743297296 0.003607 53.54
4 1054 42.362186 -71.102016 0.010753498925 0.003607 53.54
4 1055 42.362193 -71.102009 0.010763700553 0.003607 53.54
4 1056 42.362200 -71.102002 0.010773901884 0.003607 53.54
