1 1473 42.365204 -71.098998 0.015021712211 0.003600 53.54
1 1474 42.365211 -71.098991 0.015031895717 0.003600 53.54
1 1475 42.365218 -71.098984 0.015042079224 0.003601 53.54
1 1476 42.365226 -71.098976 0.015052263224 0.003601 53.54
1 1477 42.365233 -71.098969 0.015062447225 0.003601 53.54
1 1478 42.365240 -71.098962 0.015072631225 0.003601 53.54
1 1479 42.365247 -71.098955 0.015082815226 0.003601 53.54
1 1480 42.365254 -71.098948 0.015092999226 0.003601 53.54
1 1481 42.365262 -71.098940 0.015103183716 0.003601 53.54
1 1482 42.365269 -71.098933 0.015113368207 0.003601 53.54
1 1483 42.365276 -71.098926 0.015123552697 0.003601 53.54
1 1484 42.365283 -71.098919 0.015133737187 0.003601 53.54
1 1485 42.365290 -71.098912 0.015143921678 0.003601 53.54
1 1486 42.365298 -71.098904 0.015154106654 0.003601 53.54
1 1487 42.365305 -71.098897 0.015164291630 0.003601 53.54
1 1488 42.365312 -71.098890 0.015174476605 0.003601 53.54
1 1489 42.365319 -71.098883 0.015184661581 0.003601 53.54
1 1490 42.365326 -71.098876 0.015194846557 0.003601 53.54
1 1491 42.365334 -71.098868 0.015205032015 0.003601 53.54
1 1492 42.365341 -71.098861 0.015215217473 0.003601 53.54
1 1493 42.365348 -71.098854 0.015225402930 0.003601 53.54
1 1494 42.365355 -71.098847 0.015235588388 0.003601 53.54
1 1495 42.365362 -71.098840 0.015245773845 0.003601 53.54
1 1496 42.365370 -71.098832 0.015255959780 0.003601 53.54
1 1497 42.365377 -71.098825 0.015266145716 0.003601 53.54
1 1498 42.365384 -71.098818 0.015276331651 0.003601 53.54
1 1499 42.365391 -71.098811 0.015286517586 0.003601 53.54
1 1500 42.365398 -71.098804 0.015296703521 0.003601 53.54
1 1501 42.365406 -71.098796 0.015306889929 0.003601 53.54
1 1502 42.365413 -71.098789 0.015317076338 0.003601 53.54
1 1503 42.365420 -71.098782 0.015327262746 0.003601 53.54
1 1504 42.365427 -71.098775 0.015337449154 0.003601 53.54
1 1505 42.365434 -71.098768 0.015347635563 0.003602 53.54
1 1506 42.365442 -71.098760 0.015357822441 0.003602 53.54
1 1507 42.365449 -71.098753 0.015368009318 0.003602 53.54
1 1508 42.365456 -71.098746 0.015378196196 0.003602 53.54
1 1509 42.365463 -71.098739 0.015388383074 0.003602 53.54
1 1510 42.365470 -71.098732 0.015398569951 0.003602 53.54
1 1511 42.365478 -71.098724 0.015408757294 0.003602 53.54
1 1512 42.365485 -71.098717 0.015418944637 0.003602 53.54
1 1513 42.365492 -71.098710 0.015429131980 0.003602 53.54
1 1514 42.365499 -71.098703 0.015439319323 0.003602 53.54
1 1515 42.365506 -71.098696 0.015449506666 0.003602 53.54
1 1516 42.365514 -71.098688 0.015459694470 0.003602 53.54
1 1517 42.365521 -71.098681 0.015469882274 0.003602 53.54
1 1518 42.365528 -71.098674 0.015480070078 0.003602 53.54
1 1519 42.365535 -71.098667 0.015490257881 0.003602 53.54
1 1520 42.365542 -71.098660 0.015500445685 0.003602 53.54
1 1521 42.365550 -71.098652 0.015510633946 0.003602 53.54
1 1522 42.365557 -71.098645 0.015520822207 0.003602 53.54
1 1523 42.365564 -71.098638 0.015531010468 0.003602 53.54
1 1524 42.365571 -71.098631 0.015541198729 0.003602 53.54
1 1525 42.365578 -71.098624 0.015551386990 0.003602 53.54
1 1526 42.365586 -71.098616 0.015561575703 0.003602 53.54
1 1527 42.365593 -71.098609 0.015571764417 0.003602 53.54
1 1528 42.365600 -71.098602 0.015581953131 0.003602 53.54
1 1529 42.365607 -71.098595 0.015592141844 0.003602 53.54
1 1530 42.365614 -71.098588 0.015602330558 0.003602 53.54
1 1531 42.365622 -71.098580 0.015612519720 0.003602 53.54
1 1532 42.365629 -71.098573 0.015622708883 0.003602 53.54
1 1533 42.365636 -71.098566 0.015632898045 0.003602 53.54
1 1534 42.365643 -71.098559 0.015643087208 0.003602 53.54
1 1535 42.365651 -71.098551 0.015653276370 0.003603 53.54
1 1536 42.365658 -71.098544 0.015663465977 0.003603 53.54
1 1537 42.365665 -71.098537 0.015673655584 0.003603 53.54
1 1538 42.365672 -71.098530 0.015683845191 0.003603 53.54
1 1539 42.365679 -71.098523 0.015694034798 0.003603 53.54
1 1540 42.365687 -71.098515 0.015704224405 0.003603 53.54
1 1541 42.365694 -71.098508 0.015714414453 0.003603 53.54
1 1542 42.365701 -71.098501 0.015724604500 0.003603 53.54
1 1543 42.365708 -71.098494 0.015734794548 0.003603 53.54
1 1544 42.365715 -71.098487 0.015744984595 0.003603 53.54
1 1545 42.365723 -71.098479 0.015755174643 0.003603 53.54
1 1546 42.365730 -71.098472 0.015765365127 0.003603 53.54
1 1547 42.365737 -71.098465 0.015775555611 0.003603 53.54
1 1548 42.365744 -71.098458 0.015785746095 0.003603 53.54
1 1549 42.365751 -71.098451 0.015795936579 0.003603 53.54
1 1550 42.365759 -71.098443 0.015806127063 0.003603 53.54
1 1551 42.365766 -71.098436 0.015816317979 0.003603 53.54
1 1552 42.365773 -71.098429 0.015826508895 0.003603 53.54
1 1553 42.365780 -71.098422 0.015836699811 0.003603 53.54
1 1554 42.365787 -71.098415 0.015846890727 0.003603 53.54
1 1555 42.365795 -71.098407 0.015857081644 0.003603 53.54
1 1556 42.365802 -71.098400 0.015867272988 0.003603 53.54
1 1557 42.365809 -71.098393 0.015877464333 0.003603 53.54
1 1558 42.365816 -71.098386 0.015887655677 0.003603 53.54
1 1559 42.365823 -71.098379 0.015897847021 0.003603 53.54
1 1560 42.365831 -71.098371 0.015908038366 0.003603 53.54
1 1561 42.365838 -71.098364 0.015918230134 0.003603 53.54
1 1562 42.365845 -71.098357 0.015928421903 0.003603 53.54
1 1563 42.365852 -71.098350 0.015938613671 0.003603 53.54
1 1564 42.365859 -71.098343 0.015948805440 0.003603 53.54
1 1565 42.365867 -71.098335 0.015958997208 0.003603 53.54
1 1566 42.365874 -71.098328 0.015969189397 0.003603 53.54
1 1567 42.365881 -71.098321 0.015979381585 0.003603 53.54
1 1568 42.365888 -71.098314 0.015989573774 0.003603 53.54
1 1569 42.365896 -71.098306 0.015999765962 0.003603 53.54
1 1570 42.365903 -71.098299 0.016009958151 0.003604 53.54
1 1571 42.365910 -71.098292 0.016020150755 0.003604 53.54
1 1572 42.365917 -71.098285 0.016030343359 0.003604 53.54
1 1573 42.365924 -71.098278 0.016040535964 0.003604 53.54
1 1574 42.365932 -71.098270 0.016050728568 0.003604 53.54
1 1575 42.365939 -71.098263 0.016060921172 0.003604 53.54
1 1576 42.365946 -71.098256 0.016071114189 0.003604 53.54
1 1577 42.365953 -71.098249 0.016081307205 0.003604 53.54
1 1578 42.365960 -71.098242 0.016091500221 0.003604 53.54
1 1579 42.365968 -71.098234 0.016101693237 0.003604 53.54
1 1580 42.365975 -71.098227 0.016111886253 0.003604 53.54
1 1581 42.365982 -71.098220 0.016122079677 0.003604 53.54
1 1582 42.365989 -71.098213 0.016132273101 0.003604 53.54
1 1583 42.365996 -71.098206 0.016142466524 0.003604 53.54
2 1473 42.365204 -71.098998 0.015021712211 0.003600 53.54
2 1474 42.365211 -71.098991 0.015031895717 0.003600 53.54
2 1475 42.365218 -71.098984 0.015042079224 0.003601 53.54
2 1476 42.365226 -71.098976 0.015052263224 0.003601 53.54
2 1477 42.365233 -71.098969 0.015062447225 0.003601 53.54
2 1478 42.365240 -71.098962 0.015072631225 0.003601 53.54
2 1479 42.365247 -71.098955 0.015082815226 0.003601 53.54
2 1480 42.365254 -71.098948 0.015092999226 0.003601 53.54
2 1481 42.365262 -71.098940 0.015103183716 0.003601 53.54
2 1482 42.365269 -71.098933 0.015113368207 0.003601 53.54
2 1483 42.365276 -71.098926 0.015123552697 0.003601 53.54
2 1484 42.365283 -71.098919 0.015133737187 0.003601 53.54
2 1485 42.365290 -71.098912 0.015143921678 0.003601 53.54
2 1486 42.365298 -71.098904 0.015154106654 0.003601 53.54
2 1487 42.365305 -71.098897 0.015164291630 0.003601 53.54
2 1488 42.365312 -71.098890 0.015174476605 0.003601 53.54
2 1489 42.365319 -71.098883 0.015184661581 0.003601 53.54
2 1490 42.365326 -71.098876 0.015194846557 0.003601 53.54
2 1491 42.365334 -71.098868 0.015205032015 0.003601 53.54
2 1492 42.365341 -71.098861 0.015215217473 0.003601 53.54
2 1493 42.365348 -71.098854 0.015225402930 0.003601 53.54
2 1494 42.365355 -71.098847 0.015235588388 0.003601 53.54
2 1495 42.365362 -71.098840 0.015245773845 0.003601 53.54
2 1496 42.365370 -71.098832 0.015255959780 0.003601 53.54
2 1497 42.365377 -71.098825 0.015266145716 0.003601 53.54
2 1498 42.365384 -71.098818 0.015276331651 0.003601 53.54
2 1499 42.365391 -71.098811 0.015286517586 0.003601 53.54
2 1500 42.365398 -71.098804 0.015296703521 0.003601 53.54
2 1501 42.365406 -71.098796 0.015306889929 0.003601 53.54
2 1502 42.365413 -71.098789 0.015317076338 0.003601 53.54
2 1503 42.365420 -71.098782 0.015327262746 0.003601 53.54
2 1504 42.365427 -71.098775 0.015337449154 0.003601 53.54
2 1505 42.365434 -71.098768 0.015347635563 0.003602 53.54
2 1506 42.365442 -71.098760 0.015357822441 0.003602 53.54
2 1507 42.365449 -71.098753 0.015368009318 0.003602 53.54
2 1508 42.365456 -71.098746 0.015378196196 0.003602 53.54
2 1509 42.365463 -71.098739 0.015388383074 0.003602 53.54
2 1510 42.365470 -71.098732 0.015398569951 0.003602 53.54
2 1511 42.365478 -71.098724 0.015408757294 0.003602 53.54
2 1512 42.365485 -71.098717 0.015418944637 0.003602 53.54
2 1513 42.365492 -71.098710 0.015429131980 0.003602 53.54
2 1514 42.365499 -71.098703 0.015439319323 0.003602 53.54
2 1515 42.365506 -71.098696 0.015449506666 0.003602 53.54
2 1516 42.365514 -71.098688 0.015459694470 0.003602 53.54
2 1517 42.365521 -71.098681 0.015469882274 0.003602 53.54
2 1518 42.365528 -71.098674 0.015480070078 0.003602 53.54
2 1519 42.365535 -71.098667 0.015490257881 0.003602 53.54
2 1520 42.365542 -71.098660 0.015500445685 0.003602 53.54
2 1521 42.365550 -71.098652 0.015510633946 0.003602 53.54
2 1522 42.365557 -71.098645 0.015520822207 0.003602 53.54
2 1523 42.365564 -71.098638 0.015531010468 0.003602 53.54
2 1524 42.365571 -71.098631 0.015541198729 0.003602 53.54
2 1525 42.365578 -71.098624 0.015551386990 0.003602 53.54
2 1526 42.365586 -71.098616 0.015561575703 0.003602 53.54
2 1527 42.365593 -71.098609 0.015571764417 0.003602 53.54
2 1528 42.365600 -71.098602 0.015581953131 0.003602 53.54
2 1529 42.365607 -71.098595 0.015592141844 0.003602 53.54
2 1530 42.365614 -71.098588 0.015602330558 0.003602 53.54
2 1531 42.365622 -71.098580 0.015612519720 0.003602 53.54
2 1532 42.365629 -71.098573 0.015622708883 0.003602 53.54
2 1533 42.365636 -71.098566 0.015632898045 0.003602 53.54
2 1534 42.365643 -71.098559 0.015643087208 0.003602 53.54
2 1535 42.365651 -71.098551 0.015653276370 0.003603 53.54
2 1536 42.365658 -71.098544 0.015663465977 0.003603 53.54
2 1537 42.365665 -71.098537 0.015673655584 0.003603 53.54
2 1538 42.365672 -71.098530 0.015683845191 0.003603 53.54
2 1539 42.365679 -71.098523 0.015694034798 0.003603 53.54
2 1540 42.365687 -71.098515 0.015704224405 0.003603 53.54
2 1541 42.365694 -71.098508 0.015714414453 0.003603 53.54
2 1542 42.365701 -71.098501 0.015724604500 0.003603 53.54
2 1543 42.365708 -71.098494 0.015734794548 0.003603 53.54
2 1544 42.365715 -71.098487 0.015744984595 0.003603 53.54
2 1545 42.365723 -71.098479 0.015755174643 0.003603 53.54
2 1546 42.365730 -71.098472 0.015765365127 0.003603 53.54
2 1547 42.365737 -71.098465 0.015775555611 0.003603 53.54
2 1548 42.365744 -71.098458 0.015785746095 0.003603 53.54
2 1549 42.365751 -71.098451 0.015795936579 0.003603 53.54
2 1550 42.365759 -71.098443 0.015806127063 0.003603 53.54
2 1551 42.365766 -71.098436 0.015816317979 0.003603 53.54
2 1552 42.365773 -71.098429 0.015826508895 0.003603 53.54
2 1553 42.365780 -71.098422 0.015836699811 0.003603 53.54
2 1554 42.365787 -71.098415 0.015846890727 0.003603 53.54
2 1555 42.365795 -71.098407 0.015857081644 0.003603 53.54
2 1556 42.365802 -71.098400 0.015867272988 0.003603 53.54
2 1557 42.365809 -71.098393 0.015877464333 0.003603 53.54
2 1558 42.365816 -71.098386 0.015887655677 0.003603 53.54
2 1559 42.365823 -71.098379 0.015897847021 0.003603 53.54
2 1560 42.365831 -71.098371 0.015908038366 0.003603 53.54
2 1561 42.365838 -71.098364 0.015918230134 0.003603 53.54
2 1562 42.365845 -71.098357 0.015928421903 0.003603 53.54
2 1563 42.365852 -71.098350 0.015938613671 0.003603 53.54
2 1564 42.365859 -71.098343 0.015948805440 0.003603 53.54
2 1565 42.365867 -71.098335 0.015958997208 0.003603 53.54
2 1566 42.365874 -71.098328 0.015969189397 0.003603 53.54
2 1567 42.365881 -71.098321 0.015979381585 0.003603 53.54
2 1568 42.365888 -71.098314 0.015989573774 0.003603 53.54
2 1569 42.365896 -71.098306 0.015999765962 0.003603 53.54
2 1570 42.365903 -71.098299 0.016009958151 0.003604 53.54
2 1571 42.365910 -71.098292 0.016020150755 0.003604 53.54
2 1572 42.365917 -71.098285 0.016030343359 0.003604 53.54
2 1573 42.365924 -71.098278 0.016040535964 0.003604 53.54
2 1574 42.365932 -71.098270 0.016050728568 0.003604 53.54
2 1575 42.365939 -71.098263 0.016060921172 0.003604 53.54
2 1576 42.365946 -71.098256 0.016071114189 0.003604 53.54
2 1577 42.365953 -71.098249 0.016081307205 0.003604 53.54
2 1578 42.365960 -71.098242 0.016091500221 0.003604 53.54
2 1579 42.365968 -71.098234 0.016101693237 0.003604 53.54
2 1580 42.365975 -71.098227 0.016111886253 0.003604 53.54
2 1581 42.365982 -71.098220 0.016122079677 0.003604 53.54
2 1582 42.365989 -71.098213 0.016132273101 0.003604 53.54
2 1583 42.365996 -71.098206 0.016142466524 0.003604 53.54
3 1473 42.365204 -71.098998 0.015021712211 0.003600 53.54
3 1474 42.365211 -71.098991 0.015031895717 0.003600 53.54
3 1475 42.365218 -71.098984 0.015042079224 0.003601 53.54
3 1476 42.365226 -71.098976 0.015052263224 0.003601 53.54
3 1477 42.365233 -71.098969 0.015062447225 0.003601 53.54
3 1478 42.365240 -71.098962 0.015072631225 0.003601 53.54
3 1479 42.365247 -71.098955 0.015082815226 0.003601 53.54
3 1480 42.365254 -71.098948 0.015092999226 0.003601 53.54
3 1481 42.365262 -71.098940 0.015103183716 0.003601 53.54
3 1482 42.365269 -71.098933 0.015113368207 0.003601 53.54
3 1483 42.365276 -71.098926 0.015123552697 0.003601 53.54
3 1484 42.365283 -71.098919 0.015133737187 0.003601 53.54
3 1485 42.365290 -71.098912 0.015143921678 0.003601 53.54
3 1486 42.365298 -71.098904 0.015154106654 0.003601 53.54
3 1487 42.365305 -71.098897 0.015164291630 0.003601 53.54
3 1488 42.365312 -71.098890 0.015174476605 0.003601 53.54
3 1489 42.365319 -71.098883 0.015184661581 0.003601 53.54
3 1490 42.365326 -71.098876 0.015194846557 0.003601 53.54
3 1491 42.365334 -71.098868 0.015205032015 0.003601 53.54
3 1492 42.365341 -71.098861 0.015215217473 0.003601 53.54
3 1493 42.365348 -71.098854 0.015225402930 0.003601 53.54
3 1494 42.365355 -71.098847 0.015235588388 0.003601 53.54
3 1495 42.365362 -71.098840 0.015245773845 0.003601 53.54
3 1496 42.365370 -71.098832 0.015255959780 0.003601 53.54
3 1497 42.365377 -71.098825 0.015266145716 0.003601 53.54
3 1498 42.365384 -71.098818 0.015276331651 0.003601 53.54
3 1499 42.365391 -71.098811 0.015286517586 0.003601 53.54
3 1500 42.365398 -71.098804 0.015296703521 0.003601 53.54
3 1501 42.365406 -71.098796 0.015306889929 0.003601 53.54
3 1502 42.365413 -71.098789 0.015317076338 0.003601 53.54
3 1503 42.365420 -71.098782 0.015327262746 0.003601 53.54
3 1504 42.365427 -71.098775 0.015337449154 0.003601 53.54
3 1505 42.365434 -71.098768 0.015347635563 0.003602 53.54
3 1506 42.365442 -71.098760 0.015357822441 0.003602 53.54
3 1507 42.365449 -71.098753 0.015368009318 0.003602 53.54
3 1508 42.365456 -71.098746 0.015378196196 0.003602 53.54
3 1509 42.365463 -71.098739 0.015388383074 0.003602 53.54
3 1510 42.365470 -71.098732 0.015398569951 0.003602 53.54
3 1511 42.365478 -71.098724 0.015408757294 0.003602 53.54
3 1512 42.365485 -71.098717 0.015418944637 0.003602 53.54
3 1513 42.365492 -71.098710 0.015429131980 0.003602 53.54
3 1514 42.365499 -71.098703 0.015439319323 0.003602 53.54
3 1515 42.365506 -71.098696 0.015449506666 0.003602 53.54
3 1516 42.365514 -71.098688 0.015459694470 0.003602 53.54
3 1517 42.365521 -71.098681 0.015469882274 0.003602 53.54
3 1518 42.365528 -71.098674 0.015480070078 0.003602 53.54
3 1519 42.365535 -71.098667 0.015490257881 0.003602 53.54
3 1520 42.365542 -71.098660 0.015500445685 0.003602 53.54
3 1521 42.365550 -71.098652 0.015510633946 0.003602 53.54
3 1522 42.365557 -71.098645 0.015520822207 0.003602 53.54
3 1523 42.365564 -71.098638 0.015531010468 0.003602 53.54
3 1524 42.365571 -71.098631 0.015541198729 0.003602 53.54
3 1525 42.365578 -71.098624 0.015551386990 0.003602 53.54
3 1526 42.365586 -71.098616 0.015561575703 0.003602 53.54
3 1527 42.365593 -71.098609 0.015571764417 0.003602 53.54
3 1528 42.365600 -71.098602 0.015581953131 0.003602 53.54
3 1529 42.365607 -71.098595 0.015592141844 0.003602 53.54
3 1530 42.365614 -71.098588 0.015602330558 0.003602 53.54
3 1531 42.365622 -71.098580 0.015612519720 0.003602 53.54
3 1532 42.365629 -71.098573 0.015622708883 0.003602 53.54
3 1533 42.365636 -71.098566 0.015632898045 0.003602 53.54
3 1534 42.365643 -71.098559 0.015643087208 0.003602 53.54
3 1535 42.365651 -71.098551 0.015653276370 0.003603 53.54
3 1536 42.365658 -71.098544 0.015663465977 0.003603 53.54
3 1537 42.365665 -71.098537 0.015673655584 0.003603 53.54
3 1538 42.365672 -71.098530 0.015683845191 0.003603 53.54
3 1539 42.365679 -71.098523 0.015694034798 0.003603 53.54
3 1540 42.365687 -71.098515 0.015704224405 0.003603 53.54
3 1541 42.365694 -71.098508 0.015714414453 0.003603 53.54
3 1542 42.365701 -71.098501 0.015724604500 0.003603 53.54
3 1543 42.365708 -71.098494 0.015734794548 0.003603 53.54
3 1544 42.365715 -71.098487 0.015744984595 0.003603 53.54
3 1545 42.365723 -71.098479 0.015755174643 0.003603 53.54
3 1546 42.365730 -71.098472 0.015765365127 0.003603 53.54
3 1547 42.365737 -71.098465 0.015775555611 0.003603 53.54
3 1548 42.365744 -71.098458 0.015785746095 0.003603 53.54
3 1549 42.365751 -71.098451 0.015795936579 0.003603 53.54
3 1550 42.365759 -71.098443 0.015806127063 0.003603 53.54
3 1551 42.365766 -71.098436 0.015816317979 0.003603 53.54
3 1552 42.365773 -71.098429 0.015826508895 0.003603 53.54
3 1553 42.365780 -71.098422 0.015836699811 0.003603 53.54
3 1554 42.365787 -71.098415 0.015846890727 0.003603 53.54
3 1555 42.365795 -71.098407 0.015857081644 0.003603 53.54
3 1556 42.365802 -71.098400 0.015867272988 0.003603 53.54
3 1557 42.365809 -71.098393 0.015877464333 0.003603 53.54
3 1558 42.365816 -71.098386 0.015887655677 0.003603 53.54
3 1559 42.365823 -71.098379 0.015897847021 0.003603 53.54
3 1560 42.365831 -71.098371 0.015908038366 0.003603 53.54
3 1561 42.365838 -71.098364 0.015918230134 0.003603 53.54
3 1562 42.365845 -71.098357 0.015928421903 0.003603 53.54
3 1563 42.365852 -71.098350 0.015938613671 0.003603 53.54
3 1564 42.365859 -71.098343 0.015948805440 0.003603 53.54
3 1565 42.365867 -71.098335 0.015958997208 0.003603 53.54
3 1566 42.365874 -71.098328 0.015969189397 0.003603 53.54
3 1567 42.365881 -71.098321 0.015979381585 0.003603 53.54
3 1568 42.365888 -71.098314 0.015989573774 0.003603 53.54
3 1569 42.365896 -71.098306 0.015999765962 0.003603 53.54
3 1570 42.365903 -71.098299 0.016009958151 0.003604 53.54
3 1571 42.365910 -71.098292 0.016020150755 0.003604 53.54
3 1572 42.365917 -71.098285 0.016030343359 0.003604 53.54
3 1573 42.365924 -71.098278 0.016040535964 0.003604 53.54
3 1574 42.365932 -71.098270 0.016050728568 0.003604 53.54
3 1575 42.365939 -71.098263 0.016060921172 0.003604 53.54
3 1576 42.365946 -71.098256 0.016071114189 0.003604 53.54
3 1577 42.365953 -71.098249 0.016081307205 0.003604 53.54
3 1578 42.365960 -71.098242 0.016091500221 0.003604 53.54
3 1579 42.365968 -71.098234 0.016101693237 0.003604 53.54
3 1580 42.365975 -71.098227 0.016111886253 0.003604 53.54
3 1581 42.365982 -71.098220 0.016122079677 0.003604 53.54
3 1582 42.365989 -71.098213 0.016132273101 0.003604 53.54
3 1583 42.365996 -71.098206 0.016142466524 0.003604 53.54
4 1473 42.365204 -71.098998 0.015021712211 0.003600 53.54
4 1474 42.365211 -71.098991 0.015031895717 0.003600 53.54
4 1475 42.365218 -71.098984 0.015042079224 0.003601 53.54
4 1476 42.365226 -71.098976 0.015052263224 0.003601 53.54
4 1477 42.365233 -71.098969 0.015062447225 0.003601 53.54
4 1478 42.365240 -71.098962 0.015072631225 0.003601 53.54
4 1479 42.365247 -71.098955 0.015082815226 0.003601 53.54
4 1480 42.365254 -71.098948 0.015092999226 0.003601 53.54
4 1481 42.365262 -71.098940 0.015103183716 0.003601 53.54
4 1482 42.365269 -71.098933 0.015113368207 0.003601 53.54
4 1483 42.365276 -71.098926 0.015123552697 0.003601 53.54
4 1484 42.365283 -71.098919 0.015133737187 0.003601 53.54
4 1485 42.365290 -71.098912 0.015143921678 0.003601 53.54
4 1486 42.365298 -71.098904 0.015154106654 0.003601 53.54
4 1487 42.365305 -71.098897 0.015164291630 0.003601 53.54
4 1488 42.365312 -71.098890 0.015174476605 0.003601 53.54
4 1489 42.365319 -71.098883 0.015184661581 0.003601 53.54
4 1490 42.365326 -71.098876 0.015194846557 0.003601 53.54
4 1491 42.365334 -71.098868 0.015205032015 0.003601 53.54
4 1492 42.365341 -71.098861 0.015215217473 0.003601 53.54
4 1493 42.365348 -71.098854 0.015225402930 0.003601 53.54
4 1494 42.365355 -71.098847 0.015235588388 0.003601 53.54
4 1495 42.365362 -71.098840 0.015245773845 0.003601 53.54
4 1496 42.365370 -71.098832 0.015255959780 0.003601 53.54
4 1497 42.365377 -71.098825 0.015266145716 0.003601 53.54
4 1498 42.365384 -71.098818 0.015276331651 0.003601 53.54
4 1499 42.365391 -71.098811 0.015286517586 0.003601 53.54
4 1500 42.365398 -71.098804 0.015296703521 0.003601 53.54
4 1501 42.365406 -71.098796 0.015306889929 0.003601 53.54
4 1502 42.365413 -71.098789 0.015317076338 0.003601 53.54
4 1503 42.365420 -71.098782 0.015327262746 0.003601 53.54
4 1504 42.365427 -71.098775 0.015337449154 0.003601 53.54
4 1505 42.365434 -71.098768 0.015347635563 0.003602 53.54
4 1506 42.365442 -71.098760 0.015357822441 0.003602 53.54
4 1507 42.365449 -71.098753 0.015368009318 0.003602 53.54
4 1508 42.365456 -71.098746 0.015378196196 0.003602 53.54
4 1509 42.365463 -71.098739 0.015388383074 0.003602 53.54
4 1510 42.365470 -71.098732 0.015398569951 0.003602 53.54
4 1511 42.365478 -71.098724 0.015408757294 0.003602 53.54
4 1512 42.365485 -71.098717 0.015418944637 0.003602 53.54
4 1513 42.365492 -71.098710 0.015429131980 0.003602 53.54
4 1514 42.365499 -71.098703 0.015439319323 0.003602 53.54
4 1515 42.365506 -71.098696 0.015449506666 0.003602 53.54
4 1516 42.365514 -71.098688 0.015459694470 0.003602 53.54
4 1517 42.365521 -71.098681 0.015469882274 0.003602 53.54
4 1518 42.365528 -71.098674 0.015480070078 0.003602 53.54
4 1519 42.365535 -71.098667 0.015490257881 0.003602 53.54
4 1520 42.365542 -71.098660 0.015500445685 0.003602 53.54
4 1521 42.365550 -71.098652 0.015510633946 0.003602 53.54
4 1522 42.365557 -71.098645 0.015520822207 0.003602 53.54
4 1523 42.365564 -71.098638 0.015531010468 0.003602 53.54
4 1524 42.365571 -71.098631 0.015541198729 0.003602 53.54
4 1525 42.365578 -71.098624 0.015551386990 0.003602 53.54
4 1526 42.365586 -71.098616 0.015561575703 0.003602 53.54
4 1527 42.365593 -71.098609 0.015571764417 0.003602 53.54
4 1528 42.365600 -71.098602 0.015581953131 0.003602 53.54
4 1529 42.365607 -71.098595 0.015592141844 0.003602 53.54
4 1530 42.365614 -71.098588 0.015602330558 0.003602 53.54
4 1531 42.365622 -71.098580 0.015612519720 0.003602 53.54
4 1532 42.365629 -71.098573 0.015622708883 0.003602 53.54
4 1533 42.365636 -71.098566 0.015632898045 0.003602 53.54
4 1534 42.365643 -71.098559 0.015643087208 0.003602 53.54
4 1535 42.365651 -71.098551 0.015653276370 0.003603 53.54
4 1536 42.365658 -71.098544 0.015663465977 0.003603 53.54
4 1537 42.365665 -71.098537 0.015673655584 0.003603 53.54
4 1538 42.365672 -71.098530 0.015683845191 0.003603 53.54
4 1539 42.365679 -71.098523 0.015694034798 0.003603 53.54
4 1540 42.365687 -71.098515 0.015704224405 0.003603 53.54
4 1541 42.365694 -71.098508 0.015714414453 0.003603 53.54
4 1542 42.365701 -71.098501 0.015724604500 0.003603 53.54
4 1543 42.365708 -71.098494 0.015734794548 0.003603 53.54
4 1544 42.365715 -71.098487 0.015744984595 0.003603 53.54
4 1545 42.365723 -71.098479 0.015755174643 0.003603 53.54
4 1546 42.365730 -71.098472 0.015765365127 0.003603 53.54
4 1547 42.365737 -71.098465 0.015775555611 0.003603 53.54
4 1548 42.365744 -71.098458 0.015785746095 0.003603 53.54
4 1549 42.365751 -71.098451 0.015795936579 0.003603 53.54
4 1550 42.365759 -71.098443 0.015806127063 0.003603 53.54
4 1551 42.365766 -71.098436 0.015816317979 0.003603 53.54
4 1552 42.365773 -71.098429 0.015826508895 0.003603 53.54
4 1553 42.365780 -71.098422 0.015836699811 0.003603 53.54
4 1554 42.365787 -71.098415 0.015846890727 0.003603 53.54
4 1555 42.365795 -71.098407 0.015857081644 0.003603 53.54
4 1556 42.365802 -71.098400 0.015867272988 0.003603 53.54
4 1557 42.365809 -71.098393 0.015877464333 0.003603 53.54
4 1558 42.365816 -71.098386 0.015887655677 0.003603 53.54
4 1559 42.365823 -71.098379 0.015897847021 0.003603 53.54
4 1560 42.365831 -71.098371 0.015908038366 0.003603 53.54
4 1561 42.365838 -71.098364 0.015918230134 0.003603 53.54
4 1562 42.365845 -71.098357 0.015928421903 0.003603 53.54
4 1563 42.365852 -71.098350 0.015938613671 0.003603 53.54
4 1564 42.365859 -71.098343 0.015948805440 0.003603 53.54
4 1565 42.365867 -71.098335 0.015958997208 0.003603 53.54
4 1566 42.365874 -71.098328 0.015969189397 0.003603 53.54
4 1567 42.365881 -71.098321 0.015979381585 0.003603 53.54
4 1568 42.365888 -71.098314 0.015989573774 0.003603 53.54
4 1569 42.365896 -71.098306 0.015999765962 0.003603 53.54
4 1570 42.365903 -71.098299 0.016009958151 0.003604 53.54
4 1571 42.365910 -71.098292 0.016020150755 0.003604 53.54
4 1572 42.365917 -71.098285 0.016030343359 0.003604 53.54
4 1573 42.365924 -71.098278 0.016040535964 0.003604 53.54
4 1574 42.365932 -71.098270 0.016050728568 0.003604 53.54
4 1575 42.365939 -71.098263 0.016060921172 0.003604 53.54
4 1576 42.365946 -71.098256 0.016071114189 0.003604 53.54
4 1577 42.365953 -71.098249 0.016081307205 0.003604 53.54
4 1578 42.365960 -71.098242 0.016091500221 0.003604 53.54
4 1579 42.365968 -71.098234 0.016101693237 0.003604 53.54
4 1580 42.365975 -71.098227 0.016111886253 0.003604 53.54
4 1581 42.365982 -71.098220 0.016122079677 0.003604 53.54
4 1582 42.365989 -71.098213 0.016132273101 0.003604 53.54
4 1583 42.365996 -71.098206 0.016142466524 0.003604 53.54
