1 1584 42.366004 -71.098198 0.016152659948 0.003604 53.54
1 1585 42.366011 -71.098191 0.016162853372 0.003604 53.54
1 1586 42.366018 -71.098184 0.016173047199 0.003604 53.54
1 1587 42.366025 -71.098177 0.016183241027 0.003604 53.54
1 1588 42.366032 -71.098170 0.016193434854 0.003604 53.54
1 1589 42.366040 -71.098162 0.016203628681 0.003604 53.54
1 1590 42.366047 -71.098155 0.016213822508 0.003604 53.54
1 1591 42.366054 -71.098148 0.016224016735 0.003604 53.54
1 1592 42.366061 -71.098141 0.016234210962 0.003604 53.54
1 1593 42.366068 -71.098134 0.016244405189 0.003604 53.54
1 1594 42.366076 -71.098126 0.016254599416 0.003604 53.54
1 1595 42.366083 -71.098119 0.016264793642 0.003604 53.54
1 1596 42.366090 -71.098112 0.016274988264 0.003604 53.54
1 1597 42.366097 -71.098105 0.016285182887 0.003604 53.54
1 1598 42.366105 -71.098097 0.016295377509 0.003604 53.54
1 1599 42.366112 -71.098090 0.016305572131 0.003604 53.54
1 1600 42.366119 -71.098083 0.016315766753 0.003604 53.54
1 1601 42.366126 -71.098076 0.016325961766 0.003604 53.54
1 1602 42.366133 -71.098069 0.016336156780 0.003604 53.54
1 1603 42.366141 -71.098061 0.016346351793 0.003604 53.54
1 1604 42.366148 -71.098054 0.016356546806 0.003604 53.54
1 1605 42.366155 -71.098047 0.016366741820 0.003605 53.54
1 1606 42.366162 -71.098040 0.016376937220 0.003605 53.54
1 1607 42.366169 -71.098033 0.016387132621 0.003605 53.54
1 1608 42.366177 -71.098025 0.016397328021 0.003605 53.54
1 1609 42.366184 -71.098018 0.016407523422 0.003605 53.54
1 1610 42.366191 -71.098011 0.016417718822 0.003605 53.54
1 1611 42.366198 -71.098004 0.016427914606 0.003605 53.54
2 1584 42.366004 -71.098198 0.016152659948 0.003604 53.54
2 1585 42.366011 -71.098191 0.016162853372 0.003604 53.54
2 1586 42.366018 -71.098184 0.016173047199 0.003604 53.54
2 1587 42.366025 -71.098177 0.016183241027 0.003604 53.54
2 1588 42.366032 -71.098170 0.016193434854 0.003604 53.54
2 1589 42.366040 -71.098162 0.016203628681 0.003604 53.54
2 1590 42.366047 -71.098155 0.016213822508 0.003604 53.54
2 1591 42.366054 -71.098148 0.016224016735 0.003604 53.54
2 1592 42.366061 -71.098141 0.016234210962 0.003604 53.54
2 1593 42.366068 -71.098134 0.016244405189 0.003604 53.54
2 1594 42.366076 -71.098126 0.016254599416 0.003604 53.54
2 1595 42.366083 -71.098119 0.016264793642 0.003604 53.54
2 1596 42.366090 -71.098112 0.016274988264 0.003604 53.54
2 1597 42.366097 -71.098105 0.016285182887 0.003604 53.54
2 1598 42.366105 -71.098097 0.016295377509 0.003604 53.54
2 1599 42.366112 -71.098090 0.016305572131 0.003604 53.54
2 1600 42.366119 -71.098083 0.016315766753 0.003604 53.54
2 1601 42.366126 -71.098076 0.016325961766 0.003604 53.54
2 1602 42.366133 -71.098069 0.016336156780 0.003604 53.54
2 1603 42.366141 -71.098061 0.016346351793 0.003604 53.54
2 1604 42.366148 -71.098054 0.016356546806 0.003604 53.54
2 1605 42.366155 -71.098047 0.016366741820 0.003605 53.54
2 1606 42.366162 -71.098040 0.016376937220 0.003605 53.54
2 1607 42.366169 -71.098033 0.016387132621 0.003605 53.54
2 1608 42.366177 -71.098025 0.016397328021 0.003605 53.54
2 1609 42.366184 -71.098018 0.016407523422 0.003605 53.54
2 1610 42.366191 -71.098011 0.016417718822 0.003605 53.54
2 1611 42.366198 -71.098004 0.016427914606 0.003605 53.54
3 1584 42.366004 -71.098198 0.016152659948 0.003604 53.54
3 1585 42.366011 -71.098191 0.016162853372 0.003604 53.54
3 1586 42.366018 -71.098184 0.016173047199 0.003604 53.54
3 1587 42.366025 -71.098177 0.016183241027 0.003604 53.54
3 1588 42.366032 -71.098170 0.016193434854 0.003604 53.54
3 1589 42.366040 -71.098162 0.016203628681 0.003604 53.54
3 1590 42.366047 -71.098155 0.016213822508 0.003604 53.54
3 1591 42.366054 -71.098148 0.016224016735 0.003604 53.54
3 1592 42.366061 -71.098141 0.016234210962 0.003604 53.54
3 1593 42.366068 -71.098134 0.016244405189 0.003604 53.54
3 1594 42.366076 -71.098126 0.016254599416 0.003604 53.54
3 1595 42.366083 -71.098119 0.016264793642 0.003604 53.54
3 1596 42.366090 -71.098112 0.016274988264 0.003604 53.54
3 1597 42.366097 -71.098105 0.016285182887 0.003604 53.54
3 1598 42.366105 -71.098097 0.016295377509 0.003604 53.54
3 1599 42.366112 -71.098090 0.016305572131 0.003604 53.54
3 1600 42.366119 -71.098083 0.016315766753 0.003604 53.54
3 1601 42.366126 -71.098076 0.016325961766 0.003604 53.54
3 1602 42.366133 -71.098069 0.016336156780 0.003604 53.54
3 1603 42.366141 -71.098061 0.016346351793 0.003604 53.54
3 1604 42.366148 -71.098054 0.016356546806 0.003604 53.54
3 1605 42.366155 -71.098047 0.016366741820 0.003605 53.54
3 1606 42.366162 -71.098040 0.016376937220 0.003605 53.54
3 1607 42.366169 -71.098033 0.016387132621 0.003605 53.54
3 1608 42.366177 -71.098025 0.016397328021 0.003605 53.54
3 1609 42.366184 -71.098018 0.016407523422 0.003605 53.54
3 1610 42.366191 -71.098011 0.016417718822 0.003605 53.54
3 1611 42.366198 -71.098004 0.016427914606 0.003605 53.54
4 1584 42.366004 -71.098198 0.016152659948 0.003604 53.54
4 1585 42.366011 -71.098191 0.016162853372 0.003604 53.54
4 1586 42.366018 -71.098184 0.016173047199 0.003604 53.54
4 1587 42.366025 -71.098177 0.016183241027 0.003604 53.54
4 1588 42.366032 -71.098170 0.016193434854 0.003604 53.54
4 1589 42.366040 -71.098162 0.016203628681 0.003604 53.54
4 1590 42.366047 -71.098155 0.016213822508 0.003604 53.54
4 1591 42.366054 -71.098148 0.016224016735 0.003604 53.54
4 1592 42.366061 -71.098141 0.016234210962 0.003604 53.54
4 1593 42.366068 -71.098134 0.016244405189 0.003604 53.54
4 1594 42.366076 -71.098126 0.016254599416 0.003604 53.54
4 1595 42.366083 -71.098119 0.016264793642 0.003604 53.54
4 1596 42.366090 -71.098112 0.016274988264 0.003604 53.54
4 1597 42.366097 -71.098105 0.016285182887 0.003604 53.54
4 1598 42.366105 -71.098097 0.016295377509 0.003604 53.54
4 1599 42.366112 -71.098090 0.016305572131 0.003604 53.54
4 1600 42.366119 -71.098083 0.016315766753 0.003604 53.54
4 1601 42.366126 -71.098076 0.016325961766 0.003604 53.54
4 1602 42.366133 -71.098069 0.016336156780 0.003604 53.54
4 1603 42.366141 -71.098061 0.016346351793 0.003604 53.54
4 1604 42.366148 -71.098054 0.016356546806 0.003604 53.54
4 1605 42.366155 -71.098047 0.016366741820 0.003605 53.54
4 1606 42.366162 -71.098040 0.016376937220 0.003605 53.54
4 1607 42.366169 -71.098033 0.016387132621 0.003605 53.54
4 1608 42.366177 -71.098025 0.016397328021 0.003605 53.54
4 1609 42.366184 -71.098018 0.016407523422 0.003605 53.54
4 1610 42.366191 -71.098011 0.016417718822 0.003605 53.54
4 1611 42.366198 -71.098004 0.016427914606 0.003605 53.54
