1 1167 42.363001 -71.101201 0.011905853511 0.003604 53.54
1 1168 42.363008 -71.101194 0.011916047242 0.003604 53.54
1 1169 42.363015 -71.101187 0.011926240972 0.003604 53.54
1 1170 42.363022 -71.101180 0.011936434702 0.003604 53.54
1 1171 42.363030 -71.101172 0.011946628039 0.003604 53.54
1 1172 42.363037 -71.101165 0.011956821377 0.003604 53.54
1 1173 42.363044 -71.101158 0.011967014715 0.003604 53.54
1 1174 42.363051 -71.101151 0.011977208052 0.003604 53.54
1 1175 42.363058 -71.101144 0.011987401390 0.003604 53.54
1 1176 42.363066 -71.101136 0.011997594331 0.003604 53.54
1 1177 42.363073 -71.101129 0.012007787271 0.003604 53.54
1 1178 42.363080 -71.101122 0.012017980212 0.003604 53.54
1 1179 42.363087 -71.101115 0.012028173153 0.003604 53.54
1 1180 42.363094 -71.101108 0.012038366094 0.003604 53.54
1 1181 42.363102 -71.101100 0.012048558634 0.003604 53.54
1 1182 42.363109 -71.101093 0.012058751174 0.003604 53.54
1 1183 42.363116 -71.101086 0.012068943714 0.003604 53.54
1 1184 42.363123 -71.101079 0.012079136254 0.003604 53.54
1 1185 42.363130 -71.101072 0.012089328793 0.003603 53.54
1 1186 42.363138 -71.101064 0.012099520928 0.003603 53.54
1 1187 42.363145 -71.101057 0.012109713063 0.003603 53.54
1 1188 42.363152 -71.101050 0.012119905198 0.003603 53.54
1 1189 42.363159 -71.101043 0.012130097333 0.003603 53.54
1 1190 42.363166 -71.101036 0.012140289468 0.003603 53.54
1 1191 42.363174 -71.101028 0.012150481194 0.003603 53.54
1 1192 42.363181 -71.101021 0.012160672920 0.003603 53.54
1 1193 42.363188 -71.101014 0.012170864646 0.003603 53.54
1 1194 42.363195 -71.101007 0.012181056372 0.003603 53.54
2 1167 42.363001 -71.101201 0.011905853511 0.003604 53.54
2 1168 42.363008 -71.101194 0.011916047242 0.003604 53.54
2 1169 42.363015 -71.101187 0.011926240972 0.003604 53.54
2 1170 42.363022 -71.101180 0.011936434702 0.003604 53.54
2 1171 42.363030 -71.101172 0.011946628039 0.003604 53.54
2 1172 42.363037 -71.101165 0.011956821377 0.003604 53.54
2 1173 42.363044 -71.101158 0.011967014715 0.003604 53.54
2 1174 42.363051 -71.101151 0.011977208052 0.003604 53.54
2 1175 42.363058 -71.101144 0.011987401390 0.003604 53.54
2 1176 42.363066 -71.101136 0.011997594331 0.003604 53.54
2 1177 42.363073 -71.101129 0.012007787271 0.003604 53.54
2 1178 42.363080 -71.101122 0.012017980212 0.003604 53.54
2 1179 42.363087 -71.101115 0.012028173153 0.003604 53.54
2 1180 42.363094 -71.101108 0.012038366094 0.003604 53.54
2 1181 42.363102 -71.101100 0.012048558634 0.003604 53.54
2 1182 42.363109 -71.101093 0.012058751174 0.003604 53.54
2 1183 42.363116 -71.101086 0.012068943714 0.003604 53.54
2 1184 42.363123 -71.101079 0.012079136254 0.003604 53.54
2 1185 42.363130 -71.101072 0.012089328793 0.003603 53.54
2 1186 42.363138 -71.101064 0.012099520928 0.003603 53.54
2 1187 42.363145 -71.101057 0.012109713063 0.003603 53.54
2 1188 42.363152 -71.101050 0.012119905198 0.003603 53.54
2 1189 42.363159 -71.101043 0.012130097333 0.003603 53.54
2 1190 42.363166 -71.101036 0.012140289468 0.003603 53.54
2 1191 42.363174 -71.101028 0.012150481194 0.003603 53.54
2 1192 42.363181 -71.101021 0.012160672920 0.003603 53.54
2 1193 42.363188 -71.101014 0.012170864646 0.003603 53.54
2 1194 42.363195 -71.101007 0.012181056372 0.003603 53.54
3 1167 42.363001 -71.101201 0.011905853511 0.003604 53.54
3 1168 42.363008 -71.101194 0.011916047242 0.003604 53.54
3 1169 42.363015 -71.101187 0.011926240972 0.003604 53.54
3 1170 42.363022 -71.101180 0.011936434702 0.003604 53.54
3 1171 42.363030 -71.101172 0.011946628039 0.003604 53.54
3 1172 42.363037 -71.101165 0.011956821377 0.003604 53.54
3 1173 42.363044 -71.101158 0.011967014715 0.003604 53.54
3 1174 42.363051 -71.101151 0.011977208052 0.003604 53.54
3 1175 42.363058 -71.101144 0.011987401390 0.003604 53.54
3 1176 42.363066 -71.101136 0.011997594331 0.003604 53.54
3 1177 42.363073 -71.101129 0.012007787271 0.003604 53.54
3 1178 42.363080 -71.101122 0.012017980212 0.003604 53.54
3 1179 42.363087 -71.101115 0.012028173153 0.003604 53.54
3 1180 42.363094 -71.101108 0.012038366094 0.003604 53.54
3 1181 42.363102 -71.101100 0.012048558634 0.003604 53.54
3 1182 42.363109 -71.101093 0.012058751174 0.003604 53.54
3 1183 42.363116 -71.101086 0.012068943714 0.003604 53.54
3 1184 42.363123 -71.101079 0.012079136254 0.003604 53.54
3 1185 42.363130 -71.101072 0.012089328793 0.003603 53.54
3 1186 42.363138 -71.101064 0.012099520928 0.003603 53.54
3 1187 42.363145 -71.101057 0.012109713063 0.003603 53.54
3 1188 42.363152 -71.101050 0.012119905198 0.003603 53.54
3 1189 42.363159 -71.101043 0.012130097333 0.003603 53.54
3 1190 42.363166 -71.101036 0.012140289468 0.003603 53.54
3 1191 42.363174 -71.101028 0.012150481194 0.003603 53.54
3 1192 42.363181 -71.101021 0.012160672920 0.003603 53.54
3 1193 42.363188 -71.101014 0.012170864646 0.003603 53.54
3 1194 42.363195 -71.101007 0.012181056372 0.003603 53.54
4 1167 42.363001 -71.101201 0.011905853511 0.003604 53.54
4 1168 42.363008 -71.101194 0.011916047242 0.003604 53.54
4 1169 42.363015 -71.101187 0.011926240972 0.003604 53.54
4 1170 42.363022 -71.101180 0.011936434702 0.003604 53.54
4 1171 42.363030 -71.101172 0.011946628039 0.003604 53.54
4 1172 42.363037 -71.101165 0.011956821377 0.003604 53.54
4 1173 42.363044 -71.101158 0.011967014715 0.003604 53.54
4 1174 42.363051 -71.101151 0.011977208052 0.003604 53.54
4 1175 42.363058 -71.101144 0.011987401390 0.003604 53.54
4 1176 42.363066 -71.101136 0.011997594331 0.003604 53.54
4 1177 42.363073 -71.101129 0.012007787271 0.003604 53.54
4 1178 42.363080 -71.101122 0.012017980212 0.003604 53.54
4 1179 42.363087 -71.101115 0.012028173153 0.003604 53.54
4 1180 42.363094 -71.101108 0.012038366094 0.003604 53.54
4 1181 42.363102 -71.101100 0.012048558634 0.003604 53.54
4 1182 42.363109 -71.101093 0.012058751174 0.003604 53.54
4 1183 42.363116 -71.101086 0.012068943714 0.003604 53.54
4 1184 42.363123 -71.101079 0.012079136254 0.003604 53.54
4 1185 42.363130 -71.101072 0.012089328793 0.003603 53.54
4 1186 42.363138 -71.101064 0.012099520928 0.003603 53.54
4 1187 42.363145 -71.101057 0.012109713063 0.003603 53.54
4 1188 42.363152 -71.101050 0.012119905198 0.003603 53.54
4 1189 42.363159 -71.101043 0.012130097333 0.003603 53.54
4 1190 42.363166 -71.101036 0.012140289468 0.003603 53.54
4 1191 42.363174 -71.101028 0.012150481194 0.003603 53.54
4 1192 42.363181 -71.101021 0.012160672920 0.003603 53.54
4 1193 42.363188 -71.101014 0.012170864646 0.003603 53.54
4 1194 42.363195 -71.101007 0.012181056372 0.003603 53.54
