1 1445 42.365002 -71.099200 0.014736611791 0.003600 53.54
1 1446 42.365010 -71.099192 0.014746792766 0.003600 53.54
1 1447 42.365017 -71.099185 0.014756973741 0.003600 53.54
1 1448 42.365024 -71.099178 0.014767154717 0.003600 53.54
1 1449 42.365031 -71.099171 0.014777335692 0.003600 53.54
1 1450 42.365038 -71.099164 0.014787516667 0.003600 53.54
1 1451 42.365046 -71.099156 0.014797698157 0.003600 53.54
1 1452 42.365053 -71.099149 0.014807879647 0.003600 53.54
1 1453 42.365060 -71.099142 0.014818061136 0.003600 53.54
1 1454 42.365067 -71.099135 0.014828242626 0.003600 53.54
1 1455 42.365074 -71.099128 0.014838424116 0.003600 53.54
1 1456 42.365082 -71.099120 0.014848606116 0.003600 53.54
1 1457 42.365089 -71.099113 0.014858788116 0.003600 53.54
1 1458 42.365096 -71.099106 0.014868970116 0.003600 53.54
1 1459 42.365103 -71.099099 0.014879152116 0.003600 53.54
1 1460 42.365110 -71.099092 0.014889334116 0.003600 53.54
1 1461 42.365118 -71.099084 0.014899516623 0.003600 53.54
1 1462 42.365125 -71.099077 0.014909699129 0.003600 53.54
1 1463 42.365132 -71.099070 0.014919881636 0.003600 53.54
1 1464 42.365139 -71.099063 0.014930064142 0.003600 53.54
1 1465 42.365146 -71.099056 0.014940246648 0.003600 53.54
1 1466 42.365154 -71.099048 0.014950429657 0.003600 53.54
1 1467 42.365161 -71.099041 0.014960612665 0.003600 53.54
1 1468 42.365168 -71.099034 0.014970795674 0.003600 53.54
1 1469 42.365175 -71.099027 0.014980978682 0.003600 53.54
1 1470 42.365182 -71.099020 0.014991161691 0.003600 53.54
1 1471 42.365190 -71.099012 0.015001345197 0.003600 53.54
1 1472 42.365197 -71.099005 0.015011528704 0.003600 53.54
2 1445 42.365002 -71.099200 0.014736611791 0.003600 53.54
2 1446 42.365010 -71.099192 0.014746792766 0.003600 53.54
2 1447 42.365017 -71.099185 0.014756973741 0.003600 53.54
2 1448 42.365024 -71.099178 0.014767154717 0.003600 53.54
2 1449 42.365031 -71.099171 0.014777335692 0.003600 53.54
2 1450 42.365038 -71.099164 0.014787516667 0.003600 53.54
2 1451 42.365046 -71.099156 0.014797698157 0.003600 53.54
2 1452 42.365053 -71.099149 0.014807879647 0.003600 53.54
2 1453 42.365060 -71.099142 0.014818061136 0.003600 53.54
2 1454 42.365067 -71.099135 0.014828242626 0.003600 53.54
2 1455 42.365074 -71.099128 0.014838424116 0.003600 53.54
2 1456 42.365082 -71.099120 0.014848606116 0.003600 53.54
2 1457 42.365089 -71.099113 0.014858788116 0.003600 53.54
2 1458 42.365096 -71.099106 0.014868970116 0.003600 53.54
2 1459 42.365103 -71.099099 0.014879152116 0.003600 53.54
2 1460 42.365110 -71.099092 0.014889334116 0.003600 53.54
2 1461 42.365118 -71.099084 0.014899516623 0.003600 53.54
2 1462 42.365125 -71.099077 0.014909699129 0.003600 53.54
2 1463 42.365132 -71.099070 0.014919881636 0.003600 53.54
2 1464 42.365139 -71.099063 0.014930064142 0.003600 53.54
2 1465 42.365146 -71.099056 0.014940246648 0.003600 53.54
2 1466 42.365154 -71.099048 0.014950429657 0.003600 53.54
2 1467 42.365161 -71.099041 0.014960612665 0.003600 53.54
2 1468 42.365168 -71.099034 0.014970795674 0.003600 53.54
2 1469 42.365175 -71.099027 0.014980978682 0.003600 53.54
2 1470 42.365182 -71.099020 0.014991161691 0.003600 53.54
2 1471 42.365190 -71.099012 0.015001345197 0.003600 53.54
2 1472 42.365197 -71.099005 0.015011528704 0.003600 53.54
3 1445 42.365002 -71.099200 0.014736611791 0.003600 53.54
3 1446 42.365010 -71.099192 0.014746792766 0.003600 53.54
3 1447 42.365017 -71.099185 0.014756973741 0.003600 53.54
3 1448 42.365024 -71.099178 0.014767154717 0.003600 53.54
3 1449 42.365031 -71.099171 0.014777335692 0.003600 53.54
3 1450 42.365038 -71.099164 0.014787516667 0.003600 53.54
3 1451 42.365046 -71.099156 0.014797698157 0.003600 53.54
3 1452 42.365053 -71.099149 0.014807879647 0.003600 53.54
3 1453 42.365060 -71.099142 0.014818061136 0.003600 53.54
3 1454 42.365067 -71.099135 0.014828242626 0.003600 53.54
3 1455 42.365074 -71.099128 0.014838424116 0.003600 53.54
3 1456 42.365082 -71.099120 0.014848606116 0.003600 53.54
3 1457 42.365089 -71.099113 0.014858788116 0.003600 53.54
3 1458 42.365096 -71.099106 0.014868970116 0.003600 53.54
3 1459 42.365103 -71.099099 0.014879152116 0.003600 53.54
3 1460 42.365110 -71.099092 0.014889334116 0.003600 53.54
3 1461 42.365118 -71.099084 0.014899516623 0.003600 53.54
3 1462 42.365125 -71.099077 0.014909699129 0.003600 53.54
3 1463 42.365132 -71.099070 0.014919881636 0.003600 53.54
3 1464 42.365139 -71.099063 0.014930064142 0.003600 53.54
3 1465 42.365146 -71.099056 0.014940246648 0.003600 53.54
3 1466 42.365154 -71.099048 0.014950429657 0.003600 53.54
3 1467 42.365161 -71.099041 0.014960612665 0.003600 53.54
3 1468 42.365168 -71.099034 0.014970795674 0.003600 53.54
3 1469 42.365175 -71.099027 0.014980978682 0.003600 53.54
3 1470 42.365182 -71.099020 0.014991161691 0.003600 53.54
3 1471 42.365190 -71.099012 0.015001345197 0.003600 53.54
3 1472 42.365197 -71.099005 0.015011528704 0.003600 53.54
4 1445 42.365002 -71.099200 0.014736611791 0.003600 53.54
4 1446 42.365010 -71.099192 0.014746792766 0.003600 53.54
4 1447 42.365017 -71.099185 0.014756973741 0.003600 53.54
4 1448 42.365024 -71.099178 0.014767154717 0.003600 53.54
4 1449 42.365031 -71.099171 0.014777335692 0.003600 53.54
4 1450 42.365038 -71.099164 0.014787516667 0.003600 53.54
4 1451 42.365046 -71.099156 0.014797698157 0.003600 53.54
4 1452 42.365053 -71.099149 0.014807879647 0.003600 53.54
4 1453 42.365060 -71.099142 0.014818061136 0.003600 53.54
4 1454 42.365067 -71.099135 0.014828242626 0.003600 53.54
4 1455 42.365074 -71.099128 0.014838424116 0.003600 53.54
4 1456 42.365082 -71.099120 0.014848606116 0.003600 53.54
4 1457 42.365089 -71.099113 0.014858788116 0.003600 53.54
4 1458 42.365096 -71.099106 0.014868970116 0.003600 53.54
4 1459 42.365103 -71.099099 0.014879152116 0.003600 53.54
4 1460 42.365110 -71.099092 0.014889334116 0.003600 53.54
4 1461 42.365118 -71.099084 0.014899516623 0.003600 53.54
4 1462 42.365125 -71.099077 0.014909699129 0.003600 53.54
4 1463 42.365132 -71.099070 0.014919881636 0.003600 53.54
4 1464 42.365139 -71.099063 0.014930064142 0.003600 53.54
4 1465 42.365146 -71.099056 0.014940246648 0.003600 53.54
4 1466 42.365154 -71.099048 0.014950429657 0.003600 53.54
4 1467 42.365161 -71.099041 0.014960612665 0.003600 53.54
4 1468 42.365168 -71.099034 0.014970795674 0.003600 53.54
4 1469 42.365175 -71.099027 0.014980978682 0.003600 53.54
4 1470 42.365182 -71.099020 0.014991161691 0.003600 53.54
4 1471 42.365190 -71.099012 0.015001345197 0.003600 53.54
4 1472 42.365197 -71.099005 0.015011528704 0.003600 53.54
