1 1861 42.368002 -71.096200 0.018978793342 0.003610 53.54
1 1862 42.368009 -71.096193 0.018989003048 0.003610 53.54
1 1863 42.368016 -71.096186 0.018999212753 0.003610 53.54
1 1864 42.368024 -71.096178 0.019009422459 0.003610 53.54
1 1865 42.368031 -71.096171 0.019019632165 0.003610 53.54
1 1866 42.368038 -71.096164 0.019029842045 0.003610 53.54
1 1867 42.368045 -71.096157 0.019040051924 0.003610 53.54
1 1868 42.368053 -71.096149 0.019050261804 0.003610 53.54
1 1869 42.368060 -71.096142 0.019060471684 0.003610 53.54
1 1870 42.368067 -71.096135 0.019070681564 0.003610 53.54
1 1871 42.368074 -71.096128 0.019080891613 0.003610 53.54
1 1872 42.368081 -71.096121 0.019091101663 0.003610 53.54
1 1873 42.368089 -71.096113 0.019101311712 0.003610 53.54
1 1874 42.368096 -71.096106 0.019111521762 0.003610 53.54
1 1875 42.368103 -71.096099 0.019121731811 0.003610 53.54
1 1876 42.368110 -71.096092 0.019131942027 0.003610 53.54
1 1877 42.368118 -71.096084 0.019142152242 0.003610 53.54
1 1878 42.368125 -71.096077 0.019152362457 0.003610 53.54
1 1879 42.368132 -71.096070 0.019162572672 0.003610 53.54
1 1880 42.368139 -71.096063 0.019172782888 0.003610 53.54
1 1881 42.368146 -71.096056 0.019182993265 0.003610 53.54
1 1882 42.368154 -71.096048 0.019193203642 0.003610 53.54
1 1883 42.368161 -71.096041 0.019203414019 0.003610 53.54
1 1884 42.368168 -71.096034 0.019213624396 0.003610 53.54
1 1885 42.368175 -71.096027 0.019223834772 0.003610 53.54
1 1886 42.368182 -71.096020 0.019234045307 0.003610 53.54
1 1887 42.368190 -71.096012 0.019244255841 0.003610 53.54
1 1888 42.368197 -71.096005 0.019254466376 0.003610 53.54
2 1861 42.368002 -71.096200 0.018978793342 0.003610 53.54
2 1862 42.368009 -71.096193 0.018989003048 0.003610 53.54
2 1863 42.368016 -71.096186 0.018999212753 0.003610 53.54
2 1864 42.368024 -71.096178 0.019009422459 0.003610 53.54
2 1865 42.368031 -71.096171 0.019019632165 0.003610 53.54
2 1866 42.368038 -71.096164 0.019029842045 0.003610 53.54
2 1867 42.368045 -71.096157 0.019040051924 0.003610 53.54
2 1868 42.368053 -71.096149 0.019050261804 0.003610 53.54
2 1869 42.368060 -71.096142 0.019060471684 0.003610 53.54
2 1870 42.368067 -71.096135 0.019070681564 0.003610 53.54
2 1871 42.368074 -71.096128 0.019080891613 0.003610 53.54
2 1872 42.368081 -71.096121 0.019091101663 0.003610 53.54
2 1873 42.368089 -71.096113 0.019101311712 0.003610 53.54
2 1874 42.368096 -71.096106 0.019111521762 0.003610 53.54
2 1875 42.368103 -71.096099 0.019121731811 0.003610 53.54
2 1876 42.368110 -71.096092 0.019131942027 0.003610 53.54
2 1877 42.368118 -71.096084 0.019142152242 0.003610 53.54
2 1878 42.368125 -71.096077 0.019152362457 0.003610 53.54
2 1879 42.368132 -71.096070 0.019162572672 0.003610 53.54
2 1880 42.368139 -71.096063 0.019172782888 0.003610 53.54
2 1881 42.368146 -71.096056 0.019182993265 0.003610 53.54
2 1882 42.368154 -71.096048 0.019193203642 0.003610 53.54
2 1883 42.368161 -71.096041 0.019203414019 0.003610 53.54
2 1884 42.368168 -71.096034 0.019213624396 0.003610 53.54
2 1885 42.368175 -71.096027 0.019223834772 0.003610 53.54
2 1886 42.368182 -71.096020 0.019234045307 0.003610 53.54
2 1887 42.368190 -71.096012 0.019244255841 0.003610 53.54
2 1888 42.368197 -71.096005 0.019254466376 0.003610 53.54
3 1861 42.368002 -71.096200 0.018978793342 0.003610 53.54
3 1862 42.368009 -71.096193 0.018989003048 0.003610 53.54
3 1863 42.368016 -71.096186 0.018999212753 0.003610 53.54
3 1864 42.368024 -71.096178 0.019009422459 0.003610 53.54
3 1865 42.368031 -71.096171 0.019019632165 0.003610 53.54
3 1866 42.368038 -71.096164 0.019029842045 0.003610 53.54
3 1867 42.368045 -71.096157 0.019040051924 0.003610 53.54
3 1868 42.368053 -71.096149 0.019050261804 0.003610 53.54
3 1869 42.368060 -71.096142 0.019060471684 0.003610 53.54
3 1870 42.368067 -71.096135 0.019070681564 0.003610 53.54
3 1871 42.368074 -71.096128 0.019080891613 0.003610 53.54
3 1872 42.368081 -71.096121 0.019091101663 0.003610 53.54
3 1873 42.368089 -71.096113 0.019101311712 0.003610 53.54
3 1874 42.368096 -71.096106 0.019111521762 0.003610 53.54
3 1875 42.368103 -71.096099 0.019121731811 0.003610 53.54
3 1876 42.368110 -71.096092 0.019131942027 0.003610 53.54
3 1877 42.368118 -71.096084 0.019142152242 0.003610 53.54
3 1878 42.368125 -71.096077 0.019152362457 0.003610 53.54
3 1879 42.368132 -71.096070 0.019162572672 0.003610 53.54
3 1880 42.368139 -71.096063 0.019172782888 0.003610 53.54
3 1881 42.368146 -71.096056 0.019182993265 0.003610 53.54
3 1882 42.368154 -71.096048 0.019193203642 0.003610 53.54
3 1883 42.368161 -71.096041 0.019203414019 0.003610 53.54
3 1884 42.368168 -71.096034 0.019213624396 0.003610 53.54
3 1885 42.368175 -71.096027 0.019223834772 0.003610 53.54
3 1886 42.368182 -71.096020 0.019234045307 0.003610 53.54
3 1887 42.368190 -71.096012 0.019244255841 0.003610 53.54
3 1888 42.368197 -71.096005 0.019254466376 0.003610 53.54
4 1861 42.368002 -71.096200 0.018978793342 0.003610 53.54
4 1862 42.368009 -71.096193 0.018989003048 0.003610 53.54
4 1863 42.368016 -71.096186 0.018999212753 0.003610 53.54
4 1864 42.368024 -71.096178 0.019009422459 0.003610 53.54
4 1865 42.368031 -71.096171 0.019019632165 0.003610 53.54
4 1866 42.368038 -71.096164 0.019029842045 0.003610 53.54
4 1867 42.368045 -71.096157 0.019040051924 0.003610 53.54
4 1868 42.368053 -71.096149 0.019050261804 0.003610 53.54
4 1869 42.368060 -71.096142 0.019060471684 0.003610 53.54
4 1870 42.368067 -71.096135 0.019070681564 0.003610 53.54
4 1871 42.368074 -71.096128 0.019080891613 0.003610 53.54
4 1872 42.368081 -71.096121 0.019091101663 0.003610 53.54
4 1873 42.368089 -71.096113 0.019101311712 0.003610 53.54
4 1874 42.368096 -71.096106 0.019111521762 0.003610 53.54
4 1875 42.368103 -71.096099 0.019121731811 0.003610 53.54
4 1876 42.368110 -71.096092 0.019131942027 0.003610 53.54
4 1877 42.368118 -71.096084 0.019142152242 0.003610 53.54
4 1878 42.368125 -71.096077 0.019152362457 0.003610 53.54
4 1879 42.368132 -71.096070 0.019162572672 0.003610 53.54
4 1880 42.368139 -71.096063 0.019172782888 0.003610 53.54
4 1881 42.368146 -71.096056 0.019182993265 0.003610 53.54
4 1882 42.368154 -71.096048 0.019193203642 0.003610 53.54
4 1883 42.368161 -71.096041 0.019203414019 0.003610 53.54
4 1884 42.368168 -71.096034 0.019213624396 0.003610 53.54
4 1885 42.368175 -71.096027 0.019223834772 0.003610 53.54
4 1886 42.368182 -71.096020 0.019234045307 0.003610 53.54
4 1887 42.368190 -71.096012 0.019244255841 0.003610 53.54
4 1888 42.368197 -71.096005 0.019254466376 0.003610 53.54
