1 752 42.360006 -71.104196 0.007670673236 0.003610 53.54
1 753 42.360013 -71.104189 0.007680885266 0.003610 53.54
1 754 42.360020 -71.104182 0.007691097295 0.003610 53.54
1 755 42.360028 -71.104174 0.007701309324 0.003610 53.54
1 756 42.360035 -71.104167 0.007711521301 0.003610 53.54
1 757 42.360042 -71.104160 0.007721733278 0.003610 53.54
1 758 42.360049 -71.104153 0.007731945255 0.003610 53.54
1 759 42.360056 -71.104146 0.007742157231 0.003610 53.54
1 760 42.360064 -71.104138 0.007752369208 0.003610 53.54
1 761 42.360071 -71.104131 0.007762581128 0.003610 53.54
1 762 42.360078 -71.104124 0.007772793048 0.003610 53.54
1 763 42.360085 -71.104117 0.007783004969 0.003610 53.54
1 764 42.360093 -71.104109 0.007793216889 0.003610 53.54
1 765 42.360100 -71.104102 0.007803428809 0.003610 53.54
1 766 42.360107 -71.104095 0.007813640668 0.003610 53.54
1 767 42.360114 -71.104088 0.007823852528 0.003610 53.54
1 768 42.360121 -71.104081 0.007834064387 0.003610 53.54
1 769 42.360129 -71.104073 0.007844276246 0.003610 53.54
1 770 42.360136 -71.104066 0.007854488106 0.003610 53.54
1 771 42.360143 -71.104059 0.007864699900 0.003610 53.54
1 772 42.360150 -71.104052 0.007874911695 0.003610 53.54
1 773 42.360158 -71.104044 0.007885123490 0.003610 53.54
1 774 42.360165 -71.104037 0.007895335284 0.003610 53.54
1 775 42.360172 -71.104030 0.007905547079 0.003610 53.54
1 776 42.360179 -71.104023 0.007915758804 0.003610 53.54
1 777 42.360186 -71.104016 0.007925970530 0.003610 53.54
1 778 42.360194 -71.104008 0.007936182256 0.003610 53.54
1 779 42.360201 -71.104001 0.007946393981 0.003610 53.54
2 752 42.360006 -71.104196 0.007670673236 0.003610 53.54
2 753 42.360013 -71.104189 0.007680885266 0.003610 53.54
2 754 42.360020 -71.104182 0.007691097295 0.003610 53.54
2 755 42.360028 -71.104174 0.007701309324 0.003610 53.54
2 756 42.360035 -71.104167 0.007711521301 0.003610 53.54
2 757 42.360042 -71.104160 0.007721733278 0.003610 53.54
2 758 42.360049 -71.104153 0.007731945255 0.003610 53.54
2 759 42.360056 -71.104146 0.007742157231 0.003610 53.54
2 760 42.360064 -71.104138 0.007752369208 0.003610 53.54
2 761 42.360071 -71.104131 0.007762581128 0.003610 53.54
2 762 42.360078 -71.104124 0.007772793048 0.003610 53.54
2 763 42.360085 -71.104117 0.007783004969 0.003610 53.54
2 764 42.360093 -71.104109 0.007793216889 0.003610 53.54
2 765 42.360100 -71.104102 0.007803428809 0.003610 53.54
2 766 42.360107 -71.104095 0.007813640668 0.003610 53.54
2 767 42.360114 -71.104088 0.007823852528 0.003610 53.54
2 768 42.360121 -71.104081 0.007834064387 0.003610 53.54
2 769 42.360129 -71.104073 0.007844276246 0.003610 53.54
2 770 42.360136 -71.104066 0.007854488106 0.003610 53.54
2 771 42.360143 -71.104059 0.007864699900 0.003610 53.54
2 772 42.360150 -71.104052 0.007874911695 0.003610 53.54
2 773 42.360158 -71.104044 0.007885123490 0.003610 53.54
2 774 42.360165 -71.104037 0.007895335284 0.003610 53.54
2 775 42.360172 -71.104030 0.007905547079 0.003610 53.54
2 776 42.360179 -71.104023 0.007915758804 0.003610 53.54
2 777 42.360186 -71.104016 0.007925970530 0.003610 53.54
2 778 42.360194 -71.104008 0.007936182256 0.003610 53.54
2 779 42.360201 -71.104001 0.007946393981 0.003610 53.54
3 752 42.360006 -71.104196 0.007670673236 0.003610 53.54
3 753 42.360013 -71.104189 0.007680885266 0.003610 53.54
3 754 42.360020 -71.104182 0.007691097295 0.003610 53.54
3 755 42.360028 -71.104174 0.007701309324 0.003610 53.54
3 756 42.360035 -71.104167 0.007711521301 0.003610 53.54
3 757 42.360042 -71.104160 0.007721733278 0.003610 53.54
3 758 42.360049 -71.104153 0.007731945255 0.003610 53.54
3 759 42.360056 -71.104146 0.007742157231 0.003610 53.54
3 760 42.360064 -71.104138 0.007752369208 0.003610 53.54
3 761 42.360071 -71.104131 0.007762581128 0.003610 53.54
3 762 42.360078 -71.104124 0.007772793048 0.003610 53.54
3 763 42.360085 -71.104117 0.007783004969 0.003610 53.54
3 764 42.360093 -71.104109 0.007793216889 0.003610 53.54
3 765 42.360100 -71.104102 0.007803428809 0.003610 53.54
3 766 42.360107 -71.104095 0.007813640668 0.003610 53.54
3 767 42.360114 -71.104088 0.007823852528 0.003610 53.54
3 768 42.360121 -71.104081 0.007834064387 0.003610 53.54
3 769 42.360129 -71.104073 0.007844276246 0.003610 53.54
3 770 42.360136 -71.104066 0.007854488106 0.003610 53.54
3 771 42.360143 -71.104059 0.007864699900 0.003610 53.54
3 772 42.360150 -71.104052 0.007874911695 0.003610 53.54
3 773 42.360158 -71.104044 0.007885123490 0.003610 53.54
3 774 42.360165 -71.104037 0.007895335284 0.003610 53.54
3 775 42.360172 -71.104030 0.007905547079 0.003610 53.54
3 776 42.360179 -71.104023 0.007915758804 0.003610 53.54
3 777 42.360186 -71.104016 0.007925970530 0.003610 53.54
3 778 42.360194 -71.104008 0.007936182256 0.003610 53.54
3 779 42.360201 -71.104001 0.007946393981 0.003610 53.54
4 752 42.360006 -71.104196 0.007670673236 0.003610 53.54
4 753 42.360013 -71.104189 0.007680885266 0.003610 53.54
4 754 42.360020 -71.104182 0.007691097295 0.003610 53.54
4 755 42.360028 -71.104174 0.007701309324 0.003610 53.54
4 756 42.360035 -71.104167 0.007711521301 0.003610 53.54
4 757 42.360042 -71.104160 0.007721733278 0.003610 53.54
4 758 42.360049 -71.104153 0.007731945255 0.003610 53.54
4 759 42.360056 -71.104146 0.007742157231 0.003610 53.54
4 760 42.360064 -71.104138 0.007752369208 0.003610 53.54
4 761 42.360071 -71.104131 0.007762581128 0.003610 53.54
4 762 42.360078 -71.104124 0.007772793048 0.003610 53.54
4 763 42.360085 -71.104117 0.007783004969 0.003610 53.54
4 764 42.360093 -71.104109 0.007793216889 0.003610 53.54
4 765 42.360100 -71.104102 0.007803428809 0.003610 53.54
4 766 42.360107 -71.104095 0.007813640668 0.003610 53.54
4 767 42.360114 -71.104088 0.007823852528 0.003610 53.54
4 768 42.360121 -71.104081 0.007834064387 0.003610 53.54
4 769 42.360129 -71.104073 0.007844276246 0.003610 53.54
4 770 42.360136 -71.104066 0.007854488106 0.003610 53.54
4 771 42.360143 -71.104059 0.007864699900 0.003610 53.54
4 772 42.360150 -71.104052 0.007874911695 0.003610 53.54
4 773 42.360158 -71.104044 0.007885123490 0.003610 53.54
4 774 42.360165 -71.104037 0.007895335284 0.003610 53.54
4 775 42.360172 -71.104030 0.007905547079 0.003610 53.54
4 776 42.360179 -71.104023 0.007915758804 0.003610 53.54
4 777 42.360186 -71.104016 0.007925970530 0.003610 53.54
4 778 42.360194 -71.104008 0.007936182256 0.003610 53.54
4 779 42.360201 -71.104001 0.007946393981 0.003610 53.54
