1 918 42.361204 -71.102998 0.009365608022 0.003609 53.54
1 919 42.361212 -71.102990 0.009375816155 0.003609 53.54
1 920 42.361219 -71.102983 0.009386024289 0.003609 53.54
1 921 42.361226 -71.102976 0.009396232235 0.003609 53.54
1 922 42.361233 -71.102969 0.009406440181 0.003609 53.54
1 923 42.361241 -71.102961 0.009416648127 0.003609 53.54
1 924 42.361248 -71.102954 0.009426856073 0.003609 53.54
1 925 42.361255 -71.102947 0.009437064019 0.003609 53.54
1 926 42.361262 -71.102940 0.009447271774 0.003609 53.54
1 927 42.361269 -71.102933 0.009457479528 0.003609 53.54
1 928 42.361277 -71.102925 0.009467687282 0.003609 53.54
1 929 42.361284 -71.102918 0.009477895036 0.003609 53.54
1 930 42.361291 -71.102911 0.009488102791 0.003609 53.54
1 931 42.361298 -71.102904 0.009498310349 0.003609 53.54
1 932 42.361306 -71.102896 0.009508517908 0.003609 53.54
1 933 42.361313 -71.102889 0.009518725466 0.003609 53.54
1 934 42.361320 -71.102882 0.009528933025 0.003609 53.54
1 935 42.361327 -71.102875 0.009539140583 0.003609 53.54
1 936 42.361334 -71.102868 0.009549347942 0.003609 53.54
1 937 42.361342 -71.102860 0.009559555300 0.003609 53.54
1 938 42.361349 -71.102853 0.009569762659 0.003609 53.54
1 939 42.361356 -71.102846 0.009579970017 0.003609 53.54
1 940 42.361363 -71.102839 0.009590177376 0.003609 53.54
1 941 42.361370 -71.102832 0.009600384530 0.003609 53.54
1 942 42.361378 -71.102824 0.009610591684 0.003609 53.54
1 943 42.361385 -71.102817 0.009620798839 0.003609 53.54
1 944 42.361392 -71.102810 0.009631005993 0.003609 53.54
1 945 42.361399 -71.102803 0.009641213148 0.003609 53.54
1 946 42.361407 -71.102795 0.009651420094 0.003609 53.54
1 947 42.361414 -71.102788 0.009661627040 0.003609 53.54
1 948 42.361421 -71.102781 0.009671833987 0.003609 53.54
1 949 42.361428 -71.102774 0.009682040933 0.003609 53.54
1 950 42.361435 -71.102767 0.009692247879 0.003609 53.54
1 951 42.361443 -71.102759 0.009702454613 0.003609 53.54
1 952 42.361450 -71.102752 0.009712661347 0.003609 53.54
1 953 42.361457 -71.102745 0.009722868081 0.003609 53.54
1 954 42.361464 -71.102738 0.009733074816 0.003609 53.54
1 955 42.361472 -71.102730 0.009743281550 0.003609 53.54
1 956 42.361479 -71.102723 0.009753488067 0.003609 53.54
1 957 42.361486 -71.102716 0.009763694585 0.003609 53.54
1 958 42.361493 -71.102709 0.009773901103 0.003609 53.54
1 959 42.361500 -71.102702 0.009784107620 0.003609 53.54
1 960 42.361508 -71.102694 0.009794314138 0.003608 53.54
1 961 42.361515 -71.102687 0.009804520436 0.003608 53.54
1 962 42.361522 -71.102680 0.009814726733 0.003608 53.54
1 963 42.361529 -71.102673 0.009824933030 0.003608 53.54
1 964 42.361536 -71.102666 0.009835139327 0.003608 53.54
1 965 42.361544 -71.102658 0.009845345625 0.003608 53.54
1 966 42.361551 -71.102651 0.009855551697 0.003608 53.54
1 967 42.361558 -71.102644 0.009865757770 0.003608 53.54
1 968 42.361565 -71.102637 0.009875963843 0.003608 53.54
1 969 42.361573 -71.102629 0.009886169916 0.003608 53.54
1 970 42.361580 -71.102622 0.009896375988 0.003608 53.54
1 971 42.361587 -71.102615 0.009906581833 0.003608 53.54
1 972 42.361594 -71.102608 0.009916787677 0.003608 53.54
1 973 42.361601 -71.102601 0.009926993521 0.003608 53.54
1 974 42.361609 -71.102593 0.009937199365 0.003608 53.54
1 975 42.361616 -71.102586 0.009947405209 0.003608 53.54
1 976 42.361623 -71.102579 0.009957610821 0.003608 53.54
1 977 42.361630 -71.102572 0.009967816432 0.003608 53.54
1 978 42.361637 -71.102565 0.009978022043 0.003608 53.54
1 979 42.361645 -71.102557 0.009988227655 0.003608 53.54
1 980 42.361652 -71.102550 0.009998433266 0.003608 53.54
1 981 42.361659 -71.102543 0.010008638641 0.003608 53.54
1 982 42.361666 -71.102536 0.010018844015 0.003608 53.54
1 983 42.361674 -71.102528 0.010029049390 0.003608 53.54
1 984 42.361681 -71.102521 0.010039254765 0.003608 53.54
1 985 42.361688 -71.102514 0.010049460139 0.003608 53.54
1 986 42.361695 -71.102507 0.010059665273 0.003608 53.54
1 987 42.361702 -71.102500 0.010069870406 0.003608 53.54
1 988 42.361710 -71.102492 0.010080075540 0.003608 53.54
1 989 42.361717 -71.102485 0.010090280674 0.003608 53.54
1 990 42.361724 -71.102478 0.010100485807 0.003608 53.54
1 991 42.361731 -71.102471 0.010110690696 0.003608 53.54
1 992 42.361739 -71.102463 0.010120895585 0.003608 53.54
1 993 42.361746 -71.102456 0.010131100473 0.003608 53.54
1 994 42.361753 -71.102449 0.010141305362 0.003608 53.54
1 995 42.361760 -71.102442 0.010151510251 0.003608 53.54
1 996 42.361767 -71.102435 0.010161714890 0.003608 53.54
1 997 42.361775 -71.102427 0.010171919530 0.003608 53.54
1 998 42.361782 -71.102420 0.010182124169 0.003608 53.54
1 999 42.361789 -71.102413 0.010192328809 0.003608 53.54
1 1000 42.361796 -71.102406 0.010202533448 0.003608 53.54
1 1001 42.361803 -71.102399 0.010212737835 0.003608 53.54
1 1002 42.361811 -71.102391 0.010222942221 0.003608 53.54
1 1003 42.361818 -71.102384 0.010233146607 0.003608 53.54
1 1004 42.361825 -71.102377 0.010243350994 0.003608 53.54
1 1005 42.361832 -71.102370 0.010253555380 0.003608 53.54
1 1006 42.361840 -71.102362 0.010263759509 0.003608 53.54
1 1007 42.361847 -71.102355 0.010273963638 0.003608 53.54
1 1008 42.361854 -71.102348 0.010284167767 0.003608 53.54
1 1009 42.361861 -71.102341 0.010294371896 0.003608 53.54
1 1010 42.361868 -71.102334 0.010304576025 0.003608 53.54
1 1011 42.361876 -71.102326 0.010314779892 0.003608 53.54
1 1012 42.361883 -71.102319 0.010324983760 0.003608 53.54
1 1013 42.361890 -71.102312 0.010335187628 0.003608 53.54
1 1014 42.361897 -71.102305 0.010345391495 0.003608 53.54
1 1015 42.361904 -71.102298 0.010355595363 0.003608 53.54
1 1016 42.361912 -71.102290 0.010365798965 0.003608 53.54
1 1017 42.361919 -71.102283 0.010376002567 0.003608 53.54
1 1018 42.361926 -71.102276 0.010386206169 0.003608 53.54
1 1019 42.361933 -71.102269 0.010396409771 0.003608 53.54
1 1020 42.361941 -71.102261 0.010406613373 0.003607 53.54
1 1021 42.361948 -71.102254 0.010416816706 0.003607 53.54
1 1022 42.361955 -71.102247 0.010427020038 0.003607 53.54
1 1023 42.361962 -71.102240 0.010437223371 0.003607 53.54
1 1024 42.361969 -71.102233 0.010447426703 0.003607 53.54
1 1025 42.361977 -71.102225 0.010457630036 0.003607 53.54
1 1026 42.361984 -71.102218 0.010467833094 0.003607 53.54
1 1027 42.361991 -71.102211 0.010478036153 0.003607 53.54
1 1028 42.361998 -71.102204 0.010488239212 0.003607 53.54
2 918 42.361204 -71.102998 0.009365608022 0.003609 53.54
2 919 42.361212 -71.102990 0.009375816155 0.003609 53.54
2 920 42.361219 -71.102983 0.009386024289 0.003609 53.54
2 921 42.361226 -71.102976 0.009396232235 0.003609 53.54
2 922 42.361233 -71.102969 0.009406440181 0.003609 53.54
2 923 42.361241 -71.102961 0.009416648127 0.003609 53.54
2 924 42.361248 -71.102954 0.009426856073 0.003609 53.54
2 925 42.361255 -71.102947 0.009437064019 0.003609 53.54
2 926 42.361262 -71.102940 0.009447271774 0.003609 53.54
2 927 42.361269 -71.102933 0.009457479528 0.003609 53.54
2 928 42.361277 -71.102925 0.009467687282 0.003609 53.54
2 929 42.361284 -71.102918 0.009477895036 0.003609 53.54
2 930 42.361291 -71.102911 0.009488102791 0.003609 53.54
2 931 42.361298 -71.102904 0.009498310349 0.003609 53.54
2 932 42.361306 -71.102896 0.009508517908 0.003609 53.54
2 933 42.361313 -71.102889 0.009518725466 0.003609 53.54
2 934 42.361320 -71.102882 0.009528933025 0.003609 53.54
2 935 42.361327 -71.102875 0.009539140583 0.003609 53.54
2 936 42.361334 -71.102868 0.009549347942 0.003609 53.54
2 937 42.361342 -71.102860 0.009559555300 0.003609 53.54
2 938 42.361349 -71.102853 0.009569762659 0.003609 53.54
2 939 42.361356 -71.102846 0.009579970017 0.003609 53.54
2 940 42.361363 -71.102839 0.009590177376 0.003609 53.54
2 941 42.361370 -71.102832 0.009600384530 0.003609 53.54
2 942 42.361378 -71.102824 0.009610591684 0.003609 53.54
2 943 42.361385 -71.102817 0.009620798839 0.003609 53.54
2 944 42.361392 -71.102810 0.009631005993 0.003609 53.54
2 945 42.361399 -71.102803 0.009641213148 0.003609 53.54
2 946 42.361407 -71.102795 0.009651420094 0.003609 53.54
2 947 42.361414 -71.102788 0.009661627040 0.003609 53.54
2 948 42.361421 -71.102781 0.009671833987 0.003609 53.54
2 949 42.361428 -71.102774 0.009682040933 0.003609 53.54
2 950 42.361435 -71.102767 0.009692247879 0.003609 53.54
2 951 42.361443 -71.102759 0.009702454613 0.003609 53.54
2 952 42.361450 -71.102752 0.009712661347 0.003609 53.54
2 953 42.361457 -71.102745 0.009722868081 0.003609 53.54
2 954 42.361464 -71.102738 0.009733074816 0.003609 53.54
2 955 42.361472 -71.102730 0.009743281550 0.003609 53.54
2 956 42.361479 -71.102723 0.009753488067 0.003609 53.54
2 957 42.361486 -71.102716 0.009763694585 0.003609 53.54
2 958 42.361493 -71.102709 0.009773901103 0.003609 53.54
2 959 42.361500 -71.102702 0.009784107620 0.003609 53.54
2 960 42.361508 -71.102694 0.009794314138 0.003608 53.54
2 961 42.361515 -71.102687 0.009804520436 0.003608 53.54
2 962 42.361522 -71.102680 0.009814726733 0.003608 53.54
2 963 42.361529 -71.102673 0.009824933030 0.003608 53.54
2 964 42.361536 -71.102666 0.009835139327 0.003608 53.54
2 965 42.361544 -71.102658 0.009845345625 0.003608 53.54
2 966 42.361551 -71.102651 0.009855551697 0.003608 53.54
2 967 42.361558 -71.102644 0.009865757770 0.003608 53.54
2 968 42.361565 -71.102637 0.009875963843 0.003608 53.54
2 969 42.361573 -71.102629 0.009886169916 0.003608 53.54
2 970 42.361580 -71.102622 0.009896375988 0.003608 53.54
2 971 42.361587 -71.102615 0.009906581833 0.003608 53.54
2 972 42.361594 -71.102608 0.009916787677 0.003608 53.54
2 973 42.361601 -71.102601 0.009926993521 0.003608 53.54
2 974 42.361609 -71.102593 0.009937199365 0.003608 53.54
2 975 42.361616 -71.102586 0.009947405209 0.003608 53.54
2 976 42.361623 -71.102579 0.009957610821 0.003608 53.54
2 977 42.361630 -71.102572 0.009967816432 0.003608 53.54
2 978 42.361637 -71.102565 0.009978022043 0.003608 53.54
2 979 42.361645 -71.102557 0.009988227655 0.003608 53.54
2 980 42.361652 -71.102550 0.009998433266 0.003608 53.54
2 981 42.361659 -71.102543 0.010008638641 0.003608 53.54
2 982 42.361666 -71.102536 0.010018844015 0.003608 53.54
2 983 42.361674 -71.102528 0.010029049390 0.003608 53.54
2 984 42.361681 -71.102521 0.010039254765 0.003608 53.54
2 985 42.361688 -71.102514 0.010049460139 0.003608 53.54
2 986 42.361695 -71.102507 0.010059665273 0.003608 53.54
2 987 42.361702 -71.102500 0.010069870406 0.003608 53.54
2 988 42.361710 -71.102492 0.010080075540 0.003608 53.54
2 989 42.361717 -71.102485 0.010090280674 0.003608 53.54
2 990 42.361724 -71.102478 0.010100485807 0.003608 53.54
2 991 42.361731 -71.102471 0.010110690696 0.003608 53.54
2 992 42.361739 -71.102463 0.010120895585 0.003608 53.54
2 993 42.361746 -71.102456 0.010131100473 0.003608 53.54
2 994 42.361753 -71.102449 0.010141305362 0.003608 53.54
2 995 42.361760 -71.102442 0.010151510251 0.003608 53.54
2 996 42.361767 -71.102435 0.010161714890 0.003608 53.54
2 997 42.361775 -71.102427 0.010171919530 0.003608 53.54
2 998 42.361782 -71.102420 0.010182124169 0.003608 53.54
2 999 42.361789 -71.102413 0.010192328809 0.003608 53.54
2 1000 42.361796 -71.102406 0.010202533448 0.003608 53.54
2 1001 42.361803 -71.102399 0.010212737835 0.003608 53.54
2 1002 42.361811 -71.102391 0.010222942221 0.003608 53.54
2 1003 42.361818 -71.102384 0.010233146607 0.003608 53.54
2 1004 42.361825 -71.102377 0.010243350994 0.003608 53.54
2 1005 42.361832 -71.102370 0.010253555380 0.003608 53.54
2 1006 42.361840 -71.102362 0.010263759509 0.003608 53.54
2 1007 42.361847 -71.102355 0.010273963638 0.003608 53.54
2 1008 42.361854 -71.102348 0.010284167767 0.003608 53.54
2 1009 42.361861 -71.102341 0.010294371896 0.003608 53.54
2 1010 42.361868 -71.102334 0.010304576025 0.003608 53.54
2 1011 42.361876 -71.102326 0.010314779892 0.003608 53.54
2 1012 42.361883 -71.102319 0.010324983760 0.003608 53.54
2 1013 42.361890 -71.102312 0.010335187628 0.003608 53.54
2 1014 42.361897 -71.102305 0.010345391495 0.003608 53.54
2 1015 42.361904 -71.102298 0.010355595363 0.003608 53.54
2 1016 42.361912 -71.102290 0.010365798965 0.003608 53.54
2 1017 42.361919 -71.102283 0.010376002567 0.003608 53.54
2 1018 42.361926 -71.102276 0.010386206169 0.003608 53.54
2 1019 42.361933 -71.102269 0.010396409771 0.003608 53.54
2 1020 42.361941 -71.102261 0.010406613373 0.003607 53.54
2 1021 42.361948 -71.102254 0.010416816706 0.003607 53.54
2 1022 42.361955 -71.102247 0.010427020038 0.003607 53.54
2 1023 42.361962 -71.102240 0.010437223371 0.003607 53.54
2 1024 42.361969 -71.102233 0.010447426703 0.003607 53.54
2 1025 42.361977 -71.102225 0.010457630036 0.003607 53.54
2 1026 42.361984 -71.102218 0.010467833094 0.003607 53.54
2 1027 42.361991 -71.102211 0.010478036153 0.003607 53.54
2 1028 42.361998 -71.102204 0.010488239212 0.003607 53.54
3 918 42.361204 -71.102998 0.009365608022 0.003609 53.54
3 919 42.361212 -71.102990 0.009375816155 0.003609 53.54
3 920 42.361219 -71.102983 0.009386024289 0.003609 53.54
3 921 42.361226 -71.102976 0.009396232235 0.003609 53.54
3 922 42.361233 -71.102969 0.009406440181 0.003609 53.54
3 923 42.361241 -71.102961 0.009416648127 0.003609 53.54
3 924 42.361248 -71.102954 0.009426856073 0.003609 53.54
3 925 42.361255 -71.102947 0.009437064019 0.003609 53.54
3 926 42.361262 -71.102940 0.009447271774 0.003609 53.54
3 927 42.361269 -71.102933 0.009457479528 0.003609 53.54
3 928 42.361277 -71.102925 0.009467687282 0.003609 53.54
3 929 42.361284 -71.102918 0.009477895036 0.003609 53.54
3 930 42.361291 -71.102911 0.009488102791 0.003609 53.54
3 931 42.361298 -71.102904 0.009498310349 0.003609 53.54
3 932 42.361306 -71.102896 0.009508517908 0.003609 53.54
3 933 42.361313 -71.102889 0.009518725466 0.003609 53.54
3 934 42.361320 -71.102882 0.009528933025 0.003609 53.54
3 935 42.361327 -71.102875 0.009539140583 0.003609 53.54
3 936 42.361334 -71.102868 0.009549347942 0.003609 53.54
3 937 42.361342 -71.102860 0.009559555300 0.003609 53.54
3 938 42.361349 -71.102853 0.009569762659 0.003609 53.54
3 939 42.361356 -71.102846 0.009579970017 0.003609 53.54
3 940 42.361363 -71.102839 0.009590177376 0.003609 53.54
3 941 42.361370 -71.102832 0.009600384530 0.003609 53.54
3 942 42.361378 -71.102824 0.009610591684 0.003609 53.54
3 943 42.361385 -71.102817 0.009620798839 0.003609 53.54
3 944 42.361392 -71.102810 0.009631005993 0.003609 53.54
3 945 42.361399 -71.102803 0.009641213148 0.003609 53.54
3 946 42.361407 -71.102795 0.009651420094 0.003609 53.54
3 947 42.361414 -71.102788 0.009661627040 0.003609 53.54
3 948 42.361421 -71.102781 0.009671833987 0.003609 53.54
3 949 42.361428 -71.102774 0.009682040933 0.003609 53.54
3 950 42.361435 -71.102767 0.009692247879 0.003609 53.54
3 951 42.361443 -71.102759 0.009702454613 0.003609 53.54
3 952 42.361450 -71.102752 0.009712661347 0.003609 53.54
3 953 42.361457 -71.102745 0.009722868081 0.003609 53.54
3 954 42.361464 -71.102738 0.009733074816 0.003609 53.54
3 955 42.361472 -71.102730 0.009743281550 0.003609 53.54
3 956 42.361479 -71.102723 0.009753488067 0.003609 53.54
3 957 42.361486 -71.102716 0.009763694585 0.003609 53.54
3 958 42.361493 -71.102709 0.009773901103 0.003609 53.54
3 959 42.361500 -71.102702 0.009784107620 0.003609 53.54
3 960 42.361508 -71.102694 0.009794314138 0.003608 53.54
3 961 42.361515 -71.102687 0.009804520436 0.003608 53.54
3 962 42.361522 -71.102680 0.009814726733 0.003608 53.54
3 963 42.361529 -71.102673 0.009824933030 0.003608 53.54
3 964 42.361536 -71.102666 0.009835139327 0.003608 53.54
3 965 42.361544 -71.102658 0.009845345625 0.003608 53.54
3 966 42.361551 -71.102651 0.009855551697 0.003608 53.54
3 967 42.361558 -71.102644 0.009865757770 0.003608 53.54
3 968 42.361565 -71.102637 0.009875963843 0.003608 53.54
3 969 42.361573 -71.102629 0.009886169916 0.003608 53.54
3 970 42.361580 -71.102622 0.009896375988 0.003608 53.54
3 971 42.361587 -71.102615 0.009906581833 0.003608 53.54
3 972 42.361594 -71.102608 0.009916787677 0.003608 53.54
3 973 42.361601 -71.102601 0.009926993521 0.003608 53.54
3 974 42.361609 -71.102593 0.009937199365 0.003608 53.54
3 975 42.361616 -71.102586 0.009947405209 0.003608 53.54
3 976 42.361623 -71.102579 0.009957610821 0.003608 53.54
3 977 42.361630 -71.102572 0.009967816432 0.003608 53.54
3 978 42.361637 -71.102565 0.009978022043 0.003608 53.54
3 979 42.361645 -71.102557 0.009988227655 0.003608 53.54
3 980 42.361652 -71.102550 0.009998433266 0.003608 53.54
3 981 42.361659 -71.102543 0.010008638641 0.003608 53.54
3 982 42.361666 -71.102536 0.010018844015 0.003608 53.54
3 983 42.361674 -71.102528 0.010029049390 0.003608 53.54
3 984 42.361681 -71.102521 0.010039254765 0.003608 53.54
3 985 42.361688 -71.102514 0.010049460139 0.003608 53.54
3 986 42.361695 -71.102507 0.010059665273 0.003608 53.54
3 987 42.361702 -71.102500 0.010069870406 0.003608 53.54
3 988 42.361710 -71.102492 0.010080075540 0.003608 53.54
3 989 42.361717 -71.102485 0.010090280674 0.003608 53.54
3 990 42.361724 -71.102478 0.010100485807 0.003608 53.54
3 991 42.361731 -71.102471 0.010110690696 0.003608 53.54
3 992 42.361739 -71.102463 0.010120895585 0.003608 53.54
3 993 42.361746 -71.102456 0.010131100473 0.003608 53.54
3 994 42.361753 -71.102449 0.010141305362 0.003608 53.54
3 995 42.361760 -71.102442 0.010151510251 0.003608 53.54
3 996 42.361767 -71.102435 0.010161714890 0.003608 53.54
3 997 42.361775 -71.102427 0.010171919530 0.003608 53.54
3 998 42.361782 -71.102420 0.010182124169 0.003608 53.54
3 999 42.361789 -71.102413 0.010192328809 0.003608 53.54
3 1000 42.361796 -71.102406 0.010202533448 0.003608 53.54
3 1001 42.361803 -71.102399 0.010212737835 0.003608 53.54
3 1002 42.361811 -71.102391 0.010222942221 0.003608 53.54
3 1003 42.361818 -71.102384 0.010233146607 0.003608 53.54
3 1004 42.361825 -71.102377 0.010243350994 0.003608 53.54
3 1005 42.361832 -71.102370 0.010253555380 0.003608 53.54
3 1006 42.361840 -71.102362 0.010263759509 0.003608 53.54
3 1007 42.361847 -71.102355 0.010273963638 0.003608 53.54
3 1008 42.361854 -71.102348 0.010284167767 0.003608 53.54
3 1009 42.361861 -71.102341 0.010294371896 0.003608 53.54
3 1010 42.361868 -71.102334 0.010304576025 0.003608 53.54
3 1011 42.361876 -71.102326 0.010314779892 0.003608 53.54
3 1012 42.361883 -71.102319 0.010324983760 0.003608 53.54
3 1013 42.361890 -71.102312 0.010335187628 0.003608 53.54
3 1014 42.361897 -71.102305 0.010345391495 0.003608 53.54
3 1015 42.361904 -71.102298 0.010355595363 0.003608 53.54
3 1016 42.361912 -71.102290 0.010365798965 0.003608 53.54
3 1017 42.361919 -71.102283 0.010376002567 0.003608 53.54
3 1018 42.361926 -71.102276 0.010386206169 0.003608 53.54
3 1019 42.361933 -71.102269 0.010396409771 0.003608 53.54
3 1020 42.361941 -71.102261 0.010406613373 0.003607 53.54
3 1021 42.361948 -71.102254 0.010416816706 0.003607 53.54
3 1022 42.361955 -71.102247 0.010427020038 0.003607 53.54
3 1023 42.361962 -71.102240 0.010437223371 0.003607 53.54
3 1024 42.361969 -71.102233 0.010447426703 0.003607 53.54
3 1025 42.361977 -71.102225 0.010457630036 0.003607 53.54
3 1026 42.361984 -71.102218 0.010467833094 0.003607 53.54
3 1027 42.361991 -71.102211 0.010478036153 0.003607 53.54
3 1028 42.361998 -71.102204 0.010488239212 0.003607 53.54
4 918 42.361204 -71.102998 0.009365608022 0.003609 53.54
4 919 42.361212 -71.102990 0.009375816155 0.003609 53.54
4 920 42.361219 -71.102983 0.009386024289 0.003609 53.54
4 921 42.361226 -71.102976 0.009396232235 0.003609 53.54
4 922 42.361233 -71.102969 0.009406440181 0.003609 53.54
4 923 42.361241 -71.102961 0.009416648127 0.003609 53.54
4 924 42.361248 -71.102954 0.009426856073 0.003609 53.54
4 925 42.361255 -71.102947 0.009437064019 0.003609 53.54
4 926 42.361262 -71.102940 0.009447271774 0.003609 53.54
4 927 42.361269 -71.102933 0.009457479528 0.003609 53.54
4 928 42.361277 -71.102925 0.009467687282 0.003609 53.54
4 929 42.361284 -71.102918 0.009477895036 0.003609 53.54
4 930 42.361291 -71.102911 0.009488102791 0.003609 53.54
4 931 42.361298 -71.102904 0.009498310349 0.003609 53.54
4 932 42.361306 -71.102896 0.009508517908 0.003609 53.54
4 933 42.361313 -71.102889 0.009518725466 0.003609 53.54
4 934 42.361320 -71.102882 0.009528933025 0.003609 53.54
4 935 42.361327 -71.102875 0.009539140583 0.003609 53.54
4 936 42.361334 -71.102868 0.009549347942 0.003609 53.54
4 937 42.361342 -71.102860 0.009559555300 0.003609 53.54
4 938 42.361349 -71.102853 0.009569762659 0.003609 53.54
4 939 42.361356 -71.102846 0.009579970017 0.003609 53.54
4 940 42.361363 -71.102839 0.009590177376 0.003609 53.54
4 941 42.361370 -71.102832 0.009600384530 0.003609 53.54
4 942 42.361378 -71.102824 0.009610591684 0.003609 53.54
4 943 42.361385 -71.102817 0.009620798839 0.003609 53.54
4 944 42.361392 -71.102810 0.009631005993 0.003609 53.54
4 945 42.361399 -71.102803 0.009641213148 0.003609 53.54
4 946 42.361407 -71.102795 0.009651420094 0.003609 53.54
4 947 42.361414 -71.102788 0.009661627040 0.003609 53.54
4 948 42.361421 -71.102781 0.009671833987 0.003609 53.54
4 949 42.361428 -71.102774 0.009682040933 0.003609 53.54
4 950 42.361435 -71.102767 0.009692247879 0.003609 53.54
4 951 42.361443 -71.102759 0.009702454613 0.003609 53.54
4 952 42.361450 -71.102752 0.009712661347 0.003609 53.54
4 953 42.361457 -71.102745 0.009722868081 0.003609 53.54
4 954 42.361464 -71.102738 0.009733074816 0.003609 53.54
4 955 42.361472 -71.102730 0.009743281550 0.003609 53.54
4 956 42.361479 -71.102723 0.009753488067 0.003609 53.54
4 957 42.361486 -71.102716 0.009763694585 0.003609 53.54
4 958 42.361493 -71.102709 0.009773901103 0.003609 53.54
4 959 42.361500 -71.102702 0.009784107620 0.003609 53.54
4 960 42.361508 -71.102694 0.009794314138 0.003608 53.54
4 961 42.361515 -71.102687 0.009804520436 0.003608 53.54
4 962 42.361522 -71.102680 0.009814726733 0.003608 53.54
4 963 42.361529 -71.102673 0.009824933030 0.003608 53.54
4 964 42.361536 -71.102666 0.009835139327 0.003608 53.54
4 965 42.361544 -71.102658 0.009845345625 0.003608 53.54
4 966 42.361551 -71.102651 0.009855551697 0.003608 53.54
4 967 42.361558 -71.102644 0.009865757770 0.003608 53.54
4 968 42.361565 -71.102637 0.009875963843 0.003608 53.54
4 969 42.361573 -71.102629 0.009886169916 0.003608 53.54
4 970 42.361580 -71.102622 0.009896375988 0.003608 53.54
4 971 42.361587 -71.102615 0.009906581833 0.003608 53.54
4 972 42.361594 -71.102608 0.009916787677 0.003608 53.54
4 973 42.361601 -71.102601 0.009926993521 0.003608 53.54
4 974 42.361609 -71.102593 0.009937199365 0.003608 53.54
4 975 42.361616 -71.102586 0.009947405209 0.003608 53.54
4 976 42.361623 -71.102579 0.009957610821 0.003608 53.54
4 977 42.361630 -71.102572 0.009967816432 0.003608 53.54
4 978 42.361637 -71.102565 0.009978022043 0.003608 53.54
4 979 42.361645 -71.102557 0.009988227655 0.003608 53.54
4 980 42.361652 -71.102550 0.009998433266 0.003608 53.54
4 981 42.361659 -71.102543 0.010008638641 0.003608 53.54
4 982 42.361666 -71.102536 0.010018844015 0.003608 53.54
4 983 42.361674 -71.102528 0.010029049390 0.003608 53.54
4 984 42.361681 -71.102521 0.010039254765 0.003608 53.54
4 985 42.361688 -71.102514 0.010049460139 0.003608 53.54
4 986 42.361695 -71.102507 0.010059665273 0.003608 53.54
4 987 42.361702 -71.102500 0.010069870406 0.003608 53.54
4 988 42.361710 -71.102492 0.010080075540 0.003608 53.54
4 989 42.361717 -71.102485 0.010090280674 0.003608 53.54
4 990 42.361724 -71.102478 0.010100485807 0.003608 53.54
4 991 42.361731 -71.102471 0.010110690696 0.003608 53.54
4 992 42.361739 -71.102463 0.010120895585 0.003608 53.54
4 993 42.361746 -71.102456 0.010131100473 0.003608 53.54
4 994 42.361753 -71.102449 0.010141305362 0.003608 53.54
4 995 42.361760 -71.102442 0.010151510251 0.003608 53.54
4 996 42.361767 -71.102435 0.010161714890 0.003608 53.54
4 997 42.361775 -71.102427 0.010171919530 0.003608 53.54
4 998 42.361782 -71.102420 0.010182124169 0.003608 53.54
4 999 42.361789 -71.102413 0.010192328809 0.003608 53.54
4 1000 42.361796 -71.102406 0.010202533448 0.003608 53.54
4 1001 42.361803 -71.102399 0.010212737835 0.003608 53.54
4 1002 42.361811 -71.102391 0.010222942221 0.003608 53.54
4 1003 42.361818 -71.102384 0.010233146607 0.003608 53.54
4 1004 42.361825 -71.102377 0.010243350994 0.003608 53.54
4 1005 42.361832 -71.102370 0.010253555380 0.003608 53.54
4 1006 42.361840 -71.102362 0.010263759509 0.003608 53.54
4 1007 42.361847 -71.102355 0.010273963638 0.003608 53.54
4 1008 42.361854 -71.102348 0.010284167767 0.003608 53.54
4 1009 42.361861 -71.102341 0.010294371896 0.003608 53.54
4 1010 42.361868 -71.102334 0.010304576025 0.003608 53.54
4 1011 42.361876 -71.102326 0.010314779892 0.003608 53.54
4 1012 42.361883 -71.102319 0.010324983760 0.003608 53.54
4 1013 42.361890 -71.102312 0.010335187628 0.003608 53.54
4 1014 42.361897 -71.102305 0.010345391495 0.003608 53.54
4 1015 42.361904 -71.102298 0.010355595363 0.003608 53.54
4 1016 42.361912 -71.102290 0.010365798965 0.003608 53.54
4 1017 42.361919 -71.102283 0.010376002567 0.003608 53.54
4 1018 42.361926 -71.102276 0.010386206169 0.003608 53.54
4 1019 42.361933 -71.102269 0.010396409771 0.003608 53.54
4 1020 42.361941 -71.102261 0.010406613373 0.003607 53.54
4 1021 42.361948 -71.102254 0.010416816706 0.003607 53.54
4 1022 42.361955 -71.102247 0.010427020038 0.003607 53.54
4 1023 42.361962 -71.102240 0.010437223371 0.003607 53.54
4 1024 42.361969 -71.102233 0.010447426703 0.003607 53.54
4 1025 42.361977 -71.102225 0.010457630036 0.003607 53.54
4 1026 42.361984 -71.102218 0.010467833094 0.003607 53.54
4 1027 42.361991 -71.102211 0.010478036153 0.003607 53.54
4 1028 42.361998 -71.102204 0.010488239212 0.003607 53.54
