1 1334 42.364204 -71.099998 0.013606997351 0.003599 53.54
1 1335 42.364211 -71.099991 0.013617175956 0.003598 53.54
1 1336 42.364218 -71.099984 0.013627354032 0.003598 53.54
1 1337 42.364225 -71.099977 0.013637532108 0.003598 53.54
1 1338 42.364232 -71.099970 0.013647710185 0.003598 53.54
1 1339 42.364240 -71.099962 0.013657888261 0.003598 53.54
1 1340 42.364247 -71.099955 0.013668066337 0.003598 53.54
1 1341 42.364254 -71.099948 0.013678243881 0.003598 53.54
1 1342 42.364261 -71.099941 0.013688421425 0.003598 53.54
1 1343 42.364268 -71.099934 0.013698598969 0.003598 53.54
1 1344 42.364276 -71.099926 0.013708776513 0.003598 53.54
1 1345 42.364283 -71.099919 0.013718954057 0.003598 53.54
1 1346 42.364290 -71.099912 0.013729131064 0.003598 53.54
1 1347 42.364297 -71.099905 0.013739308072 0.003598 53.54
1 1348 42.364304 -71.099898 0.013749485079 0.003598 53.54
1 1349 42.364312 -71.099890 0.013759662087 0.003598 53.54
1 1350 42.364319 -71.099883 0.013769839094 0.003598 53.54
1 1351 42.364326 -71.099876 0.013780015561 0.003598 53.54
1 1352 42.364333 -71.099869 0.013790192028 0.003598 53.54
1 1353 42.364340 -71.099862 0.013800368495 0.003598 53.54
1 1354 42.364347 -71.099855 0.013810544962 0.003598 53.54
1 1355 42.364355 -71.099847 0.013820721429 0.003598 53.54
1 1356 42.364362 -71.099840 0.013830897351 0.003598 53.54
1 1357 42.364369 -71.099833 0.013841073274 0.003598 53.54
1 1358 42.364376 -71.099826 0.013851249196 0.003598 53.54
1 1359 42.364383 -71.099819 0.013861425118 0.003598 53.54
1 1360 42.364391 -71.099811 0.013871601041 0.003598 53.54
1 1361 42.364398 -71.099804 0.013881776414 0.003598 53.54
1 1362 42.364405 -71.099797 0.013891951788 0.003598 53.54
1 1363 42.364412 -71.099790 0.013902127161 0.003598 53.54
1 1364 42.364419 -71.099783 0.013912302535 0.003598 53.54
1 1365 42.364427 -71.099775 0.013922477908 0.003597 53.54
1 1366 42.364434 -71.099768 0.013932652729 0.003597 53.54
1 1367 42.364441 -71.099761 0.013942827549 0.003597 53.54
1 1368 42.364448 -71.099754 0.013953002370 0.003597 53.54
1 1369 42.364455 -71.099747 0.013963177190 0.003597 53.54
1 1370 42.364463 -71.099739 0.013973352011 0.003597 53.54
1 1371 42.364470 -71.099732 0.013983526275 0.003597 53.54
1 1372 42.364477 -71.099725 0.013993700538 0.003597 53.54
1 1373 42.364484 -71.099718 0.014003874802 0.003597 53.54
1 1374 42.364491 -71.099711 0.014014049065 0.003597 53.54
1 1375 42.364499 -71.099703 0.014024223329 0.003597 53.54
1 1376 42.364506 -71.099696 0.014034397031 0.003597 53.54
1 1377 42.364513 -71.099689 0.014044570734 0.003597 53.54
1 1378 42.364520 -71.099682 0.014054744436 0.003597 53.54
1 1379 42.364527 -71.099675 0.014064918139 0.003597 53.54
1 1380 42.364535 -71.099667 0.014075091841 0.003597 53.54
1 1381 42.364542 -71.099660 0.014085265754 0.003597 53.54
1 1382 42.364549 -71.099653 0.014095439667 0.003597 53.54
1 1383 42.364556 -71.099646 0.014105613580 0.003597 53.54
1 1384 42.364563 -71.099639 0.014115787493 0.003597 53.54
1 1385 42.364571 -71.099631 0.014125961405 0.003597 53.54
1 1386 42.364578 -71.099624 0.014136135886 0.003597 53.54
1 1387 42.364585 -71.099617 0.014146310367 0.003597 53.54
1 1388 42.364592 -71.099610 0.014156484848 0.003597 53.54
1 1389 42.364599 -71.099603 0.014166659328 0.003597 53.54
1 1390 42.364607 -71.099595 0.014176833809 0.003597 53.54
1 1391 42.364614 -71.099588 0.014187008854 0.003597 53.54
1 1392 42.364621 -71.099581 0.014197183898 0.003597 53.54
1 1393 42.364628 -71.099574 0.014207358943 0.003597 53.54
1 1394 42.364635 -71.099567 0.014217533987 0.003597 53.54
1 1395 42.364642 -71.099560 0.014227709032 0.003598 53.54
1 1396 42.364650 -71.099552 0.014237884636 0.003598 53.54
1 1397 42.364657 -71.099545 0.014248060241 0.003598 53.54
1 1398 42.364664 -71.099538 0.014258235845 0.003598 53.54
1 1399 42.364671 -71.099531 0.014268411449 0.003598 53.54
1 1400 42.364678 -71.099524 0.014278587054 0.003598 53.54
1 1401 42.364686 -71.099516 0.014288763213 0.003598 53.54
1 1402 42.364693 -71.099509 0.014298939373 0.003598 53.54
1 1403 42.364700 -71.099502 0.014309115533 0.003598 53.54
1 1404 42.364707 -71.099495 0.014319291693 0.003598 53.54
1 1405 42.364714 -71.099488 0.014329467853 0.003598 53.54
1 1406 42.364722 -71.099480 0.014339644565 0.003598 53.54
1 1407 42.364729 -71.099473 0.014349821276 0.003598 53.54
1 1408 42.364736 -71.099466 0.014359997987 0.003598 53.54
1 1409 42.364743 -71.099459 0.014370174699 0.003598 53.54
1 1410 42.364750 -71.099452 0.014380351410 0.003598 53.54
1 1411 42.364758 -71.099444 0.014390528669 0.003598 53.54
1 1412 42.364765 -71.099437 0.014400705928 0.003598 53.54
1 1413 42.364772 -71.099430 0.014410883187 0.003598 53.54
1 1414 42.364779 -71.099423 0.014421060445 0.003598 53.54
1 1415 42.364786 -71.099416 0.014431237704 0.003598 53.54
1 1416 42.364794 -71.099408 0.014441415506 0.003598 53.54
1 1417 42.364801 -71.099401 0.014451593308 0.003598 53.54
1 1418 42.364808 -71.099394 0.014461771110 0.003598 53.54
1 1419 42.364815 -71.099387 0.014471948912 0.003598 53.54
1 1420 42.364822 -71.099380 0.014482126714 0.003599 53.54
1 1421 42.364830 -71.099372 0.014492305056 0.003599 53.54
1 1422 42.364837 -71.099365 0.014502483397 0.003599 53.54
1 1423 42.364844 -71.099358 0.014512661738 0.003599 53.54
1 1424 42.364851 -71.099351 0.014522840079 0.003599 53.54
1 1425 42.364858 -71.099344 0.014533018420 0.003599 53.54
1 1426 42.364866 -71.099336 0.014543197297 0.003599 53.54
1 1427 42.364873 -71.099329 0.014553376173 0.003599 53.54
1 1428 42.364880 -71.099322 0.014563555049 0.003599 53.54
1 1429 42.364887 -71.099315 0.014573733925 0.003599 53.54
1 1430 42.364894 -71.099308 0.014583912802 0.003599 53.54
1 1431 42.364902 -71.099300 0.014594092209 0.003599 53.54
1 1432 42.364909 -71.099293 0.014604271616 0.003599 53.54
1 1433 42.364916 -71.099286 0.014614451023 0.003599 53.54
1 1434 42.364923 -71.099279 0.014624630430 0.003599 53.54
1 1435 42.364930 -71.099272 0.014634809837 0.003599 53.54
1 1436 42.364938 -71.099264 0.014644989771 0.003599 53.54
1 1437 42.364945 -71.099257 0.014655169705 0.003599 53.54
1 1438 42.364952 -71.099250 0.014665349639 0.003599 53.54
1 1439 42.364959 -71.099243 0.014675529573 0.003599 53.54
1 1440 42.364966 -71.099236 0.014685709507 0.003599 53.54
1 1441 42.364974 -71.099228 0.014695889964 0.003599 53.54
1 1442 42.364981 -71.099221 0.014706070421 0.003599 53.54
1 1443 42.364988 -71.099214 0.014716250877 0.003599 53.54
1 1444 42.364995 -71.099207 0.014726431334 0.003599 53.54
2 1334 42.364204 -71.099998 0.013606997351 0.003599 53.54
2 1335 42.364211 -71.099991 0.013617175956 0.003598 53.54
2 1336 42.364218 -71.099984 0.013627354032 0.003598 53.54
2 1337 42.364225 -71.099977 0.013637532108 0.003598 53.54
2 1338 42.364232 -71.099970 0.013647710185 0.003598 53.54
2 1339 42.364240 -71.099962 0.013657888261 0.003598 53.54
2 1340 42.364247 -71.099955 0.013668066337 0.003598 53.54
2 1341 42.364254 -71.099948 0.013678243881 0.003598 53.54
2 1342 42.364261 -71.099941 0.013688421425 0.003598 53.54
2 1343 42.364268 -71.099934 0.013698598969 0.003598 53.54
2 1344 42.364276 -71.099926 0.013708776513 0.003598 53.54
2 1345 42.364283 -71.099919 0.013718954057 0.003598 53.54
2 1346 42.364290 -71.099912 0.013729131064 0.003598 53.54
2 1347 42.364297 -71.099905 0.013739308072 0.003598 53.54
2 1348 42.364304 -71.099898 0.013749485079 0.003598 53.54
2 1349 42.364312 -71.099890 0.013759662087 0.003598 53.54
2 1350 42.364319 -71.099883 0.013769839094 0.003598 53.54
2 1351 42.364326 -71.099876 0.013780015561 0.003598 53.54
2 1352 42.364333 -71.099869 0.013790192028 0.003598 53.54
2 1353 42.364340 -71.099862 0.013800368495 0.003598 53.54
2 1354 42.364347 -71.099855 0.013810544962 0.003598 53.54
2 1355 42.364355 -71.099847 0.013820721429 0.003598 53.54
2 1356 42.364362 -71.099840 0.013830897351 0.003598 53.54
2 1357 42.364369 -71.099833 0.013841073274 0.003598 53.54
2 1358 42.364376 -71.099826 0.013851249196 0.003598 53.54
2 1359 42.364383 -71.099819 0.013861425118 0.003598 53.54
2 1360 42.364391 -71.099811 0.013871601041 0.003598 53.54
2 1361 42.364398 -71.099804 0.013881776414 0.003598 53.54
2 1362 42.364405 -71.099797 0.013891951788 0.003598 53.54
2 1363 42.364412 -71.099790 0.013902127161 0.003598 53.54
2 1364 42.364419 -71.099783 0.013912302535 0.003598 53.54
2 1365 42.364427 -71.099775 0.013922477908 0.003597 53.54
2 1366 42.364434 -71.099768 0.013932652729 0.003597 53.54
2 1367 42.364441 -71.099761 0.013942827549 0.003597 53.54
2 1368 42.364448 -71.099754 0.013953002370 0.003597 53.54
2 1369 42.364455 -71.099747 0.013963177190 0.003597 53.54
2 1370 42.364463 -71.099739 0.013973352011 0.003597 53.54
2 1371 42.364470 -71.099732 0.013983526275 0.003597 53.54
2 1372 42.364477 -71.099725 0.013993700538 0.003597 53.54
2 1373 42.364484 -71.099718 0.014003874802 0.003597 53.54
2 1374 42.364491 -71.099711 0.014014049065 0.003597 53.54
2 1375 42.364499 -71.099703 0.014024223329 0.003597 53.54
2 1376 42.364506 -71.099696 0.014034397031 0.003597 53.54
2 1377 42.364513 -71.099689 0.014044570734 0.003597 53.54
2 1378 42.364520 -71.099682 0.014054744436 0.003597 53.54
2 1379 42.364527 -71.099675 0.014064918139 0.003597 53.54
2 1380 42.364535 -71.099667 0.014075091841 0.003597 53.54
2 1381 42.364542 -71.099660 0.014085265754 0.003597 53.54
2 1382 42.364549 -71.099653 0.014095439667 0.003597 53.54
2 1383 42.364556 -71.099646 0.014105613580 0.003597 53.54
2 1384 42.364563 -71.099639 0.014115787493 0.003597 53.54
2 1385 42.364571 -71.099631 0.014125961405 0.003597 53.54
2 1386 42.364578 -71.099624 0.014136135886 0.003597 53.54
2 1387 42.364585 -71.099617 0.014146310367 0.003597 53.54
2 1388 42.364592 -71.099610 0.014156484848 0.003597 53.54
2 1389 42.364599 -71.099603 0.014166659328 0.003597 53.54
2 1390 42.364607 -71.099595 0.014176833809 0.003597 53.54
2 1391 42.364614 -71.099588 0.014187008854 0.003597 53.54
2 1392 42.364621 -71.099581 0.014197183898 0.003597 53.54
2 1393 42.364628 -71.099574 0.014207358943 0.003597 53.54
2 1394 42.364635 -71.099567 0.014217533987 0.003597 53.54
2 1395 42.364642 -71.099560 0.014227709032 0.003598 53.54
2 1396 42.364650 -71.099552 0.014237884636 0.003598 53.54
2 1397 42.364657 -71.099545 0.014248060241 0.003598 53.54
2 1398 42.364664 -71.099538 0.014258235845 0.003598 53.54
2 1399 42.364671 -71.099531 0.014268411449 0.003598 53.54
2 1400 42.364678 -71.099524 0.014278587054 0.003598 53.54
2 1401 42.364686 -71.099516 0.014288763213 0.003598 53.54
2 1402 42.364693 -71.099509 0.014298939373 0.003598 53.54
2 1403 42.364700 -71.099502 0.014309115533 0.003598 53.54
2 1404 42.364707 -71.099495 0.014319291693 0.003598 53.54
2 1405 42.364714 -71.099488 0.014329467853 0.003598 53.54
2 1406 42.364722 -71.099480 0.014339644565 0.003598 53.54
2 1407 42.364729 -71.099473 0.014349821276 0.003598 53.54
2 1408 42.364736 -71.099466 0.014359997987 0.003598 53.54
2 1409 42.364743 -71.099459 0.014370174699 0.003598 53.54
2 1410 42.364750 -71.099452 0.014380351410 0.003598 53.54
2 1411 42.364758 -71.099444 0.014390528669 0.003598 53.54
2 1412 42.364765 -71.099437 0.014400705928 0.003598 53.54
2 1413 42.364772 -71.099430 0.014410883187 0.003598 53.54
2 1414 42.364779 -71.099423 0.014421060445 0.003598 53.54
2 1415 42.364786 -71.099416 0.014431237704 0.003598 53.54
2 1416 42.364794 -71.099408 0.014441415506 0.003598 53.54
2 1417 42.364801 -71.099401 0.014451593308 0.003598 53.54
2 1418 42.364808 -71.099394 0.014461771110 0.003598 53.54
2 1419 42.364815 -71.099387 0.014471948912 0.003598 53.54
2 1420 42.364822 -71.099380 0.014482126714 0.003599 53.54
2 1421 42.364830 -71.099372 0.014492305056 0.003599 53.54
2 1422 42.364837 -71.099365 0.014502483397 0.003599 53.54
2 1423 42.364844 -71.099358 0.014512661738 0.003599 53.54
2 1424 42.364851 -71.099351 0.014522840079 0.003599 53.54
2 1425 42.364858 -71.099344 0.014533018420 0.003599 53.54
2 1426 42.364866 -71.099336 0.014543197297 0.003599 53.54
2 1427 42.364873 -71.099329 0.014553376173 0.003599 53.54
2 1428 42.364880 -71.099322 0.014563555049 0.003599 53.54
2 1429 42.364887 -71.099315 0.014573733925 0.003599 53.54
2 1430 42.364894 -71.099308 0.014583912802 0.003599 53.54
2 1431 42.364902 -71.099300 0.014594092209 0.003599 53.54
2 1432 42.364909 -71.099293 0.014604271616 0.003599 53.54
2 1433 42.364916 -71.099286 0.014614451023 0.003599 53.54
2 1434 42.364923 -71.099279 0.014624630430 0.003599 53.54
2 1435 42.364930 -71.099272 0.014634809837 0.003599 53.54
2 1436 42.364938 -71.099264 0.014644989771 0.003599 53.54
2 1437 42.364945 -71.099257 0.014655169705 0.003599 53.54
2 1438 42.364952 -71.099250 0.014665349639 0.003599 53.54
2 1439 42.364959 -71.099243 0.014675529573 0.003599 53.54
2 1440 42.364966 -71.099236 0.014685709507 0.003599 53.54
2 1441 42.364974 -71.099228 0.014695889964 0.003599 53.54
2 1442 42.364981 -71.099221 0.014706070421 0.003599 53.54
2 1443 42.364988 -71.099214 0.014716250877 0.003599 53.54
2 1444 42.364995 -71.099207 0.014726431334 0.003599 53.54
3 1334 42.364204 -71.099998 0.013606997351 0.003599 53.54
3 1335 42.364211 -71.099991 0.013617175956 0.003598 53.54
3 1336 42.364218 -71.099984 0.013627354032 0.003598 53.54
3 1337 42.364225 -71.099977 0.013637532108 0.003598 53.54
3 1338 42.364232 -71.099970 0.013647710185 0.003598 53.54
3 1339 42.364240 -71.099962 0.013657888261 0.003598 53.54
3 1340 42.364247 -71.099955 0.013668066337 0.003598 53.54
3 1341 42.364254 -71.099948 0.013678243881 0.003598 53.54
3 1342 42.364261 -71.099941 0.013688421425 0.003598 53.54
3 1343 42.364268 -71.099934 0.013698598969 0.003598 53.54
3 1344 42.364276 -71.099926 0.013708776513 0.003598 53.54
3 1345 42.364283 -71.099919 0.013718954057 0.003598 53.54
3 1346 42.364290 -71.099912 0.013729131064 0.003598 53.54
3 1347 42.364297 -71.099905 0.013739308072 0.003598 53.54
3 1348 42.364304 -71.099898 0.013749485079 0.003598 53.54
3 1349 42.364312 -71.099890 0.013759662087 0.003598 53.54
3 1350 42.364319 -71.099883 0.013769839094 0.003598 53.54
3 1351 42.364326 -71.099876 0.013780015561 0.003598 53.54
3 1352 42.364333 -71.099869 0.013790192028 0.003598 53.54
3 1353 42.364340 -71.099862 0.013800368495 0.003598 53.54
3 1354 42.364347 -71.099855 0.013810544962 0.003598 53.54
3 1355 42.364355 -71.099847 0.013820721429 0.003598 53.54
3 1356 42.364362 -71.099840 0.013830897351 0.003598 53.54
3 1357 42.364369 -71.099833 0.013841073274 0.003598 53.54
3 1358 42.364376 -71.099826 0.013851249196 0.003598 53.54
3 1359 42.364383 -71.099819 0.013861425118 0.003598 53.54
3 1360 42.364391 -71.099811 0.013871601041 0.003598 53.54
3 1361 42.364398 -71.099804 0.013881776414 0.003598 53.54
3 1362 42.364405 -71.099797 0.013891951788 0.003598 53.54
3 1363 42.364412 -71.099790 0.013902127161 0.003598 53.54
3 1364 42.364419 -71.099783 0.013912302535 0.003598 53.54
3 1365 42.364427 -71.099775 0.013922477908 0.003597 53.54
3 1366 42.364434 -71.099768 0.013932652729 0.003597 53.54
3 1367 42.364441 -71.099761 0.013942827549 0.003597 53.54
3 1368 42.364448 -71.099754 0.013953002370 0.003597 53.54
3 1369 42.364455 -71.099747 0.013963177190 0.003597 53.54
3 1370 42.364463 -71.099739 0.013973352011 0.003597 53.54
3 1371 42.364470 -71.099732 0.013983526275 0.003597 53.54
3 1372 42.364477 -71.099725 0.013993700538 0.003597 53.54
3 1373 42.364484 -71.099718 0.014003874802 0.003597 53.54
3 1374 42.364491 -71.099711 0.014014049065 0.003597 53.54
3 1375 42.364499 -71.099703 0.014024223329 0.003597 53.54
3 1376 42.364506 -71.099696 0.014034397031 0.003597 53.54
3 1377 42.364513 -71.099689 0.014044570734 0.003597 53.54
3 1378 42.364520 -71.099682 0.014054744436 0.003597 53.54
3 1379 42.364527 -71.099675 0.014064918139 0.003597 53.54
3 1380 42.364535 -71.099667 0.014075091841 0.003597 53.54
3 1381 42.364542 -71.099660 0.014085265754 0.003597 53.54
3 1382 42.364549 -71.099653 0.014095439667 0.003597 53.54
3 1383 42.364556 -71.099646 0.014105613580 0.003597 53.54
3 1384 42.364563 -71.099639 0.014115787493 0.003597 53.54
3 1385 42.364571 -71.099631 0.014125961405 0.003597 53.54
3 1386 42.364578 -71.099624 0.014136135886 0.003597 53.54
3 1387 42.364585 -71.099617 0.014146310367 0.003597 53.54
3 1388 42.364592 -71.099610 0.014156484848 0.003597 53.54
3 1389 42.364599 -71.099603 0.014166659328 0.003597 53.54
3 1390 42.364607 -71.099595 0.014176833809 0.003597 53.54
3 1391 42.364614 -71.099588 0.014187008854 0.003597 53.54
3 1392 42.364621 -71.099581 0.014197183898 0.003597 53.54
3 1393 42.364628 -71.099574 0.014207358943 0.003597 53.54
3 1394 42.364635 -71.099567 0.014217533987 0.003597 53.54
3 1395 42.364642 -71.099560 0.014227709032 0.003598 53.54
3 1396 42.364650 -71.099552 0.014237884636 0.003598 53.54
3 1397 42.364657 -71.099545 0.014248060241 0.003598 53.54
3 1398 42.364664 -71.099538 0.014258235845 0.003598 53.54
3 1399 42.364671 -71.099531 0.014268411449 0.003598 53.54
3 1400 42.364678 -71.099524 0.014278587054 0.003598 53.54
3 1401 42.364686 -71.099516 0.014288763213 0.003598 53.54
3 1402 42.364693 -71.099509 0.014298939373 0.003598 53.54
3 1403 42.364700 -71.099502 0.014309115533 0.003598 53.54
3 1404 42.364707 -71.099495 0.014319291693 0.003598 53.54
3 1405 42.364714 -71.099488 0.014329467853 0.003598 53.54
3 1406 42.364722 -71.099480 0.014339644565 0.003598 53.54
3 1407 42.364729 -71.099473 0.014349821276 0.003598 53.54
3 1408 42.364736 -71.099466 0.014359997987 0.003598 53.54
3 1409 42.364743 -71.099459 0.014370174699 0.003598 53.54
3 1410 42.364750 -71.099452 0.014380351410 0.003598 53.54
3 1411 42.364758 -71.099444 0.014390528669 0.003598 53.54
3 1412 42.364765 -71.099437 0.014400705928 0.003598 53.54
3 1413 42.364772 -71.099430 0.014410883187 0.003598 53.54
3 1414 42.364779 -71.099423 0.014421060445 0.003598 53.54
3 1415 42.364786 -71.099416 0.014431237704 0.003598 53.54
3 1416 42.364794 -71.099408 0.014441415506 0.003598 53.54
3 1417 42.364801 -71.099401 0.014451593308 0.003598 53.54
3 1418 42.364808 -71.099394 0.014461771110 0.003598 53.54
3 1419 42.364815 -71.099387 0.014471948912 0.003598 53.54
3 1420 42.364822 -71.099380 0.014482126714 0.003599 53.54
3 1421 42.364830 -71.099372 0.014492305056 0.003599 53.54
3 1422 42.364837 -71.099365 0.014502483397 0.003599 53.54
3 1423 42.364844 -71.099358 0.014512661738 0.003599 53.54
3 1424 42.364851 -71.099351 0.014522840079 0.003599 53.54
3 1425 42.364858 -71.099344 0.014533018420 0.003599 53.54
3 1426 42.364866 -71.099336 0.014543197297 0.003599 53.54
3 1427 42.364873 -71.099329 0.014553376173 0.003599 53.54
3 1428 42.364880 -71.099322 0.014563555049 0.003599 53.54
3 1429 42.364887 -71.099315 0.014573733925 0.003599 53.54
3 1430 42.364894 -71.099308 0.014583912802 0.003599 53.54
3 1431 42.364902 -71.099300 0.014594092209 0.003599 53.54
3 1432 42.364909 -71.099293 0.014604271616 0.003599 53.54
3 1433 42.364916 -71.099286 0.014614451023 0.003599 53.54
3 1434 42.364923 -71.099279 0.014624630430 0.003599 53.54
3 1435 42.364930 -71.099272 0.014634809837 0.003599 53.54
3 1436 42.364938 -71.099264 0.014644989771 0.003599 53.54
3 1437 42.364945 -71.099257 0.014655169705 0.003599 53.54
3 1438 42.364952 -71.099250 0.014665349639 0.003599 53.54
3 1439 42.364959 -71.099243 0.014675529573 0.003599 53.54
3 1440 42.364966 -71.099236 0.014685709507 0.003599 53.54
3 1441 42.364974 -71.099228 0.014695889964 0.003599 53.54
3 1442 42.364981 -71.099221 0.014706070421 0.003599 53.54
3 1443 42.364988 -71.099214 0.014716250877 0.003599 53.54
3 1444 42.364995 -71.099207 0.014726431334 0.003599 53.54
4 1334 42.364204 -71.099998 0.013606997351 0.003599 53.54
4 1335 42.364211 -71.099991 0.013617175956 0.003598 53.54
4 1336 42.364218 -71.099984 0.013627354032 0.003598 53.54
4 1337 42.364225 -71.099977 0.013637532108 0.003598 53.54
4 1338 42.364232 -71.099970 0.013647710185 0.003598 53.54
4 1339 42.364240 -71.099962 0.013657888261 0.003598 53.54
4 1340 42.364247 -71.099955 0.013668066337 0.003598 53.54
4 1341 42.364254 -71.099948 0.013678243881 0.003598 53.54
4 1342 42.364261 -71.099941 0.013688421425 0.003598 53.54
4 1343 42.364268 -71.099934 0.013698598969 0.003598 53.54
4 1344 42.364276 -71.099926 0.013708776513 0.003598 53.54
4 1345 42.364283 -71.099919 0.013718954057 0.003598 53.54
4 1346 42.364290 -71.099912 0.013729131064 0.003598 53.54
4 1347 42.364297 -71.099905 0.013739308072 0.003598 53.54
4 1348 42.364304 -71.099898 0.013749485079 0.003598 53.54
4 1349 42.364312 -71.099890 0.013759662087 0.003598 53.54
4 1350 42.364319 -71.099883 0.013769839094 0.003598 53.54
4 1351 42.364326 -71.099876 0.013780015561 0.003598 53.54
4 1352 42.364333 -71.099869 0.013790192028 0.003598 53.54
4 1353 42.364340 -71.099862 0.013800368495 0.003598 53.54
4 1354 42.364347 -71.099855 0.013810544962 0.003598 53.54
4 1355 42.364355 -71.099847 0.013820721429 0.003598 53.54
4 1356 42.364362 -71.099840 0.013830897351 0.003598 53.54
4 1357 42.364369 -71.099833 0.013841073274 0.003598 53.54
4 1358 42.364376 -71.099826 0.013851249196 0.003598 53.54
4 1359 42.364383 -71.099819 0.013861425118 0.003598 53.54
4 1360 42.364391 -71.099811 0.013871601041 0.003598 53.54
4 1361 42.364398 -71.099804 0.013881776414 0.003598 53.54
4 1362 42.364405 -71.099797 0.013891951788 0.003598 53.54
4 1363 42.364412 -71.099790 0.013902127161 0.003598 53.54
4 1364 42.364419 -71.099783 0.013912302535 0.003598 53.54
4 1365 42.364427 -71.099775 0.013922477908 0.003597 53.54
4 1366 42.364434 -71.099768 0.013932652729 0.003597 53.54
4 1367 42.364441 -71.099761 0.013942827549 0.003597 53.54
4 1368 42.364448 -71.099754 0.013953002370 0.003597 53.54
4 1369 42.364455 -71.099747 0.013963177190 0.003597 53.54
4 1370 42.364463 -71.099739 0.013973352011 0.003597 53.54
4 1371 42.364470 -71.099732 0.013983526275 0.003597 53.54
4 1372 42.364477 -71.099725 0.013993700538 0.003597 53.54
4 1373 42.364484 -71.099718 0.014003874802 0.003597 53.54
4 1374 42.364491 -71.099711 0.014014049065 0.003597 53.54
4 1375 42.364499 -71.099703 0.014024223329 0.003597 53.54
4 1376 42.364506 -71.099696 0.014034397031 0.003597 53.54
4 1377 42.364513 -71.099689 0.014044570734 0.003597 53.54
4 1378 42.364520 -71.099682 0.014054744436 0.003597 53.54
4 1379 42.364527 -71.099675 0.014064918139 0.003597 53.54
4 1380 42.364535 -71.099667 0.014075091841 0.003597 53.54
4 1381 42.364542 -71.099660 0.014085265754 0.003597 53.54
4 1382 42.364549 -71.099653 0.014095439667 0.003597 53.54
4 1383 42.364556 -71.099646 0.014105613580 0.003597 53.54
4 1384 42.364563 -71.099639 0.014115787493 0.003597 53.54
4 1385 42.364571 -71.099631 0.014125961405 0.003597 53.54
4 1386 42.364578 -71.099624 0.014136135886 0.003597 53.54
4 1387 42.364585 -71.099617 0.014146310367 0.003597 53.54
4 1388 42.364592 -71.099610 0.014156484848 0.003597 53.54
4 1389 42.364599 -71.099603 0.014166659328 0.003597 53.54
4 1390 42.364607 -71.099595 0.014176833809 0.003597 53.54
4 1391 42.364614 -71.099588 0.014187008854 0.003597 53.54
4 1392 42.364621 -71.099581 0.014197183898 0.003597 53.54
4 1393 42.364628 -71.099574 0.014207358943 0.003597 53.54
4 1394 42.364635 -71.099567 0.014217533987 0.003597 53.54
4 1395 42.364642 -71.099560 0.014227709032 0.003598 53.54
4 1396 42.364650 -71.099552 0.014237884636 0.003598 53.54
4 1397 42.364657 -71.099545 0.014248060241 0.003598 53.54
4 1398 42.364664 -71.099538 0.014258235845 0.003598 53.54
4 1399 42.364671 -71.099531 0.014268411449 0.003598 53.54
4 1400 42.364678 -71.099524 0.014278587054 0.003598 53.54
4 1401 42.364686 -71.099516 0.014288763213 0.003598 53.54
4 1402 42.364693 -71.099509 0.014298939373 0.003598 53.54
4 1403 42.364700 -71.099502 0.014309115533 0.003598 53.54
4 1404 42.364707 -71.099495 0.014319291693 0.003598 53.54
4 1405 42.364714 -71.099488 0.014329467853 0.003598 53.54
4 1406 42.364722 -71.099480 0.014339644565 0.003598 53.54
4 1407 42.364729 -71.099473 0.014349821276 0.003598 53.54
4 1408 42.364736 -71.099466 0.014359997987 0.003598 53.54
4 1409 42.364743 -71.099459 0.014370174699 0.003598 53.54
4 1410 42.364750 -71.099452 0.014380351410 0.003598 53.54
4 1411 42.364758 -71.099444 0.014390528669 0.003598 53.54
4 1412 42.364765 -71.099437 0.014400705928 0.003598 53.54
4 1413 42.364772 -71.099430 0.014410883187 0.003598 53.54
4 1414 42.364779 -71.099423 0.014421060445 0.003598 53.54
4 1415 42.364786 -71.099416 0.014431237704 0.003598 53.54
4 1416 42.364794 -71.099408 0.014441415506 0.003598 53.54
4 1417 42.364801 -71.099401 0.014451593308 0.003598 53.54
4 1418 42.364808 -71.099394 0.014461771110 0.003598 53.54
4 1419 42.364815 -71.099387 0.014471948912 0.003598 53.54
4 1420 42.364822 -71.099380 0.014482126714 0.003599 53.54
4 1421 42.364830 -71.099372 0.014492305056 0.003599 53.54
4 1422 42.364837 -71.099365 0.014502483397 0.003599 53.54
4 1423 42.364844 -71.099358 0.014512661738 0.003599 53.54
4 1424 42.364851 -71.099351 0.014522840079 0.003599 53.54
4 1425 42.364858 -71.099344 0.014533018420 0.003599 53.54
4 1426 42.364866 -71.099336 0.014543197297 0.003599 53.54
4 1427 42.364873 -71.099329 0.014553376173 0.003599 53.54
4 1428 42.364880 -71.099322 0.014563555049 0.003599 53.54
4 1429 42.364887 -71.099315 0.014573733925 0.003599 53.54
4 1430 42.364894 -71.099308 0.014583912802 0.003599 53.54
4 1431 42.364902 -71.099300 0.014594092209 0.003599 53.54
4 1432 42.364909 -71.099293 0.014604271616 0.003599 53.54
4 1433 42.364916 -71.099286 0.014614451023 0.003599 53.54
4 1434 42.364923 -71.099279 0.014624630430 0.003599 53.54
4 1435 42.364930 -71.099272 0.014634809837 0.003599 53.54
4 1436 42.364938 -71.099264 0.014644989771 0.003599 53.54
4 1437 42.364945 -71.099257 0.014655169705 0.003599 53.54
4 1438 42.364952 -71.099250 0.014665349639 0.003599 53.54
4 1439 42.364959 -71.099243 0.014675529573 0.003599 53.54
4 1440 42.364966 -71.099236 0.014685709507 0.003599 53.54
4 1441 42.364974 -71.099228 0.014695889964 0.003599 53.54
4 1442 42.364981 -71.099221 0.014706070421 0.003599 53.54
4 1443 42.364988 -71.099214 0.014716250877 0.003599 53.54
4 1444 42.364995 -71.099207 0.014726431334 0.003599 53.54
