1 3386 42.379003 -71.085199 0.034536604802 0.003611 53.55
1 3387 42.379010 -71.085192 0.034546818958 0.003611 53.55
1 3388 42.379017 -71.085185 0.034557033114 0.003611 53.55
1 3389 42.379025 -71.085177 0.034567247270 0.003611 53.55
1 3390 42.379032 -71.085170 0.034577461426 0.003611 53.55
1 3391 42.379039 -71.085163 0.034587675643 0.003611 53.55
1 3392 42.379046 -71.085156 0.034597889859 0.003611 53.55
1 3393 42.379054 -71.085148 0.034608104075 0.003611 53.55
1 3394 42.379061 -71.085141 0.034618318292 0.003611 53.55
1 3395 42.379068 -71.085134 0.034628532508 0.003611 53.55
1 3396 42.379075 -71.085127 0.034638746781 0.003611 53.55
1 3397 42.379082 -71.085120 0.034648961054 0.003611 53.55
1 3398 42.379090 -71.085112 0.034659175327 0.003611 53.55
1 3399 42.379097 -71.085105 0.034669389599 0.003611 53.55
1 3400 42.379104 -71.085098 0.034679603872 0.003611 53.55
1 3401 42.379111 -71.085091 0.034689818197 0.003611 53.55
1 3402 42.379119 -71.085083 0.034700032522 0.003611 53.55
1 3403 42.379126 -71.085076 0.034710246847 0.003611 53.55
1 3404 42.379133 -71.085069 0.034720461172 0.003611 53.55
1 3405 42.379140 -71.085062 0.034730675497 0.003611 53.55
1 3406 42.379147 -71.085055 0.034740889870 0.003611 53.55
1 3407 42.379155 -71.085047 0.034751104243 0.003611 53.55
1 3408 42.379162 -71.085040 0.034761318616 0.003611 53.55
1 3409 42.379169 -71.085033 0.034771532989 0.003611 53.55
1 3410 42.379176 -71.085026 0.034781747362 0.003611 53.55
1 3411 42.379184 -71.085018 0.034791961779 0.003611 53.55
1 3412 42.379191 -71.085011 0.034802176196 0.003611 53.55
1 3413 42.379198 -71.085004 0.034812390613 0.003611 53.55
2 3386 42.379003 -71.085199 0.034536604802 0.003611 53.55
2 3387 42.379010 -71.085192 0.034546818958 0.003611 53.55
2 3388 42.379017 -71.085185 0.034557033114 0.003611 53.55
2 3389 42.379025 -71.085177 0.034567247270 0.003611 53.55
2 3390 42.379032 -71.085170 0.034577461426 0.003611 53.55
2 3391 42.379039 -71.085163 0.034587675643 0.003611 53.55
2 3392 42.379046 -71.085156 0.034597889859 0.003611 53.55
2 3393 42.379054 -71.085148 0.034608104075 0.003611 53.55
2 3394 42.379061 -71.085141 0.034618318292 0.003611 53.55
2 3395 42.379068 -71.085134 0.034628532508 0.003611 53.55
2 3396 42.379075 -71.085127 0.034638746781 0.003611 53.55
2 3397 42.379082 -71.085120 0.034648961054 0.003611 53.55
2 3398 42.379090 -71.085112 0.034659175327 0.003611 53.55
2 3399 42.379097 -71.085105 0.034669389599 0.003611 53.55
2 3400 42.379104 -71.085098 0.034679603872 0.003611 53.55
2 3401 42.379111 -71.085091 0.034689818197 0.003611 53.55
2 3402 42.379119 -71.085083 0.034700032522 0.003611 53.55
2 3403 42.379126 -71.085076 0.034710246847 0.003611 53.55
2 3404 42.379133 -71.085069 0.034720461172 0.003611 53.55
2 3405 42.379140 -71.085062 0.034730675497 0.003611 53.55
2 3406 42.379147 -71.085055 0.034740889870 0.003611 53.55
2 3407 42.379155 -71.085047 0.034751104243 0.003611 53.55
2 3408 42.379162 -71.085040 0.034761318616 0.003611 53.55
2 3409 42.379169 -71.085033 0.034771532989 0.003611 53.55
2 3410 42.379176 -71.085026 0.034781747362 0.003611 53.55
2 3411 42.379184 -71.085018 0.034791961779 0.003611 53.55
2 3412 42.379191 -71.085011 0.034802176196 0.003611 53.55
2 3413 42.379198 -71.085004 0.034812390613 0.003611 53.55
3 3386 42.379003 -71.085199 0.034536604802 0.003611 53.55
3 3387 42.379010 -71.085192 0.034546818958 0.003611 53.55
3 3388 42.379017 -71.085185 0.034557033114 0.003611 53.55
3 3389 42.379025 -71.085177 0.034567247270 0.003611 53.55
3 3390 42.379032 -71.085170 0.034577461426 0.003611 53.55
3 3391 42.379039 -71.085163 0.034587675643 0.003611 53.55
3 3392 42.379046 -71.085156 0.034597889859 0.003611 53.55
3 3393 42.379054 -71.085148 0.034608104075 0.003611 53.55
3 3394 42.379061 -71.085141 0.034618318292 0.003611 53.55
3 3395 42.379068 -71.085134 0.034628532508 0.003611 53.55
3 3396 42.379075 -71.085127 0.034638746781 0.003611 53.55
3 3397 42.379082 -71.085120 0.034648961054 0.003611 53.55
3 3398 42.379090 -71.085112 0.034659175327 0.003611 53.55
3 3399 42.379097 -71.085105 0.034669389599 0.003611 53.55
3 3400 42.379104 -71.085098 0.034679603872 0.003611 53.55
3 3401 42.379111 -71.085091 0.034689818197 0.003611 53.55
3 3402 42.379119 -71.085083 0.034700032522 0.003611 53.55
3 3403 42.379126 -71.085076 0.034710246847 0.003611 53.55
3 3404 42.379133 -71.085069 0.034720461172 0.003611 53.55
3 3405 42.379140 -71.085062 0.034730675497 0.003611 53.55
3 3406 42.379147 -71.085055 0.034740889870 0.003611 53.55
3 3407 42.379155 -71.085047 0.034751104243 0.003611 53.55
3 3408 42.379162 -71.085040 0.034761318616 0.003611 53.55
3 3409 42.379169 -71.085033 0.034771532989 0.003611 53.55
3 3410 42.379176 -71.085026 0.034781747362 0.003611 53.55
3 3411 42.379184 -71.085018 0.034791961779 0.003611 53.55
3 3412 42.379191 -71.085011 0.034802176196 0.003611 53.55
3 3413 42.379198 -71.085004 0.034812390613 0.003611 53.55
4 3386 42.379003 -71.085199 0.034536604802 0.003611 53.55
4 3387 42.379010 -71.085192 0.034546818958 0.003611 53.55
4 3388 42.379017 -71.085185 0.034557033114 0.003611 53.55
4 3389 42.379025 -71.085177 0.034567247270 0.003611 53.55
4 3390 42.379032 -71.085170 0.034577461426 0.003611 53.55
4 3391 42.379039 -71.085163 0.034587675643 0.003611 53.55
4 3392 42.379046 -71.085156 0.034597889859 0.003611 53.55
4 3393 42.379054 -71.085148 0.034608104075 0.003611 53.55
4 3394 42.379061 -71.085141 0.034618318292 0.003611 53.55
4 3395 42.379068 -71.085134 0.034628532508 0.003611 53.55
4 3396 42.379075 -71.085127 0.034638746781 0.003611 53.55
4 3397 42.379082 -71.085120 0.034648961054 0.003611 53.55
4 3398 42.379090 -71.085112 0.034659175327 0.003611 53.55
4 3399 42.379097 -71.085105 0.034669389599 0.003611 53.55
4 3400 42.379104 -71.085098 0.034679603872 0.003611 53.55
4 3401 42.379111 -71.085091 0.034689818197 0.003611 53.55
4 3402 42.379119 -71.085083 0.034700032522 0.003611 53.55
4 3403 42.379126 -71.085076 0.034710246847 0.003611 53.55
4 3404 42.379133 -71.085069 0.034720461172 0.003611 53.55
4 3405 42.379140 -71.085062 0.034730675497 0.003611 53.55
4 3406 42.379147 -71.085055 0.034740889870 0.003611 53.55
4 3407 42.379155 -71.085047 0.034751104243 0.003611 53.55
4 3408 42.379162 -71.085040 0.034761318616 0.003611 53.55
4 3409 42.379169 -71.085033 0.034771532989 0.003611 53.55
4 3410 42.379176 -71.085026 0.034781747362 0.003611 53.55
4 3411 42.379184 -71.085018 0.034791961779 0.003611 53.55
4 3412 42.379191 -71.085011 0.034802176196 0.003611 53.55
4 3413 42.379198 -71.085004 0.034812390613 0.003611 53.55
