1 2860 42.375208 -71.088994 0.029169706646 0.003601 53.54
1 2861 42.375215 -71.088987 0.029179891645 0.003601 53.54
1 2862 42.375222 -71.088980 0.029190076645 0.003601 53.54
1 2863 42.375230 -71.088972 0.029200261645 0.003601 53.54
1 2864 42.375237 -71.088965 0.029210446645 0.003601 53.54
1 2865 42.375244 -71.088958 0.029220631645 0.003601 53.54
1 2866 42.375251 -71.088951 0.029230817136 0.003601 53.54
1 2867 42.375258 -71.088944 0.029241002627 0.003601 53.54
1 2868 42.375266 -71.088936 0.029251188118 0.003601 53.54
1 2869 42.375273 -71.088929 0.029261373609 0.003601 53.55
1 2870 42.375280 -71.088922 0.029271559100 0.003601 53.55
1 2871 42.375287 -71.088915 0.029281745078 0.003601 53.55
1 2872 42.375294 -71.088908 0.029291931056 0.003601 53.55
1 2873 42.375302 -71.088900 0.029302117034 0.003601 53.55
1 2874 42.375309 -71.088893 0.029312303012 0.003601 53.55
1 2875 42.375316 -71.088886 0.029322488990 0.003601 53.55
1 2876 42.375323 -71.088879 0.029332675450 0.003601 53.55
1 2877 42.375331 -71.088871 0.029342861911 0.003601 53.55
1 2878 42.375338 -71.088864 0.029353048372 0.003601 53.55
1 2879 42.375345 -71.088857 0.029363234833 0.003601 53.55
1 2880 42.375352 -71.088850 0.029373421294 0.003602 53.55
1 2881 42.375359 -71.088843 0.029383608234 0.003602 53.55
1 2882 42.375367 -71.088835 0.029393795173 0.003602 53.55
1 2883 42.375374 -71.088828 0.029403982113 0.003602 53.55
1 2884 42.375381 -71.088821 0.029414169053 0.003602 53.55
1 2885 42.375388 -71.088814 0.029424355993 0.003602 53.55
1 2886 42.375395 -71.088807 0.029434543407 0.003602 53.55
1 2887 42.375403 -71.088799 0.029444730821 0.003602 53.55
1 2888 42.375410 -71.088792 0.029454918236 0.003602 53.55
1 2889 42.375417 -71.088785 0.029465105650 0.003602 53.55
1 2890 42.375424 -71.088778 0.029475293065 0.003602 53.55
1 2891 42.375431 -71.088771 0.029485480950 0.003602 53.55
1 2892 42.375439 -71.088763 0.029495668835 0.003602 53.55
1 2893 42.375446 -71.088756 0.029505856720 0.003602 53.55
1 2894 42.375453 -71.088749 0.029516044605 0.003602 53.55
1 2895 42.375460 -71.088742 0.029526232490 0.003602 53.55
1 2896 42.375467 -71.088735 0.029536420841 0.003602 53.55
1 2897 42.375475 -71.088727 0.029546609193 0.003602 53.55
1 2898 42.375482 -71.088720 0.029556797544 0.003602 53.55
1 2899 42.375489 -71.088713 0.029566985895 0.003602 53.55
1 2900 42.375496 -71.088706 0.029577174247 0.003602 53.55
1 2901 42.375503 -71.088699 0.029587363061 0.003602 53.55
1 2902 42.375511 -71.088691 0.029597551875 0.003602 53.55
1 2903 42.375518 -71.088684 0.029607740688 0.003602 53.55
1 2904 42.375525 -71.088677 0.029617929502 0.003602 53.55
1 2905 42.375532 -71.088670 0.029628118316 0.003602 53.55
1 2906 42.375539 -71.088663 0.029638307588 0.003602 53.55
1 2907 42.375547 -71.088655 0.029648496860 0.003602 53.55
1 2908 42.375554 -71.088648 0.029658686132 0.003602 53.55
1 2909 42.375561 -71.088641 0.029668875404 0.003602 53.55
1 2910 42.375568 -71.088634 0.029679064676 0.003603 53.55
1 2911 42.375575 -71.088627 0.029689254403 0.003603 53.55
1 2912 42.375583 -71.088619 0.029699444129 0.003603 53.55
1 2913 42.375590 -71.088612 0.029709633855 0.003603 53.55
1 2914 42.375597 -71.088605 0.029719823581 0.003603 53.55
1 2915 42.375604 -71.088598 0.029730013308 0.003603 53.55
1 2916 42.375611 -71.088591 0.029740203484 0.003603 53.55
1 2917 42.375619 -71.088583 0.029750393660 0.003603 53.55
1 2918 42.375626 -71.088576 0.029760583836 0.003603 53.55
1 2919 42.375633 -71.088569 0.029770774013 0.003603 53.55
1 2920 42.375640 -71.088562 0.029780964189 0.003603 53.55
1 2921 42.375647 -71.088555 0.029791154811 0.003603 53.55
1 2922 42.375655 -71.088547 0.029801345433 0.003603 53.55
1 2923 42.375662 -71.088540 0.029811536055 0.003603 53.55
1 2924 42.375669 -71.088533 0.029821726677 0.003603 53.55
1 2925 42.375676 -71.088526 0.029831917300 0.003603 53.55
1 2926 42.375684 -71.088518 0.029842108364 0.003603 53.55
1 2927 42.375691 -71.088511 0.029852299428 0.003603 53.55
1 2928 42.375698 -71.088504 0.029862490492 0.003603 53.55
1 2929 42.375705 -71.088497 0.029872681556 0.003603 53.55
1 2930 42.375712 -71.088490 0.029882872620 0.003603 53.55
1 2931 42.375720 -71.088482 0.029893064121 0.003603 53.55
1 2932 42.375727 -71.088475 0.029903255623 0.003603 53.55
1 2933 42.375734 -71.088468 0.029913447125 0.003603 53.55
1 2934 42.375741 -71.088461 0.029923638626 0.003603 53.55
1 2935 42.375748 -71.088454 0.029933830128 0.003603 53.55
1 2936 42.375756 -71.088446 0.029944022063 0.003603 53.55
1 2937 42.375763 -71.088439 0.029954213999 0.003603 53.55
1 2938 42.375770 -71.088432 0.029964405934 0.003603 53.55
1 2939 42.375777 -71.088425 0.029974597869 0.003603 53.55
1 2940 42.375784 -71.088418 0.029984789804 0.003604 53.55
1 2941 42.375792 -71.088410 0.029994982169 0.003604 53.55
1 2942 42.375799 -71.088403 0.030005174534 0.003604 53.55
1 2943 42.375806 -71.088396 0.030015366899 0.003604 53.55
1 2944 42.375813 -71.088389 0.030025559263 0.003604 53.55
1 2945 42.375820 -71.088382 0.030035751628 0.003604 53.55
1 2946 42.375828 -71.088374 0.030045944418 0.003604 53.55
1 2947 42.375835 -71.088367 0.030056137209 0.003604 53.55
1 2948 42.375842 -71.088360 0.030066329999 0.003604 53.55
1 2949 42.375849 -71.088353 0.030076522789 0.003604 53.55
1 2950 42.375856 -71.088346 0.030086715579 0.003604 53.55
1 2951 42.375864 -71.088338 0.030096908790 0.003604 53.55
1 2952 42.375871 -71.088331 0.030107102002 0.003604 53.55
1 2953 42.375878 -71.088324 0.030117295213 0.003604 53.55
1 2954 42.375885 -71.088317 0.030127488425 0.003604 53.55
1 2955 42.375893 -71.088309 0.030137681636 0.003604 53.55
1 2956 42.375900 -71.088302 0.030147875265 0.003604 53.55
1 2957 42.375907 -71.088295 0.030158068893 0.003604 53.55
1 2958 42.375914 -71.088288 0.030168262522 0.003604 53.55
1 2959 42.375921 -71.088281 0.030178456150 0.003604 53.55
1 2960 42.375929 -71.088273 0.030188649779 0.003604 53.55
1 2961 42.375936 -71.088266 0.030198843821 0.003604 53.55
1 2962 42.375943 -71.088259 0.030209037862 0.003604 53.55
1 2963 42.375950 -71.088252 0.030219231904 0.003604 53.55
1 2964 42.375957 -71.088245 0.030229425946 0.003604 53.55
1 2965 42.375965 -71.088237 0.030239619987 0.003604 53.55
1 2966 42.375972 -71.088230 0.030249814438 0.003604 53.55
1 2967 42.375979 -71.088223 0.030260008888 0.003604 53.55
1 2968 42.375986 -71.088216 0.030270203339 0.003604 53.55
1 2969 42.375993 -71.088209 0.030280397790 0.003604 53.55
2 2860 42.375208 -71.088994 0.029169706646 0.003601 53.54
2 2861 42.375215 -71.088987 0.029179891645 0.003601 53.54
2 2862 42.375222 -71.088980 0.029190076645 0.003601 53.54
2 2863 42.375230 -71.088972 0.029200261645 0.003601 53.54
2 2864 42.375237 -71.088965 0.029210446645 0.003601 53.54
2 2865 42.375244 -71.088958 0.029220631645 0.003601 53.54
2 2866 42.375251 -71.088951 0.029230817136 0.003601 53.54
2 2867 42.375258 -71.088944 0.029241002627 0.003601 53.54
2 2868 42.375266 -71.088936 0.029251188118 0.003601 53.54
2 2869 42.375273 -71.088929 0.029261373609 0.003601 53.55
2 2870 42.375280 -71.088922 0.029271559100 0.003601 53.55
2 2871 42.375287 -71.088915 0.029281745078 0.003601 53.55
2 2872 42.375294 -71.088908 0.029291931056 0.003601 53.55
2 2873 42.375302 -71.088900 0.029302117034 0.003601 53.55
2 2874 42.375309 -71.088893 0.029312303012 0.003601 53.55
2 2875 42.375316 -71.088886 0.029322488990 0.003601 53.55
2 2876 42.375323 -71.088879 0.029332675450 0.003601 53.55
2 2877 42.375331 -71.088871 0.029342861911 0.003601 53.55
2 2878 42.375338 -71.088864 0.029353048372 0.003601 53.55
2 2879 42.375345 -71.088857 0.029363234833 0.003601 53.55
2 2880 42.375352 -71.088850 0.029373421294 0.003602 53.55
2 2881 42.375359 -71.088843 0.029383608234 0.003602 53.55
2 2882 42.375367 -71.088835 0.029393795173 0.003602 53.55
2 2883 42.375374 -71.088828 0.029403982113 0.003602 53.55
2 2884 42.375381 -71.088821 0.029414169053 0.003602 53.55
2 2885 42.375388 -71.088814 0.029424355993 0.003602 53.55
2 2886 42.375395 -71.088807 0.029434543407 0.003602 53.55
2 2887 42.375403 -71.088799 0.029444730821 0.003602 53.55
2 2888 42.375410 -71.088792 0.029454918236 0.003602 53.55
2 2889 42.375417 -71.088785 0.029465105650 0.003602 53.55
2 2890 42.375424 -71.088778 0.029475293065 0.003602 53.55
2 2891 42.375431 -71.088771 0.029485480950 0.003602 53.55
2 2892 42.375439 -71.088763 0.029495668835 0.003602 53.55
2 2893 42.375446 -71.088756 0.029505856720 0.003602 53.55
2 2894 42.375453 -71.088749 0.029516044605 0.003602 53.55
2 2895 42.375460 -71.088742 0.029526232490 0.003602 53.55
2 2896 42.375467 -71.088735 0.029536420841 0.003602 53.55
2 2897 42.375475 -71.088727 0.029546609193 0.003602 53.55
2 2898 42.375482 -71.088720 0.029556797544 0.003602 53.55
2 2899 42.375489 -71.088713 0.029566985895 0.003602 53.55
2 2900 42.375496 -71.088706 0.029577174247 0.003602 53.55
2 2901 42.375503 -71.088699 0.029587363061 0.003602 53.55
2 2902 42.375511 -71.088691 0.029597551875 0.003602 53.55
2 2903 42.375518 -71.088684 0.029607740688 0.003602 53.55
2 2904 42.375525 -71.088677 0.029617929502 0.003602 53.55
2 2905 42.375532 -71.088670 0.029628118316 0.003602 53.55
2 2906 42.375539 -71.088663 0.029638307588 0.003602 53.55
2 2907 42.375547 -71.088655 0.029648496860 0.003602 53.55
2 2908 42.375554 -71.088648 0.029658686132 0.003602 53.55
2 2909 42.375561 -71.088641 0.029668875404 0.003602 53.55
2 2910 42.375568 -71.088634 0.029679064676 0.003603 53.55
2 2911 42.375575 -71.088627 0.029689254403 0.003603 53.55
2 2912 42.375583 -71.088619 0.029699444129 0.003603 53.55
2 2913 42.375590 -71.088612 0.029709633855 0.003603 53.55
2 2914 42.375597 -71.088605 0.029719823581 0.003603 53.55
2 2915 42.375604 -71.088598 0.029730013308 0.003603 53.55
2 2916 42.375611 -71.088591 0.029740203484 0.003603 53.55
2 2917 42.375619 -71.088583 0.029750393660 0.003603 53.55
2 2918 42.375626 -71.088576 0.029760583836 0.003603 53.55
2 2919 42.375633 -71.088569 0.029770774013 0.003603 53.55
2 2920 42.375640 -71.088562 0.029780964189 0.003603 53.55
2 2921 42.375647 -71.088555 0.029791154811 0.003603 53.55
2 2922 42.375655 -71.088547 0.029801345433 0.003603 53.55
2 2923 42.375662 -71.088540 0.029811536055 0.003603 53.55
2 2924 42.375669 -71.088533 0.029821726677 0.003603 53.55
2 2925 42.375676 -71.088526 0.029831917300 0.003603 53.55
2 2926 42.375684 -71.088518 0.029842108364 0.003603 53.55
2 2927 42.375691 -71.088511 0.029852299428 0.003603 53.55
2 2928 42.375698 -71.088504 0.029862490492 0.003603 53.55
2 2929 42.375705 -71.088497 0.029872681556 0.003603 53.55
2 2930 42.375712 -71.088490 0.029882872620 0.003603 53.55
2 2931 42.375720 -71.088482 0.029893064121 0.003603 53.55
2 2932 42.375727 -71.088475 0.029903255623 0.003603 53.55
2 2933 42.375734 -71.088468 0.029913447125 0.003603 53.55
2 2934 42.375741 -71.088461 0.029923638626 0.003603 53.55
2 2935 42.375748 -71.088454 0.029933830128 0.003603 53.55
2 2936 42.375756 -71.088446 0.029944022063 0.003603 53.55
2 2937 42.375763 -71.088439 0.029954213999 0.003603 53.55
2 2938 42.375770 -71.088432 0.029964405934 0.003603 53.55
2 2939 42.375777 -71.088425 0.029974597869 0.003603 53.55
2 2940 42.375784 -71.088418 0.029984789804 0.003604 53.55
2 2941 42.375792 -71.088410 0.029994982169 0.003604 53.55
2 2942 42.375799 -71.088403 0.030005174534 0.003604 53.55
2 2943 42.375806 -71.088396 0.030015366899 0.003604 53.55
2 2944 42.375813 -71.088389 0.030025559263 0.003604 53.55
2 2945 42.375820 -71.088382 0.030035751628 0.003604 53.55
2 2946 42.375828 -71.088374 0.030045944418 0.003604 53.55
2 2947 42.375835 -71.088367 0.030056137209 0.003604 53.55
2 2948 42.375842 -71.088360 0.030066329999 0.003604 53.55
2 2949 42.375849 -71.088353 0.030076522789 0.003604 53.55
2 2950 42.375856 -71.088346 0.030086715579 0.003604 53.55
2 2951 42.375864 -71.088338 0.030096908790 0.003604 53.55
2 2952 42.375871 -71.088331 0.030107102002 0.003604 53.55
2 2953 42.375878 -71.088324 0.030117295213 0.003604 53.55
2 2954 42.375885 -71.088317 0.030127488425 0.003604 53.55
2 2955 42.375893 -71.088309 0.030137681636 0.003604 53.55
2 2956 42.375900 -71.088302 0.030147875265 0.003604 53.55
2 2957 42.375907 -71.088295 0.030158068893 0.003604 53.55
2 2958 42.375914 -71.088288 0.030168262522 0.003604 53.55
2 2959 42.375921 -71.088281 0.030178456150 0.003604 53.55
2 2960 42.375929 -71.088273 0.030188649779 0.003604 53.55
2 2961 42.375936 -71.088266 0.030198843821 0.003604 53.55
2 2962 42.375943 -71.088259 0.030209037862 0.003604 53.55
2 2963 42.375950 -71.088252 0.030219231904 0.003604 53.55
2 2964 42.375957 -71.088245 0.030229425946 0.003604 53.55
2 2965 42.375965 -71.088237 0.030239619987 0.003604 53.55
2 2966 42.375972 -71.088230 0.030249814438 0.003604 53.55
2 2967 42.375979 -71.088223 0.030260008888 0.003604 53.55
2 2968 42.375986 -71.088216 0.030270203339 0.003604 53.55
2 2969 42.375993 -71.088209 0.030280397790 0.003604 53.55
3 2860 42.375208 -71.088994 0.029169706646 0.003601 53.54
3 2861 42.375215 -71.088987 0.029179891645 0.003601 53.54
3 2862 42.375222 -71.088980 0.029190076645 0.003601 53.54
3 2863 42.375230 -71.088972 0.029200261645 0.003601 53.54
3 2864 42.375237 -71.088965 0.029210446645 0.003601 53.54
3 2865 42.375244 -71.088958 0.029220631645 0.003601 53.54
3 2866 42.375251 -71.088951 0.029230817136 0.003601 53.54
3 2867 42.375258 -71.088944 0.029241002627 0.003601 53.54
3 2868 42.375266 -71.088936 0.029251188118 0.003601 53.54
3 2869 42.375273 -71.088929 0.029261373609 0.003601 53.55
3 2870 42.375280 -71.088922 0.029271559100 0.003601 53.55
3 2871 42.375287 -71.088915 0.029281745078 0.003601 53.55
3 2872 42.375294 -71.088908 0.029291931056 0.003601 53.55
3 2873 42.375302 -71.088900 0.029302117034 0.003601 53.55
3 2874 42.375309 -71.088893 0.029312303012 0.003601 53.55
3 2875 42.375316 -71.088886 0.029322488990 0.003601 53.55
3 2876 42.375323 -71.088879 0.029332675450 0.003601 53.55
3 2877 42.375331 -71.088871 0.029342861911 0.003601 53.55
3 2878 42.375338 -71.088864 0.029353048372 0.003601 53.55
3 2879 42.375345 -71.088857 0.029363234833 0.003601 53.55
3 2880 42.375352 -71.088850 0.029373421294 0.003602 53.55
3 2881 42.375359 -71.088843 0.029383608234 0.003602 53.55
3 2882 42.375367 -71.088835 0.029393795173 0.003602 53.55
3 2883 42.375374 -71.088828 0.029403982113 0.003602 53.55
3 2884 42.375381 -71.088821 0.029414169053 0.003602 53.55
3 2885 42.375388 -71.088814 0.029424355993 0.003602 53.55
3 2886 42.375395 -71.088807 0.029434543407 0.003602 53.55
3 2887 42.375403 -71.088799 0.029444730821 0.003602 53.55
3 2888 42.375410 -71.088792 0.029454918236 0.003602 53.55
3 2889 42.375417 -71.088785 0.029465105650 0.003602 53.55
3 2890 42.375424 -71.088778 0.029475293065 0.003602 53.55
3 2891 42.375431 -71.088771 0.029485480950 0.003602 53.55
3 2892 42.375439 -71.088763 0.029495668835 0.003602 53.55
3 2893 42.375446 -71.088756 0.029505856720 0.003602 53.55
3 2894 42.375453 -71.088749 0.029516044605 0.003602 53.55
3 2895 42.375460 -71.088742 0.029526232490 0.003602 53.55
3 2896 42.375467 -71.088735 0.029536420841 0.003602 53.55
3 2897 42.375475 -71.088727 0.029546609193 0.003602 53.55
3 2898 42.375482 -71.088720 0.029556797544 0.003602 53.55
3 2899 42.375489 -71.088713 0.029566985895 0.003602 53.55
3 2900 42.375496 -71.088706 0.029577174247 0.003602 53.55
3 2901 42.375503 -71.088699 0.029587363061 0.003602 53.55
3 2902 42.375511 -71.088691 0.029597551875 0.003602 53.55
3 2903 42.375518 -71.088684 0.029607740688 0.003602 53.55
3 2904 42.375525 -71.088677 0.029617929502 0.003602 53.55
3 2905 42.375532 -71.088670 0.029628118316 0.003602 53.55
3 2906 42.375539 -71.088663 0.029638307588 0.003602 53.55
3 2907 42.375547 -71.088655 0.029648496860 0.003602 53.55
3 2908 42.375554 -71.088648 0.029658686132 0.003602 53.55
3 2909 42.375561 -71.088641 0.029668875404 0.003602 53.55
3 2910 42.375568 -71.088634 0.029679064676 0.003603 53.55
3 2911 42.375575 -71.088627 0.029689254403 0.003603 53.55
3 2912 42.375583 -71.088619 0.029699444129 0.003603 53.55
3 2913 42.375590 -71.088612 0.029709633855 0.003603 53.55
3 2914 42.375597 -71.088605 0.029719823581 0.003603 53.55
3 2915 42.375604 -71.088598 0.029730013308 0.003603 53.55
3 2916 42.375611 -71.088591 0.029740203484 0.003603 53.55
3 2917 42.375619 -71.088583 0.029750393660 0.003603 53.55
3 2918 42.375626 -71.088576 0.029760583836 0.003603 53.55
3 2919 42.375633 -71.088569 0.029770774013 0.003603 53.55
3 2920 42.375640 -71.088562 0.029780964189 0.003603 53.55
3 2921 42.375647 -71.088555 0.029791154811 0.003603 53.55
3 2922 42.375655 -71.088547 0.029801345433 0.003603 53.55
3 2923 42.375662 -71.088540 0.029811536055 0.003603 53.55
3 2924 42.375669 -71.088533 0.029821726677 0.003603 53.55
3 2925 42.375676 -71.088526 0.029831917300 0.003603 53.55
3 2926 42.375684 -71.088518 0.029842108364 0.003603 53.55
3 2927 42.375691 -71.088511 0.029852299428 0.003603 53.55
3 2928 42.375698 -71.088504 0.029862490492 0.003603 53.55
3 2929 42.375705 -71.088497 0.029872681556 0.003603 53.55
3 2930 42.375712 -71.088490 0.029882872620 0.003603 53.55
3 2931 42.375720 -71.088482 0.029893064121 0.003603 53.55
3 2932 42.375727 -71.088475 0.029903255623 0.003603 53.55
3 2933 42.375734 -71.088468 0.029913447125 0.003603 53.55
3 2934 42.375741 -71.088461 0.029923638626 0.003603 53.55
3 2935 42.375748 -71.088454 0.029933830128 0.003603 53.55
3 2936 42.375756 -71.088446 0.029944022063 0.003603 53.55
3 2937 42.375763 -71.088439 0.029954213999 0.003603 53.55
3 2938 42.375770 -71.088432 0.029964405934 0.003603 53.55
3 2939 42.375777 -71.088425 0.029974597869 0.003603 53.55
3 2940 42.375784 -71.088418 0.029984789804 0.003604 53.55
3 2941 42.375792 -71.088410 0.029994982169 0.003604 53.55
3 2942 42.375799 -71.088403 0.030005174534 0.003604 53.55
3 2943 42.375806 -71.088396 0.030015366899 0.003604 53.55
3 2944 42.375813 -71.088389 0.030025559263 0.003604 53.55
3 2945 42.375820 -71.088382 0.030035751628 0.003604 53.55
3 2946 42.375828 -71.088374 0.030045944418 0.003604 53.55
3 2947 42.375835 -71.088367 0.030056137209 0.003604 53.55
3 2948 42.375842 -71.088360 0.030066329999 0.003604 53.55
3 2949 42.375849 -71.088353 0.030076522789 0.003604 53.55
3 2950 42.375856 -71.088346 0.030086715579 0.003604 53.55
3 2951 42.375864 -71.088338 0.030096908790 0.003604 53.55
3 2952 42.375871 -71.088331 0.030107102002 0.003604 53.55
3 2953 42.375878 -71.088324 0.030117295213 0.003604 53.55
3 2954 42.375885 -71.088317 0.030127488425 0.003604 53.55
3 2955 42.375893 -71.088309 0.030137681636 0.003604 53.55
3 2956 42.375900 -71.088302 0.030147875265 0.003604 53.55
3 2957 42.375907 -71.088295 0.030158068893 0.003604 53.55
3 2958 42.375914 -71.088288 0.030168262522 0.003604 53.55
3 2959 42.375921 -71.088281 0.030178456150 0.003604 53.55
3 2960 42.375929 -71.088273 0.030188649779 0.003604 53.55
3 2961 42.375936 -71.088266 0.030198843821 0.003604 53.55
3 2962 42.375943 -71.088259 0.030209037862 0.003604 53.55
3 2963 42.375950 -71.088252 0.030219231904 0.003604 53.55
3 2964 42.375957 -71.088245 0.030229425946 0.003604 53.55
3 2965 42.375965 -71.088237 0.030239619987 0.003604 53.55
3 2966 42.375972 -71.088230 0.030249814438 0.003604 53.55
3 2967 42.375979 -71.088223 0.030260008888 0.003604 53.55
3 2968 42.375986 -71.088216 0.030270203339 0.003604 53.55
3 2969 42.375993 -71.088209 0.030280397790 0.003604 53.55
4 2860 42.375208 -71.088994 0.029169706646 0.003601 53.54
4 2861 42.375215 -71.088987 0.029179891645 0.003601 53.54
4 2862 42.375222 -71.088980 0.029190076645 0.003601 53.54
4 2863 42.375230 -71.088972 0.029200261645 0.003601 53.54
4 2864 42.375237 -71.088965 0.029210446645 0.003601 53.54
4 2865 42.375244 -71.088958 0.029220631645 0.003601 53.54
4 2866 42.375251 -71.088951 0.029230817136 0.003601 53.54
4 2867 42.375258 -71.088944 0.029241002627 0.003601 53.54
4 2868 42.375266 -71.088936 0.029251188118 0.003601 53.54
4 2869 42.375273 -71.088929 0.029261373609 0.003601 53.55
4 2870 42.375280 -71.088922 0.029271559100 0.003601 53.55
4 2871 42.375287 -71.088915 0.029281745078 0.003601 53.55
4 2872 42.375294 -71.088908 0.029291931056 0.003601 53.55
4 2873 42.375302 -71.088900 0.029302117034 0.003601 53.55
4 2874 42.375309 -71.088893 0.029312303012 0.003601 53.55
4 2875 42.375316 -71.088886 0.029322488990 0.003601 53.55
4 2876 42.375323 -71.088879 0.029332675450 0.003601 53.55
4 2877 42.375331 -71.088871 0.029342861911 0.003601 53.55
4 2878 42.375338 -71.088864 0.029353048372 0.003601 53.55
4 2879 42.375345 -71.088857 0.029363234833 0.003601 53.55
4 2880 42.375352 -71.088850 0.029373421294 0.003602 53.55
4 2881 42.375359 -71.088843 0.029383608234 0.003602 53.55
4 2882 42.375367 -71.088835 0.029393795173 0.003602 53.55
4 2883 42.375374 -71.088828 0.029403982113 0.003602 53.55
4 2884 42.375381 -71.088821 0.029414169053 0.003602 53.55
4 2885 42.375388 -71.088814 0.029424355993 0.003602 53.55
4 2886 42.375395 -71.088807 0.029434543407 0.003602 53.55
4 2887 42.375403 -71.088799 0.029444730821 0.003602 53.55
4 2888 42.375410 -71.088792 0.029454918236 0.003602 53.55
4 2889 42.375417 -71.088785 0.029465105650 0.003602 53.55
4 2890 42.375424 -71.088778 0.029475293065 0.003602 53.55
4 2891 42.375431 -71.088771 0.029485480950 0.003602 53.55
4 2892 42.375439 -71.088763 0.029495668835 0.003602 53.55
4 2893 42.375446 -71.088756 0.029505856720 0.003602 53.55
4 2894 42.375453 -71.088749 0.029516044605 0.003602 53.55
4 2895 42.375460 -71.088742 0.029526232490 0.003602 53.55
4 2896 42.375467 -71.088735 0.029536420841 0.003602 53.55
4 2897 42.375475 -71.088727 0.029546609193 0.003602 53.55
4 2898 42.375482 -71.088720 0.029556797544 0.003602 53.55
4 2899 42.375489 -71.088713 0.029566985895 0.003602 53.55
4 2900 42.375496 -71.088706 0.029577174247 0.003602 53.55
4 2901 42.375503 -71.088699 0.029587363061 0.003602 53.55
4 2902 42.375511 -71.088691 0.029597551875 0.003602 53.55
4 2903 42.375518 -71.088684 0.029607740688 0.003602 53.55
4 2904 42.375525 -71.088677 0.029617929502 0.003602 53.55
4 2905 42.375532 -71.088670 0.029628118316 0.003602 53.55
4 2906 42.375539 -71.088663 0.029638307588 0.003602 53.55
4 2907 42.375547 -71.088655 0.029648496860 0.003602 53.55
4 2908 42.375554 -71.088648 0.029658686132 0.003602 53.55
4 2909 42.375561 -71.088641 0.029668875404 0.003602 53.55
4 2910 42.375568 -71.088634 0.029679064676 0.003603 53.55
4 2911 42.375575 -71.088627 0.029689254403 0.003603 53.55
4 2912 42.375583 -71.088619 0.029699444129 0.003603 53.55
4 2913 42.375590 -71.088612 0.029709633855 0.003603 53.55
4 2914 42.375597 -71.088605 0.029719823581 0.003603 53.55
4 2915 42.375604 -71.088598 0.029730013308 0.003603 53.55
4 2916 42.375611 -71.088591 0.029740203484 0.003603 53.55
4 2917 42.375619 -71.088583 0.029750393660 0.003603 53.55
4 2918 42.375626 -71.088576 0.029760583836 0.003603 53.55
4 2919 42.375633 -71.088569 0.029770774013 0.003603 53.55
4 2920 42.375640 -71.088562 0.029780964189 0.003603 53.55
4 2921 42.375647 -71.088555 0.029791154811 0.003603 53.55
4 2922 42.375655 -71.088547 0.029801345433 0.003603 53.55
4 2923 42.375662 -71.088540 0.029811536055 0.003603 53.55
4 2924 42.375669 -71.088533 0.029821726677 0.003603 53.55
4 2925 42.375676 -71.088526 0.029831917300 0.003603 53.55
4 2926 42.375684 -71.088518 0.029842108364 0.003603 53.55
4 2927 42.375691 -71.088511 0.029852299428 0.003603 53.55
4 2928 42.375698 -71.088504 0.029862490492 0.003603 53.55
4 2929 42.375705 -71.088497 0.029872681556 0.003603 53.55
4 2930 42.375712 -71.088490 0.029882872620 0.003603 53.55
4 2931 42.375720 -71.088482 0.029893064121 0.003603 53.55
4 2932 42.375727 -71.088475 0.029903255623 0.003603 53.55
4 2933 42.375734 -71.088468 0.029913447125 0.003603 53.55
4 2934 42.375741 -71.088461 0.029923638626 0.003603 53.55
4 2935 42.375748 -71.088454 0.029933830128 0.003603 53.55
4 2936 42.375756 -71.088446 0.029944022063 0.003603 53.55
4 2937 42.375763 -71.088439 0.029954213999 0.003603 53.55
4 2938 42.375770 -71.088432 0.029964405934 0.003603 53.55
4 2939 42.375777 -71.088425 0.029974597869 0.003603 53.55
4 2940 42.375784 -71.088418 0.029984789804 0.003604 53.55
4 2941 42.375792 -71.088410 0.029994982169 0.003604 53.55
4 2942 42.375799 -71.088403 0.030005174534 0.003604 53.55
4 2943 42.375806 -71.088396 0.030015366899 0.003604 53.55
4 2944 42.375813 -71.088389 0.030025559263 0.003604 53.55
4 2945 42.375820 -71.088382 0.030035751628 0.003604 53.55
4 2946 42.375828 -71.088374 0.030045944418 0.003604 53.55
4 2947 42.375835 -71.088367 0.030056137209 0.003604 53.55
4 2948 42.375842 -71.088360 0.030066329999 0.003604 53.55
4 2949 42.375849 -71.088353 0.030076522789 0.003604 53.55
4 2950 42.375856 -71.088346 0.030086715579 0.003604 53.55
4 2951 42.375864 -71.088338 0.030096908790 0.003604 53.55
4 2952 42.375871 -71.088331 0.030107102002 0.003604 53.55
4 2953 42.375878 -71.088324 0.030117295213 0.003604 53.55
4 2954 42.375885 -71.088317 0.030127488425 0.003604 53.55
4 2955 42.375893 -71.088309 0.030137681636 0.003604 53.55
4 2956 42.375900 -71.088302 0.030147875265 0.003604 53.55
4 2957 42.375907 -71.088295 0.030158068893 0.003604 53.55
4 2958 42.375914 -71.088288 0.030168262522 0.003604 53.55
4 2959 42.375921 -71.088281 0.030178456150 0.003604 53.55
4 2960 42.375929 -71.088273 0.030188649779 0.003604 53.55
4 2961 42.375936 -71.088266 0.030198843821 0.003604 53.55
4 2962 42.375943 -71.088259 0.030209037862 0.003604 53.55
4 2963 42.375950 -71.088252 0.030219231904 0.003604 53.55
4 2964 42.375957 -71.088245 0.030229425946 0.003604 53.55
4 2965 42.375965 -71.088237 0.030239619987 0.003604 53.55
4 2966 42.375972 -71.088230 0.030249814438 0.003604 53.55
4 2967 42.375979 -71.088223 0.030260008888 0.003604 53.55
4 2968 42.375986 -71.088216 0.030270203339 0.003604 53.55
4 2969 42.375993 -71.088209 0.030280397790 0.003604 53.55
