1 2721 42.374208 -71.089994 0.027754830803 0.003599 53.54
1 2722 42.374215 -71.089987 0.027765010170 0.003599 53.54
1 2723 42.374222 -71.089980 0.027775189537 0.003599 53.54
1 2724 42.374229 -71.089973 0.027785368904 0.003599 53.54
1 2725 42.374236 -71.089966 0.027795548272 0.003599 53.54
1 2726 42.374244 -71.089958 0.027805727108 0.003599 53.54
1 2727 42.374251 -71.089951 0.027815905944 0.003599 53.54
1 2728 42.374258 -71.089944 0.027826084779 0.003599 53.54
1 2729 42.374265 -71.089937 0.027836263615 0.003599 53.54
1 2730 42.374272 -71.089930 0.027846442451 0.003599 53.54
1 2731 42.374280 -71.089922 0.027856620752 0.003599 53.54
1 2732 42.374287 -71.089915 0.027866799052 0.003599 53.54
1 2733 42.374294 -71.089908 0.027876977353 0.003599 53.54
1 2734 42.374301 -71.089901 0.027887155653 0.003599 53.54
1 2735 42.374308 -71.089894 0.027897333954 0.003598 53.54
1 2736 42.374316 -71.089886 0.027907511715 0.003598 53.54
1 2737 42.374323 -71.089879 0.027917689476 0.003598 53.54
1 2738 42.374330 -71.089872 0.027927867237 0.003598 53.54
1 2739 42.374337 -71.089865 0.027938044998 0.003598 53.54
1 2740 42.374344 -71.089858 0.027948222759 0.003598 53.54
1 2741 42.374352 -71.089850 0.027958399976 0.003598 53.54
1 2742 42.374359 -71.089843 0.027968577193 0.003598 53.54
1 2743 42.374366 -71.089836 0.027978754411 0.003598 53.54
1 2744 42.374373 -71.089829 0.027988931628 0.003598 53.54
1 2745 42.374380 -71.089822 0.027999108845 0.003598 53.54
1 2746 42.374388 -71.089814 0.028009285515 0.003598 53.54
1 2747 42.374395 -71.089807 0.028019462184 0.003598 53.54
1 2748 42.374402 -71.089800 0.028029638854 0.003598 53.54
1 2749 42.374409 -71.089793 0.028039815523 0.003598 53.54
1 2750 42.374416 -71.089786 0.028049992193 0.003598 53.54
1 2751 42.374424 -71.089778 0.028060168310 0.003598 53.54
1 2752 42.374431 -71.089771 0.028070344428 0.003598 53.54
1 2753 42.374438 -71.089764 0.028080520546 0.003598 53.54
1 2754 42.374445 -71.089757 0.028090696663 0.003598 53.54
1 2755 42.374452 -71.089750 0.028100872781 0.003598 53.54
1 2756 42.374459 -71.089743 0.028111048343 0.003598 53.54
1 2757 42.374467 -71.089735 0.028121223904 0.003598 53.54
1 2758 42.374474 -71.089728 0.028131399466 0.003598 53.54
1 2759 42.374481 -71.089721 0.028141575028 0.003598 53.54
1 2760 42.374488 -71.089714 0.028151750589 0.003597 53.54
1 2761 42.374495 -71.089707 0.028161925591 0.003597 53.54
1 2762 42.374503 -71.089699 0.028172100592 0.003597 53.54
1 2763 42.374510 -71.089692 0.028182275594 0.003597 53.54
1 2764 42.374517 -71.089685 0.028192450595 0.003597 53.54
1 2765 42.374524 -71.089678 0.028202625597 0.003597 53.54
1 2766 42.374531 -71.089671 0.028212800483 0.003597 53.54
1 2767 42.374539 -71.089663 0.028222975370 0.003597 53.54
1 2768 42.374546 -71.089656 0.028233150257 0.003597 53.54
1 2769 42.374553 -71.089649 0.028243325143 0.003597 53.54
1 2770 42.374560 -71.089642 0.028253500030 0.003598 53.54
1 2771 42.374567 -71.089635 0.028263675486 0.003598 53.54
1 2772 42.374575 -71.089627 0.028273850942 0.003598 53.54
1 2773 42.374582 -71.089620 0.028284026398 0.003598 53.54
1 2774 42.374589 -71.089613 0.028294201853 0.003598 53.54
1 2775 42.374596 -71.089606 0.028304377309 0.003598 53.54
1 2776 42.374603 -71.089599 0.028314553330 0.003598 53.54
1 2777 42.374611 -71.089591 0.028324729352 0.003598 53.54
1 2778 42.374618 -71.089584 0.028334905373 0.003598 53.54
1 2779 42.374625 -71.089577 0.028345081394 0.003598 53.54
1 2780 42.374632 -71.089570 0.028355257415 0.003598 53.54
1 2781 42.374639 -71.089563 0.028365433997 0.003598 53.54
1 2782 42.374647 -71.089555 0.028375610579 0.003598 53.54
1 2783 42.374654 -71.089548 0.028385787161 0.003598 53.54
1 2784 42.374661 -71.089541 0.028395963744 0.003598 53.54
1 2785 42.374668 -71.089534 0.028406140326 0.003598 53.54
1 2786 42.374675 -71.089527 0.028416317465 0.003598 53.54
1 2787 42.374683 -71.089519 0.028426494604 0.003598 53.54
1 2788 42.374690 -71.089512 0.028436671743 0.003598 53.54
1 2789 42.374697 -71.089505 0.028446848882 0.003598 53.54
1 2790 42.374704 -71.089498 0.028457026022 0.003598 53.54
1 2791 42.374711 -71.089491 0.028467203714 0.003598 53.54
1 2792 42.374719 -71.089483 0.028477381406 0.003598 53.54
1 2793 42.374726 -71.089476 0.028487559098 0.003598 53.54
1 2794 42.374733 -71.089469 0.028497736790 0.003598 53.54
1 2795 42.374740 -71.089462 0.028507914482 0.003599 53.54
1 2796 42.374747 -71.089455 0.028518092722 0.003599 53.54
1 2797 42.374755 -71.089447 0.028528270963 0.003599 53.54
1 2798 42.374762 -71.089440 0.028538449204 0.003599 53.54
1 2799 42.374769 -71.089433 0.028548627445 0.003599 53.54
1 2800 42.374776 -71.089426 0.028558805685 0.003599 53.54
1 2801 42.374783 -71.089419 0.028568984471 0.003599 53.54
1 2802 42.374790 -71.089412 0.028579163256 0.003599 53.54
1 2803 42.374798 -71.089404 0.028589342041 0.003599 53.54
1 2804 42.374805 -71.089397 0.028599520827 0.003599 53.54
1 2805 42.374812 -71.089390 0.028609699612 0.003599 53.54
1 2806 42.374819 -71.089383 0.028619878938 0.003599 53.54
1 2807 42.374826 -71.089376 0.028630058264 0.003599 53.54
1 2808 42.374834 -71.089368 0.028640237590 0.003599 53.54
1 2809 42.374841 -71.089361 0.028650416915 0.003599 53.54
1 2810 42.374848 -71.089354 0.028660596241 0.003599 53.54
1 2811 42.374855 -71.089347 0.028670776104 0.003599 53.54
1 2812 42.374862 -71.089340 0.028680955966 0.003599 53.54
1 2813 42.374870 -71.089332 0.028691135828 0.003599 53.54
1 2814 42.374877 -71.089325 0.028701315690 0.003599 53.54
1 2815 42.374884 -71.089318 0.028711495552 0.003599 53.54
1 2816 42.374891 -71.089311 0.028721675947 0.003599 53.54
1 2817 42.374898 -71.089304 0.028731856341 0.003599 53.54
1 2818 42.374906 -71.089296 0.028742036736 0.003599 53.54
1 2819 42.374913 -71.089289 0.028752217130 0.003599 53.54
1 2820 42.374920 -71.089282 0.028762397525 0.003599 53.54
1 2821 42.374927 -71.089275 0.028772578448 0.003599 53.54
1 2822 42.374934 -71.089268 0.028782759370 0.003599 53.54
1 2823 42.374942 -71.089260 0.028792940293 0.003599 53.54
1 2824 42.374949 -71.089253 0.028803121216 0.003599 53.54
1 2825 42.374956 -71.089246 0.028813302138 0.003600 53.54
1 2826 42.374963 -71.089239 0.028823483585 0.003600 53.54
1 2827 42.374970 -71.089232 0.028833665032 0.003600 53.54
1 2828 42.374978 -71.089224 0.028843846478 0.003600 53.54
1 2829 42.374985 -71.089217 0.028854027925 0.003600 53.54
1 2830 42.374992 -71.089210 0.028864209372 0.003600 53.54
1 2831 42.374999 -71.089203 0.028874391338 0.003600 53.54
2 2721 42.374208 -71.089994 0.027754830803 0.003599 53.54
2 2722 42.374215 -71.089987 0.027765010170 0.003599 53.54
2 2723 42.374222 -71.089980 0.027775189537 0.003599 53.54
2 2724 42.374229 -71.089973 0.027785368904 0.003599 53.54
2 2725 42.374236 -71.089966 0.027795548272 0.003599 53.54
2 2726 42.374244 -71.089958 0.027805727108 0.003599 53.54
2 2727 42.374251 -71.089951 0.027815905944 0.003599 53.54
2 2728 42.374258 -71.089944 0.027826084779 0.003599 53.54
2 2729 42.374265 -71.089937 0.027836263615 0.003599 53.54
2 2730 42.374272 -71.089930 0.027846442451 0.003599 53.54
2 2731 42.374280 -71.089922 0.027856620752 0.003599 53.54
2 2732 42.374287 -71.089915 0.027866799052 0.003599 53.54
2 2733 42.374294 -71.089908 0.027876977353 0.003599 53.54
2 2734 42.374301 -71.089901 0.027887155653 0.003599 53.54
2 2735 42.374308 -71.089894 0.027897333954 0.003598 53.54
2 2736 42.374316 -71.089886 0.027907511715 0.003598 53.54
2 2737 42.374323 -71.089879 0.027917689476 0.003598 53.54
2 2738 42.374330 -71.089872 0.027927867237 0.003598 53.54
2 2739 42.374337 -71.089865 0.027938044998 0.003598 53.54
2 2740 42.374344 -71.089858 0.027948222759 0.003598 53.54
2 2741 42.374352 -71.089850 0.027958399976 0.003598 53.54
2 2742 42.374359 -71.089843 0.027968577193 0.003598 53.54
2 2743 42.374366 -71.089836 0.027978754411 0.003598 53.54
2 2744 42.374373 -71.089829 0.027988931628 0.003598 53.54
2 2745 42.374380 -71.089822 0.027999108845 0.003598 53.54
2 2746 42.374388 -71.089814 0.028009285515 0.003598 53.54
2 2747 42.374395 -71.089807 0.028019462184 0.003598 53.54
2 2748 42.374402 -71.089800 0.028029638854 0.003598 53.54
2 2749 42.374409 -71.089793 0.028039815523 0.003598 53.54
2 2750 42.374416 -71.089786 0.028049992193 0.003598 53.54
2 2751 42.374424 -71.089778 0.028060168310 0.003598 53.54
2 2752 42.374431 -71.089771 0.028070344428 0.003598 53.54
2 2753 42.374438 -71.089764 0.028080520546 0.003598 53.54
2 2754 42.374445 -71.089757 0.028090696663 0.003598 53.54
2 2755 42.374452 -71.089750 0.028100872781 0.003598 53.54
2 2756 42.374459 -71.089743 0.028111048343 0.003598 53.54
2 2757 42.374467 -71.089735 0.028121223904 0.003598 53.54
2 2758 42.374474 -71.089728 0.028131399466 0.003598 53.54
2 2759 42.374481 -71.089721 0.028141575028 0.003598 53.54
2 2760 42.374488 -71.089714 0.028151750589 0.003597 53.54
2 2761 42.374495 -71.089707 0.028161925591 0.003597 53.54
2 2762 42.374503 -71.089699 0.028172100592 0.003597 53.54
2 2763 42.374510 -71.089692 0.028182275594 0.003597 53.54
2 2764 42.374517 -71.089685 0.028192450595 0.003597 53.54
2 2765 42.374524 -71.089678 0.028202625597 0.003597 53.54
2 2766 42.374531 -71.089671 0.028212800483 0.003597 53.54
2 2767 42.374539 -71.089663 0.028222975370 0.003597 53.54
2 2768 42.374546 -71.089656 0.028233150257 0.003597 53.54
2 2769 42.374553 -71.089649 0.028243325143 0.003597 53.54
2 2770 42.374560 -71.089642 0.028253500030 0.003598 53.54
2 2771 42.374567 -71.089635 0.028263675486 0.003598 53.54
2 2772 42.374575 -71.089627 0.028273850942 0.003598 53.54
2 2773 42.374582 -71.089620 0.028284026398 0.003598 53.54
2 2774 42.374589 -71.089613 0.028294201853 0.003598 53.54
2 2775 42.374596 -71.089606 0.028304377309 0.003598 53.54
2 2776 42.374603 -71.089599 0.028314553330 0.003598 53.54
2 2777 42.374611 -71.089591 0.028324729352 0.003598 53.54
2 2778 42.374618 -71.089584 0.028334905373 0.003598 53.54
2 2779 42.374625 -71.089577 0.028345081394 0.003598 53.54
2 2780 42.374632 -71.089570 0.028355257415 0.003598 53.54
2 2781 42.374639 -71.089563 0.028365433997 0.003598 53.54
2 2782 42.374647 -71.089555 0.028375610579 0.003598 53.54
2 2783 42.374654 -71.089548 0.028385787161 0.003598 53.54
2 2784 42.374661 -71.089541 0.028395963744 0.003598 53.54
2 2785 42.374668 -71.089534 0.028406140326 0.003598 53.54
2 2786 42.374675 -71.089527 0.028416317465 0.003598 53.54
2 2787 42.374683 -71.089519 0.028426494604 0.003598 53.54
2 2788 42.374690 -71.089512 0.028436671743 0.003598 53.54
2 2789 42.374697 -71.089505 0.028446848882 0.003598 53.54
2 2790 42.374704 -71.089498 0.028457026022 0.003598 53.54
2 2791 42.374711 -71.089491 0.028467203714 0.003598 53.54
2 2792 42.374719 -71.089483 0.028477381406 0.003598 53.54
2 2793 42.374726 -71.089476 0.028487559098 0.003598 53.54
2 2794 42.374733 -71.089469 0.028497736790 0.003598 53.54
2 2795 42.374740 -71.089462 0.028507914482 0.003599 53.54
2 2796 42.374747 -71.089455 0.028518092722 0.003599 53.54
2 2797 42.374755 -71.089447 0.028528270963 0.003599 53.54
2 2798 42.374762 -71.089440 0.028538449204 0.003599 53.54
2 2799 42.374769 -71.089433 0.028548627445 0.003599 53.54
2 2800 42.374776 -71.089426 0.028558805685 0.003599 53.54
2 2801 42.374783 -71.089419 0.028568984471 0.003599 53.54
2 2802 42.374790 -71.089412 0.028579163256 0.003599 53.54
2 2803 42.374798 -71.089404 0.028589342041 0.003599 53.54
2 2804 42.374805 -71.089397 0.028599520827 0.003599 53.54
2 2805 42.374812 -71.089390 0.028609699612 0.003599 53.54
2 2806 42.374819 -71.089383 0.028619878938 0.003599 53.54
2 2807 42.374826 -71.089376 0.028630058264 0.003599 53.54
2 2808 42.374834 -71.089368 0.028640237590 0.003599 53.54
2 2809 42.374841 -71.089361 0.028650416915 0.003599 53.54
2 2810 42.374848 -71.089354 0.028660596241 0.003599 53.54
2 2811 42.374855 -71.089347 0.028670776104 0.003599 53.54
2 2812 42.374862 -71.089340 0.028680955966 0.003599 53.54
2 2813 42.374870 -71.089332 0.028691135828 0.003599 53.54
2 2814 42.374877 -71.089325 0.028701315690 0.003599 53.54
2 2815 42.374884 -71.089318 0.028711495552 0.003599 53.54
2 2816 42.374891 -71.089311 0.028721675947 0.003599 53.54
2 2817 42.374898 -71.089304 0.028731856341 0.003599 53.54
2 2818 42.374906 -71.089296 0.028742036736 0.003599 53.54
2 2819 42.374913 -71.089289 0.028752217130 0.003599 53.54
2 2820 42.374920 -71.089282 0.028762397525 0.003599 53.54
2 2821 42.374927 -71.089275 0.028772578448 0.003599 53.54
2 2822 42.374934 -71.089268 0.028782759370 0.003599 53.54
2 2823 42.374942 -71.089260 0.028792940293 0.003599 53.54
2 2824 42.374949 -71.089253 0.028803121216 0.003599 53.54
2 2825 42.374956 -71.089246 0.028813302138 0.003600 53.54
2 2826 42.374963 -71.089239 0.028823483585 0.003600 53.54
2 2827 42.374970 -71.089232 0.028833665032 0.003600 53.54
2 2828 42.374978 -71.089224 0.028843846478 0.003600 53.54
2 2829 42.374985 -71.089217 0.028854027925 0.003600 53.54
2 2830 42.374992 -71.089210 0.028864209372 0.003600 53.54
2 2831 42.374999 -71.089203 0.028874391338 0.003600 53.54
3 2721 42.374208 -71.089994 0.027754830803 0.003599 53.54
3 2722 42.374215 -71.089987 0.027765010170 0.003599 53.54
3 2723 42.374222 -71.089980 0.027775189537 0.003599 53.54
3 2724 42.374229 -71.089973 0.027785368904 0.003599 53.54
3 2725 42.374236 -71.089966 0.027795548272 0.003599 53.54
3 2726 42.374244 -71.089958 0.027805727108 0.003599 53.54
3 2727 42.374251 -71.089951 0.027815905944 0.003599 53.54
3 2728 42.374258 -71.089944 0.027826084779 0.003599 53.54
3 2729 42.374265 -71.089937 0.027836263615 0.003599 53.54
3 2730 42.374272 -71.089930 0.027846442451 0.003599 53.54
3 2731 42.374280 -71.089922 0.027856620752 0.003599 53.54
3 2732 42.374287 -71.089915 0.027866799052 0.003599 53.54
3 2733 42.374294 -71.089908 0.027876977353 0.003599 53.54
3 2734 42.374301 -71.089901 0.027887155653 0.003599 53.54
3 2735 42.374308 -71.089894 0.027897333954 0.003598 53.54
3 2736 42.374316 -71.089886 0.027907511715 0.003598 53.54
3 2737 42.374323 -71.089879 0.027917689476 0.003598 53.54
3 2738 42.374330 -71.089872 0.027927867237 0.003598 53.54
3 2739 42.374337 -71.089865 0.027938044998 0.003598 53.54
3 2740 42.374344 -71.089858 0.027948222759 0.003598 53.54
3 2741 42.374352 -71.089850 0.027958399976 0.003598 53.54
3 2742 42.374359 -71.089843 0.027968577193 0.003598 53.54
3 2743 42.374366 -71.089836 0.027978754411 0.003598 53.54
3 2744 42.374373 -71.089829 0.027988931628 0.003598 53.54
3 2745 42.374380 -71.089822 0.027999108845 0.003598 53.54
3 2746 42.374388 -71.089814 0.028009285515 0.003598 53.54
3 2747 42.374395 -71.089807 0.028019462184 0.003598 53.54
3 2748 42.374402 -71.089800 0.028029638854 0.003598 53.54
3 2749 42.374409 -71.089793 0.028039815523 0.003598 53.54
3 2750 42.374416 -71.089786 0.028049992193 0.003598 53.54
3 2751 42.374424 -71.089778 0.028060168310 0.003598 53.54
3 2752 42.374431 -71.089771 0.028070344428 0.003598 53.54
3 2753 42.374438 -71.089764 0.028080520546 0.003598 53.54
3 2754 42.374445 -71.089757 0.028090696663 0.003598 53.54
3 2755 42.374452 -71.089750 0.028100872781 0.003598 53.54
3 2756 42.374459 -71.089743 0.028111048343 0.003598 53.54
3 2757 42.374467 -71.089735 0.028121223904 0.003598 53.54
3 2758 42.374474 -71.089728 0.028131399466 0.003598 53.54
3 2759 42.374481 -71.089721 0.028141575028 0.003598 53.54
3 2760 42.374488 -71.089714 0.028151750589 0.003597 53.54
3 2761 42.374495 -71.089707 0.028161925591 0.003597 53.54
3 2762 42.374503 -71.089699 0.028172100592 0.003597 53.54
3 2763 42.374510 -71.089692 0.028182275594 0.003597 53.54
3 2764 42.374517 -71.089685 0.028192450595 0.003597 53.54
3 2765 42.374524 -71.089678 0.028202625597 0.003597 53.54
3 2766 42.374531 -71.089671 0.028212800483 0.003597 53.54
3 2767 42.374539 -71.089663 0.028222975370 0.003597 53.54
3 2768 42.374546 -71.089656 0.028233150257 0.003597 53.54
3 2769 42.374553 -71.089649 0.028243325143 0.003597 53.54
3 2770 42.374560 -71.089642 0.028253500030 0.003598 53.54
3 2771 42.374567 -71.089635 0.028263675486 0.003598 53.54
3 2772 42.374575 -71.089627 0.028273850942 0.003598 53.54
3 2773 42.374582 -71.089620 0.028284026398 0.003598 53.54
3 2774 42.374589 -71.089613 0.028294201853 0.003598 53.54
3 2775 42.374596 -71.089606 0.028304377309 0.003598 53.54
3 2776 42.374603 -71.089599 0.028314553330 0.003598 53.54
3 2777 42.374611 -71.089591 0.028324729352 0.003598 53.54
3 2778 42.374618 -71.089584 0.028334905373 0.003598 53.54
3 2779 42.374625 -71.089577 0.028345081394 0.003598 53.54
3 2780 42.374632 -71.089570 0.028355257415 0.003598 53.54
3 2781 42.374639 -71.089563 0.028365433997 0.003598 53.54
3 2782 42.374647 -71.089555 0.028375610579 0.003598 53.54
3 2783 42.374654 -71.089548 0.028385787161 0.003598 53.54
3 2784 42.374661 -71.089541 0.028395963744 0.003598 53.54
3 2785 42.374668 -71.089534 0.028406140326 0.003598 53.54
3 2786 42.374675 -71.089527 0.028416317465 0.003598 53.54
3 2787 42.374683 -71.089519 0.028426494604 0.003598 53.54
3 2788 42.374690 -71.089512 0.028436671743 0.003598 53.54
3 2789 42.374697 -71.089505 0.028446848882 0.003598 53.54
3 2790 42.374704 -71.089498 0.028457026022 0.003598 53.54
3 2791 42.374711 -71.089491 0.028467203714 0.003598 53.54
3 2792 42.374719 -71.089483 0.028477381406 0.003598 53.54
3 2793 42.374726 -71.089476 0.028487559098 0.003598 53.54
3 2794 42.374733 -71.089469 0.028497736790 0.003598 53.54
3 2795 42.374740 -71.089462 0.028507914482 0.003599 53.54
3 2796 42.374747 -71.089455 0.028518092722 0.003599 53.54
3 2797 42.374755 -71.089447 0.028528270963 0.003599 53.54
3 2798 42.374762 -71.089440 0.028538449204 0.003599 53.54
3 2799 42.374769 -71.089433 0.028548627445 0.003599 53.54
3 2800 42.374776 -71.089426 0.028558805685 0.003599 53.54
3 2801 42.374783 -71.089419 0.028568984471 0.003599 53.54
3 2802 42.374790 -71.089412 0.028579163256 0.003599 53.54
3 2803 42.374798 -71.089404 0.028589342041 0.003599 53.54
3 2804 42.374805 -71.089397 0.028599520827 0.003599 53.54
3 2805 42.374812 -71.089390 0.028609699612 0.003599 53.54
3 2806 42.374819 -71.089383 0.028619878938 0.003599 53.54
3 2807 42.374826 -71.089376 0.028630058264 0.003599 53.54
3 2808 42.374834 -71.089368 0.028640237590 0.003599 53.54
3 2809 42.374841 -71.089361 0.028650416915 0.003599 53.54
3 2810 42.374848 -71.089354 0.028660596241 0.003599 53.54
3 2811 42.374855 -71.089347 0.028670776104 0.003599 53.54
3 2812 42.374862 -71.089340 0.028680955966 0.003599 53.54
3 2813 42.374870 -71.089332 0.028691135828 0.003599 53.54
3 2814 42.374877 -71.089325 0.028701315690 0.003599 53.54
3 2815 42.374884 -71.089318 0.028711495552 0.003599 53.54
3 2816 42.374891 -71.089311 0.028721675947 0.003599 53.54
3 2817 42.374898 -71.089304 0.028731856341 0.003599 53.54
3 2818 42.374906 -71.089296 0.028742036736 0.003599 53.54
3 2819 42.374913 -71.089289 0.028752217130 0.003599 53.54
3 2820 42.374920 -71.089282 0.028762397525 0.003599 53.54
3 2821 42.374927 -71.089275 0.028772578448 0.003599 53.54
3 2822 42.374934 -71.089268 0.028782759370 0.003599 53.54
3 2823 42.374942 -71.089260 0.028792940293 0.003599 53.54
3 2824 42.374949 -71.089253 0.028803121216 0.003599 53.54
3 2825 42.374956 -71.089246 0.028813302138 0.003600 53.54
3 2826 42.374963 -71.089239 0.028823483585 0.003600 53.54
3 2827 42.374970 -71.089232 0.028833665032 0.003600 53.54
3 2828 42.374978 -71.089224 0.028843846478 0.003600 53.54
3 2829 42.374985 -71.089217 0.028854027925 0.003600 53.54
3 2830 42.374992 -71.089210 0.028864209372 0.003600 53.54
3 2831 42.374999 -71.089203 0.028874391338 0.003600 53.54
4 2721 42.374208 -71.089994 0.027754830803 0.003599 53.54
4 2722 42.374215 -71.089987 0.027765010170 0.003599 53.54
4 2723 42.374222 -71.089980 0.027775189537 0.003599 53.54
4 2724 42.374229 -71.089973 0.027785368904 0.003599 53.54
4 2725 42.374236 -71.089966 0.027795548272 0.003599 53.54
4 2726 42.374244 -71.089958 0.027805727108 0.003599 53.54
4 2727 42.374251 -71.089951 0.027815905944 0.003599 53.54
4 2728 42.374258 -71.089944 0.027826084779 0.003599 53.54
4 2729 42.374265 -71.089937 0.027836263615 0.003599 53.54
4 2730 42.374272 -71.089930 0.027846442451 0.003599 53.54
4 2731 42.374280 -71.089922 0.027856620752 0.003599 53.54
4 2732 42.374287 -71.089915 0.027866799052 0.003599 53.54
4 2733 42.374294 -71.089908 0.027876977353 0.003599 53.54
4 2734 42.374301 -71.089901 0.027887155653 0.003599 53.54
4 2735 42.374308 -71.089894 0.027897333954 0.003598 53.54
4 2736 42.374316 -71.089886 0.027907511715 0.003598 53.54
4 2737 42.374323 -71.089879 0.027917689476 0.003598 53.54
4 2738 42.374330 -71.089872 0.027927867237 0.003598 53.54
4 2739 42.374337 -71.089865 0.027938044998 0.003598 53.54
4 2740 42.374344 -71.089858 0.027948222759 0.003598 53.54
4 2741 42.374352 -71.089850 0.027958399976 0.003598 53.54
4 2742 42.374359 -71.089843 0.027968577193 0.003598 53.54
4 2743 42.374366 -71.089836 0.027978754411 0.003598 53.54
4 2744 42.374373 -71.089829 0.027988931628 0.003598 53.54
4 2745 42.374380 -71.089822 0.027999108845 0.003598 53.54
4 2746 42.374388 -71.089814 0.028009285515 0.003598 53.54
4 2747 42.374395 -71.089807 0.028019462184 0.003598 53.54
4 2748 42.374402 -71.089800 0.028029638854 0.003598 53.54
4 2749 42.374409 -71.089793 0.028039815523 0.003598 53.54
4 2750 42.374416 -71.089786 0.028049992193 0.003598 53.54
4 2751 42.374424 -71.089778 0.028060168310 0.003598 53.54
4 2752 42.374431 -71.089771 0.028070344428 0.003598 53.54
4 2753 42.374438 -71.089764 0.028080520546 0.003598 53.54
4 2754 42.374445 -71.089757 0.028090696663 0.003598 53.54
4 2755 42.374452 -71.089750 0.028100872781 0.003598 53.54
4 2756 42.374459 -71.089743 0.028111048343 0.003598 53.54
4 2757 42.374467 -71.089735 0.028121223904 0.003598 53.54
4 2758 42.374474 -71.089728 0.028131399466 0.003598 53.54
4 2759 42.374481 -71.089721 0.028141575028 0.003598 53.54
4 2760 42.374488 -71.089714 0.028151750589 0.003597 53.54
4 2761 42.374495 -71.089707 0.028161925591 0.003597 53.54
4 2762 42.374503 -71.089699 0.028172100592 0.003597 53.54
4 2763 42.374510 -71.089692 0.028182275594 0.003597 53.54
4 2764 42.374517 -71.089685 0.028192450595 0.003597 53.54
4 2765 42.374524 -71.089678 0.028202625597 0.003597 53.54
4 2766 42.374531 -71.089671 0.028212800483 0.003597 53.54
4 2767 42.374539 -71.089663 0.028222975370 0.003597 53.54
4 2768 42.374546 -71.089656 0.028233150257 0.003597 53.54
4 2769 42.374553 -71.089649 0.028243325143 0.003597 53.54
4 2770 42.374560 -71.089642 0.028253500030 0.003598 53.54
4 2771 42.374567 -71.089635 0.028263675486 0.003598 53.54
4 2772 42.374575 -71.089627 0.028273850942 0.003598 53.54
4 2773 42.374582 -71.089620 0.028284026398 0.003598 53.54
4 2774 42.374589 -71.089613 0.028294201853 0.003598 53.54
4 2775 42.374596 -71.089606 0.028304377309 0.003598 53.54
4 2776 42.374603 -71.089599 0.028314553330 0.003598 53.54
4 2777 42.374611 -71.089591 0.028324729352 0.003598 53.54
4 2778 42.374618 -71.089584 0.028334905373 0.003598 53.54
4 2779 42.374625 -71.089577 0.028345081394 0.003598 53.54
4 2780 42.374632 -71.089570 0.028355257415 0.003598 53.54
4 2781 42.374639 -71.089563 0.028365433997 0.003598 53.54
4 2782 42.374647 -71.089555 0.028375610579 0.003598 53.54
4 2783 42.374654 -71.089548 0.028385787161 0.003598 53.54
4 2784 42.374661 -71.089541 0.028395963744 0.003598 53.54
4 2785 42.374668 -71.089534 0.028406140326 0.003598 53.54
4 2786 42.374675 -71.089527 0.028416317465 0.003598 53.54
4 2787 42.374683 -71.089519 0.028426494604 0.003598 53.54
4 2788 42.374690 -71.089512 0.028436671743 0.003598 53.54
4 2789 42.374697 -71.089505 0.028446848882 0.003598 53.54
4 2790 42.374704 -71.089498 0.028457026022 0.003598 53.54
4 2791 42.374711 -71.089491 0.028467203714 0.003598 53.54
4 2792 42.374719 -71.089483 0.028477381406 0.003598 53.54
4 2793 42.374726 -71.089476 0.028487559098 0.003598 53.54
4 2794 42.374733 -71.089469 0.028497736790 0.003598 53.54
4 2795 42.374740 -71.089462 0.028507914482 0.003599 53.54
4 2796 42.374747 -71.089455 0.028518092722 0.003599 53.54
4 2797 42.374755 -71.089447 0.028528270963 0.003599 53.54
4 2798 42.374762 -71.089440 0.028538449204 0.003599 53.54
4 2799 42.374769 -71.089433 0.028548627445 0.003599 53.54
4 2800 42.374776 -71.089426 0.028558805685 0.003599 53.54
4 2801 42.374783 -71.089419 0.028568984471 0.003599 53.54
4 2802 42.374790 -71.089412 0.028579163256 0.003599 53.54
4 2803 42.374798 -71.089404 0.028589342041 0.003599 53.54
4 2804 42.374805 -71.089397 0.028599520827 0.003599 53.54
4 2805 42.374812 -71.089390 0.028609699612 0.003599 53.54
4 2806 42.374819 -71.089383 0.028619878938 0.003599 53.54
4 2807 42.374826 -71.089376 0.028630058264 0.003599 53.54
4 2808 42.374834 -71.089368 0.028640237590 0.003599 53.54
4 2809 42.374841 -71.089361 0.028650416915 0.003599 53.54
4 2810 42.374848 -71.089354 0.028660596241 0.003599 53.54
4 2811 42.374855 -71.089347 0.028670776104 0.003599 53.54
4 2812 42.374862 -71.089340 0.028680955966 0.003599 53.54
4 2813 42.374870 -71.089332 0.028691135828 0.003599 53.54
4 2814 42.374877 -71.089325 0.028701315690 0.003599 53.54
4 2815 42.374884 -71.089318 0.028711495552 0.003599 53.54
4 2816 42.374891 -71.089311 0.028721675947 0.003599 53.54
4 2817 42.374898 -71.089304 0.028731856341 0.003599 53.54
4 2818 42.374906 -71.089296 0.028742036736 0.003599 53.54
4 2819 42.374913 -71.089289 0.028752217130 0.003599 53.54
4 2820 42.374920 -71.089282 0.028762397525 0.003599 53.54
4 2821 42.374927 -71.089275 0.028772578448 0.003599 53.54
4 2822 42.374934 -71.089268 0.028782759370 0.003599 53.54
4 2823 42.374942 -71.089260 0.028792940293 0.003599 53.54
4 2824 42.374949 -71.089253 0.028803121216 0.003599 53.54
4 2825 42.374956 -71.089246 0.028813302138 0.003600 53.54
4 2826 42.374963 -71.089239 0.028823483585 0.003600 53.54
4 2827 42.374970 -71.089232 0.028833665032 0.003600 53.54
4 2828 42.374978 -71.089224 0.028843846478 0.003600 53.54
4 2829 42.374985 -71.089217 0.028854027925 0.003600 53.54
4 2830 42.374992 -71.089210 0.028864209372 0.003600 53.54
4 2831 42.374999 -71.089203 0.028874391338 0.003600 53.54
