1 2415 42.372002 -71.092200 0.024635737010 0.003608 53.54
1 2416 42.372009 -71.092193 0.024645941016 0.003608 53.54
1 2417 42.372016 -71.092186 0.024656145023 0.003608 53.54
1 2418 42.372024 -71.092178 0.024666349030 0.003608 53.54
1 2419 42.372031 -71.092171 0.024676553037 0.003608 53.54
1 2420 42.372038 -71.092164 0.024686757043 0.003608 53.54
1 2421 42.372045 -71.092157 0.024696960769 0.003608 53.54
1 2422 42.372053 -71.092149 0.024707164495 0.003608 53.54
1 2423 42.372060 -71.092142 0.024717368221 0.003608 53.54
1 2424 42.372067 -71.092135 0.024727571947 0.003608 53.54
1 2425 42.372074 -71.092128 0.024737775673 0.003607 53.54
1 2426 42.372081 -71.092121 0.024747979114 0.003607 53.54
1 2427 42.372089 -71.092113 0.024758182555 0.003607 53.54
1 2428 42.372096 -71.092106 0.024768385996 0.003607 53.54
1 2429 42.372103 -71.092099 0.024778589437 0.003607 53.54
1 2430 42.372110 -71.092092 0.024788792878 0.003607 53.54
1 2431 42.372118 -71.092084 0.024798996030 0.003607 53.54
1 2432 42.372125 -71.092077 0.024809199182 0.003607 53.54
1 2433 42.372132 -71.092070 0.024819402334 0.003607 53.54
1 2434 42.372139 -71.092063 0.024829605486 0.003607 53.54
1 2435 42.372146 -71.092056 0.024839808638 0.003607 53.54
1 2436 42.372154 -71.092048 0.024850011497 0.003607 53.54
1 2437 42.372161 -71.092041 0.024860214356 0.003607 53.54
1 2438 42.372168 -71.092034 0.024870417215 0.003607 53.54
1 2439 42.372175 -71.092027 0.024880620074 0.003607 53.54
1 2440 42.372182 -71.092020 0.024890822933 0.003607 53.54
1 2441 42.372190 -71.092012 0.024901025495 0.003607 53.54
1 2442 42.372197 -71.092005 0.024911228057 0.003607 53.54
2 2415 42.372002 -71.092200 0.024635737010 0.003608 53.54
2 2416 42.372009 -71.092193 0.024645941016 0.003608 53.54
2 2417 42.372016 -71.092186 0.024656145023 0.003608 53.54
2 2418 42.372024 -71.092178 0.024666349030 0.003608 53.54
2 2419 42.372031 -71.092171 0.024676553037 0.003608 53.54
2 2420 42.372038 -71.092164 0.024686757043 0.003608 53.54
2 2421 42.372045 -71.092157 0.024696960769 0.003608 53.54
2 2422 42.372053 -71.092149 0.024707164495 0.003608 53.54
2 2423 42.372060 -71.092142 0.024717368221 0.003608 53.54
2 2424 42.372067 -71.092135 0.024727571947 0.003608 53.54
2 2425 42.372074 -71.092128 0.024737775673 0.003607 53.54
2 2426 42.372081 -71.092121 0.024747979114 0.003607 53.54
2 2427 42.372089 -71.092113 0.024758182555 0.003607 53.54
2 2428 42.372096 -71.092106 0.024768385996 0.003607 53.54
2 2429 42.372103 -71.092099 0.024778589437 0.003607 53.54
2 2430 42.372110 -71.092092 0.024788792878 0.003607 53.54
2 2431 42.372118 -71.092084 0.024798996030 0.003607 53.54
2 2432 42.372125 -71.092077 0.024809199182 0.003607 53.54
2 2433 42.372132 -71.092070 0.024819402334 0.003607 53.54
2 2434 42.372139 -71.092063 0.024829605486 0.003607 53.54
2 2435 42.372146 -71.092056 0.024839808638 0.003607 53.54
2 2436 42.372154 -71.092048 0.024850011497 0.003607 53.54
2 2437 42.372161 -71.092041 0.024860214356 0.003607 53.54
2 2438 42.372168 -71.092034 0.024870417215 0.003607 53.54
2 2439 42.372175 -71.092027 0.024880620074 0.003607 53.54
2 2440 42.372182 -71.092020 0.024890822933 0.003607 53.54
2 2441 42.372190 -71.092012 0.024901025495 0.003607 53.54
2 2442 42.372197 -71.092005 0.024911228057 0.003607 53.54
3 2415 42.372002 -71.092200 0.024635737010 0.003608 53.54
3 2416 42.372009 -71.092193 0.024645941016 0.003608 53.54
3 2417 42.372016 -71.092186 0.024656145023 0.003608 53.54
3 2418 42.372024 -71.092178 0.024666349030 0.003608 53.54
3 2419 42.372031 -71.092171 0.024676553037 0.003608 53.54
3 2420 42.372038 -71.092164 0.024686757043 0.003608 53.54
3 2421 42.372045 -71.092157 0.024696960769 0.003608 53.54
3 2422 42.372053 -71.092149 0.024707164495 0.003608 53.54
3 2423 42.372060 -71.092142 0.024717368221 0.003608 53.54
3 2424 42.372067 -71.092135 0.024727571947 0.003608 53.54
3 2425 42.372074 -71.092128 0.024737775673 0.003607 53.54
3 2426 42.372081 -71.092121 0.024747979114 0.003607 53.54
3 2427 42.372089 -71.092113 0.024758182555 0.003607 53.54
3 2428 42.372096 -71.092106 0.024768385996 0.003607 53.54
3 2429 42.372103 -71.092099 0.024778589437 0.003607 53.54
3 2430 42.372110 -71.092092 0.024788792878 0.003607 53.54
3 2431 42.372118 -71.092084 0.024798996030 0.003607 53.54
3 2432 42.372125 -71.092077 0.024809199182 0.003607 53.54
3 2433 42.372132 -71.092070 0.024819402334 0.003607 53.54
3 2434 42.372139 -71.092063 0.024829605486 0.003607 53.54
3 2435 42.372146 -71.092056 0.024839808638 0.003607 53.54
3 2436 42.372154 -71.092048 0.024850011497 0.003607 53.54
3 2437 42.372161 -71.092041 0.024860214356 0.003607 53.54
3 2438 42.372168 -71.092034 0.024870417215 0.003607 53.54
3 2439 42.372175 -71.092027 0.024880620074 0.003607 53.54
3 2440 42.372182 -71.092020 0.024890822933 0.003607 53.54
3 2441 42.372190 -71.092012 0.024901025495 0.003607 53.54
3 2442 42.372197 -71.092005 0.024911228057 0.003607 53.54
4 2415 42.372002 -71.092200 0.024635737010 0.003608 53.54
4 2416 42.372009 -71.092193 0.024645941016 0.003608 53.54
4 2417 42.372016 -71.092186 0.024656145023 0.003608 53.54
4 2418 42.372024 -71.092178 0.024666349030 0.003608 53.54
4 2419 42.372031 -71.092171 0.024676553037 0.003608 53.54
4 2420 42.372038 -71.092164 0.024686757043 0.003608 53.54
4 2421 42.372045 -71.092157 0.024696960769 0.003608 53.54
4 2422 42.372053 -71.092149 0.024707164495 0.003608 53.54
4 2423 42.372060 -71.092142 0.024717368221 0.003608 53.54
4 2424 42.372067 -71.092135 0.024727571947 0.003608 53.54
4 2425 42.372074 -71.092128 0.024737775673 0.003607 53.54
4 2426 42.372081 -71.092121 0.024747979114 0.003607 53.54
4 2427 42.372089 -71.092113 0.024758182555 0.003607 53.54
4 2428 42.372096 -71.092106 0.024768385996 0.003607 53.54
4 2429 42.372103 -71.092099 0.024778589437 0.003607 53.54
4 2430 42.372110 -71.092092 0.024788792878 0.003607 53.54
4 2431 42.372118 -71.092084 0.024798996030 0.003607 53.54
4 2432 42.372125 -71.092077 0.024809199182 0.003607 53.54
4 2433 42.372132 -71.092070 0.024819402334 0.003607 53.54
4 2434 42.372139 -71.092063 0.024829605486 0.003607 53.54
4 2435 42.372146 -71.092056 0.024839808638 0.003607 53.54
4 2436 42.372154 -71.092048 0.024850011497 0.003607 53.54
4 2437 42.372161 -71.092041 0.024860214356 0.003607 53.54
4 2438 42.372168 -71.092034 0.024870417215 0.003607 53.54
4 2439 42.372175 -71.092027 0.024880620074 0.003607 53.54
4 2440 42.372182 -71.092020 0.024890822933 0.003607 53.54
4 2441 42.372190 -71.092012 0.024901025495 0.003607 53.54
4 2442 42.372197 -71.092005 0.024911228057 0.003607 53.54
