1 3109 42.377003 -71.087199 0.031708357903 0.003608 53.55
1 3110 42.377010 -71.087192 0.031718562138 0.003608 53.55
1 3111 42.377018 -71.087184 0.031728766662 0.003608 53.55
1 3112 42.377025 -71.087177 0.031738971186 0.003608 53.55
1 3113 42.377032 -71.087170 0.031749175710 0.003608 53.55
1 3114 42.377039 -71.087163 0.031759380235 0.003608 53.55
1 3115 42.377046 -71.087156 0.031769584759 0.003608 53.55
1 3116 42.377054 -71.087148 0.031779789569 0.003608 53.55
1 3117 42.377061 -71.087141 0.031789994379 0.003608 53.55
1 3118 42.377068 -71.087134 0.031800199189 0.003608 53.55
1 3119 42.377075 -71.087127 0.031810403999 0.003608 53.55
1 3120 42.377083 -71.087119 0.031820608809 0.003608 53.55
1 3121 42.377090 -71.087112 0.031830813901 0.003608 53.55
1 3122 42.377097 -71.087105 0.031841018993 0.003608 53.55
1 3123 42.377104 -71.087098 0.031851224084 0.003608 53.55
1 3124 42.377111 -71.087091 0.031861429176 0.003608 53.55
1 3125 42.377119 -71.087083 0.031871634268 0.003608 53.55
1 3126 42.377126 -71.087076 0.031881839637 0.003608 53.55
1 3127 42.377133 -71.087069 0.031892045007 0.003608 53.55
1 3128 42.377140 -71.087062 0.031902250376 0.003608 53.55
1 3129 42.377147 -71.087055 0.031912455745 0.003608 53.55
1 3130 42.377155 -71.087047 0.031922661115 0.003608 53.55
1 3131 42.377162 -71.087040 0.031932866758 0.003608 53.55
1 3132 42.377169 -71.087033 0.031943072401 0.003608 53.55
1 3133 42.377176 -71.087026 0.031953278044 0.003608 53.55
1 3134 42.377184 -71.087018 0.031963483686 0.003608 53.55
1 3135 42.377191 -71.087011 0.031973689329 0.003608 53.55
1 3136 42.377198 -71.087004 0.031983895242 0.003608 53.55
2 3109 42.377003 -71.087199 0.031708357903 0.003608 53.55
2 3110 42.377010 -71.087192 0.031718562138 0.003608 53.55
2 3111 42.377018 -71.087184 0.031728766662 0.003608 53.55
2 3112 42.377025 -71.087177 0.031738971186 0.003608 53.55
2 3113 42.377032 -71.087170 0.031749175710 0.003608 53.55
2 3114 42.377039 -71.087163 0.031759380235 0.003608 53.55
2 3115 42.377046 -71.087156 0.031769584759 0.003608 53.55
2 3116 42.377054 -71.087148 0.031779789569 0.003608 53.55
2 3117 42.377061 -71.087141 0.031789994379 0.003608 53.55
2 3118 42.377068 -71.087134 0.031800199189 0.003608 53.55
2 3119 42.377075 -71.087127 0.031810403999 0.003608 53.55
2 3120 42.377083 -71.087119 0.031820608809 0.003608 53.55
2 3121 42.377090 -71.087112 0.031830813901 0.003608 53.55
2 3122 42.377097 -71.087105 0.031841018993 0.003608 53.55
2 3123 42.377104 -71.087098 0.031851224084 0.003608 53.55
2 3124 42.377111 -71.087091 0.031861429176 0.003608 53.55
2 3125 42.377119 -71.087083 0.031871634268 0.003608 53.55
2 3126 42.377126 -71.087076 0.031881839637 0.003608 53.55
2 3127 42.377133 -71.087069 0.031892045007 0.003608 53.55
2 3128 42.377140 -71.087062 0.031902250376 0.003608 53.55
2 3129 42.377147 -71.087055 0.031912455745 0.003608 53.55
2 3130 42.377155 -71.087047 0.031922661115 0.003608 53.55
2 3131 42.377162 -71.087040 0.031932866758 0.003608 53.55
2 3132 42.377169 -71.087033 0.031943072401 0.003608 53.55
2 3133 42.377176 -71.087026 0.031953278044 0.003608 53.55
2 3134 42.377184 -71.087018 0.031963483686 0.003608 53.55
2 3135 42.377191 -71.087011 0.031973689329 0.003608 53.55
2 3136 42.377198 -71.087004 0.031983895242 0.003608 53.55
3 3109 42.377003 -71.087199 0.031708357903 0.003608 53.55
3 3110 42.377010 -71.087192 0.031718562138 0.003608 53.55
3 3111 42.377018 -71.087184 0.031728766662 0.003608 53.55
3 3112 42.377025 -71.087177 0.031738971186 0.003608 53.55
3 3113 42.377032 -71.087170 0.031749175710 0.003608 53.55
3 3114 42.377039 -71.087163 0.031759380235 0.003608 53.55
3 3115 42.377046 -71.087156 0.031769584759 0.003608 53.55
3 3116 42.377054 -71.087148 0.031779789569 0.003608 53.55
3 3117 42.377061 -71.087141 0.031789994379 0.003608 53.55
3 3118 42.377068 -71.087134 0.031800199189 0.003608 53.55
3 3119 42.377075 -71.087127 0.031810403999 0.003608 53.55
3 3120 42.377083 -71.087119 0.031820608809 0.003608 53.55
3 3121 42.377090 -71.087112 0.031830813901 0.003608 53.55
3 3122 42.377097 -71.087105 0.031841018993 0.003608 53.55
3 3123 42.377104 -71.087098 0.031851224084 0.003608 53.55
3 3124 42.377111 -71.087091 0.031861429176 0.003608 53.55
3 3125 42.377119 -71.087083 0.031871634268 0.003608 53.55
3 3126 42.377126 -71.087076 0.031881839637 0.003608 53.55
3 3127 42.377133 -71.087069 0.031892045007 0.003608 53.55
3 3128 42.377140 -71.087062 0.031902250376 0.003608 53.55
3 3129 42.377147 -71.087055 0.031912455745 0.003608 53.55
3 3130 42.377155 -71.087047 0.031922661115 0.003608 53.55
3 3131 42.377162 -71.087040 0.031932866758 0.003608 53.55
3 3132 42.377169 -71.087033 0.031943072401 0.003608 53.55
3 3133 42.377176 -71.087026 0.031953278044 0.003608 53.55
3 3134 42.377184 -71.087018 0.031963483686 0.003608 53.55
3 3135 42.377191 -71.087011 0.031973689329 0.003608 53.55
3 3136 42.377198 -71.087004 0.031983895242 0.003608 53.55
4 3109 42.377003 -71.087199 0.031708357903 0.003608 53.55
4 3110 42.377010 -71.087192 0.031718562138 0.003608 53.55
4 3111 42.377018 -71.087184 0.031728766662 0.003608 53.55
4 3112 42.377025 -71.087177 0.031738971186 0.003608 53.55
4 3113 42.377032 -71.087170 0.031749175710 0.003608 53.55
4 3114 42.377039 -71.087163 0.031759380235 0.003608 53.55
4 3115 42.377046 -71.087156 0.031769584759 0.003608 53.55
4 3116 42.377054 -71.087148 0.031779789569 0.003608 53.55
4 3117 42.377061 -71.087141 0.031789994379 0.003608 53.55
4 3118 42.377068 -71.087134 0.031800199189 0.003608 53.55
4 3119 42.377075 -71.087127 0.031810403999 0.003608 53.55
4 3120 42.377083 -71.087119 0.031820608809 0.003608 53.55
4 3121 42.377090 -71.087112 0.031830813901 0.003608 53.55
4 3122 42.377097 -71.087105 0.031841018993 0.003608 53.55
4 3123 42.377104 -71.087098 0.031851224084 0.003608 53.55
4 3124 42.377111 -71.087091 0.031861429176 0.003608 53.55
4 3125 42.377119 -71.087083 0.031871634268 0.003608 53.55
4 3126 42.377126 -71.087076 0.031881839637 0.003608 53.55
4 3127 42.377133 -71.087069 0.031892045007 0.003608 53.55
4 3128 42.377140 -71.087062 0.031902250376 0.003608 53.55
4 3129 42.377147 -71.087055 0.031912455745 0.003608 53.55
4 3130 42.377155 -71.087047 0.031922661115 0.003608 53.55
4 3131 42.377162 -71.087040 0.031932866758 0.003608 53.55
4 3132 42.377169 -71.087033 0.031943072401 0.003608 53.55
4 3133 42.377176 -71.087026 0.031953278044 0.003608 53.55
4 3134 42.377184 -71.087018 0.031963483686 0.003608 53.55
4 3135 42.377191 -71.087011 0.031973689329 0.003608 53.55
4 3136 42.377198 -71.087004 0.031983895242 0.003608 53.55
