1 2443 42.372204 -71.091998 0.024921430619 0.003607 53.54
1 2444 42.372211 -71.091991 0.024931633181 0.003607 53.54
1 2445 42.372219 -71.091983 0.024941835742 0.003607 53.54
1 2446 42.372226 -71.091976 0.024952038003 0.003607 53.54
1 2447 42.372233 -71.091969 0.024962240263 0.003607 53.54
1 2448 42.372240 -71.091962 0.024972442524 0.003607 53.54
1 2449 42.372247 -71.091955 0.024982644784 0.003607 53.54
1 2450 42.372255 -71.091947 0.024992847045 0.003607 53.54
1 2451 42.372262 -71.091940 0.025003049000 0.003607 53.54
1 2452 42.372269 -71.091933 0.025013250955 0.003607 53.54
1 2453 42.372276 -71.091926 0.025023452910 0.003607 53.54
1 2454 42.372283 -71.091919 0.025033654865 0.003607 53.54
1 2455 42.372291 -71.091911 0.025043856820 0.003607 53.54
1 2456 42.372298 -71.091904 0.025054058466 0.003607 53.54
1 2457 42.372305 -71.091897 0.025064260112 0.003607 53.54
1 2458 42.372312 -71.091890 0.025074461757 0.003607 53.54
1 2459 42.372320 -71.091882 0.025084663403 0.003607 53.54
1 2460 42.372327 -71.091875 0.025094865048 0.003607 53.54
1 2461 42.372334 -71.091868 0.025105066380 0.003607 53.54
1 2462 42.372341 -71.091861 0.025115267712 0.003607 53.54
1 2463 42.372348 -71.091854 0.025125469044 0.003607 53.54
1 2464 42.372356 -71.091846 0.025135670376 0.003607 53.54
1 2465 42.372363 -71.091839 0.025145871708 0.003607 53.54
1 2466 42.372370 -71.091832 0.025156072723 0.003607 53.54
1 2467 42.372377 -71.091825 0.025166273737 0.003607 53.54
1 2468 42.372384 -71.091818 0.025176474751 0.003607 53.54
1 2469 42.372392 -71.091810 0.025186675766 0.003607 53.54
1 2470 42.372399 -71.091803 0.025196876780 0.003606 53.54
1 2471 42.372406 -71.091796 0.025207077473 0.003606 53.54
1 2472 42.372413 -71.091789 0.025217278165 0.003606 53.54
1 2473 42.372420 -71.091782 0.025227478858 0.003606 53.54
1 2474 42.372428 -71.091774 0.025237679550 0.003606 53.54
1 2475 42.372435 -71.091767 0.025247880243 0.003606 53.54
1 2476 42.372442 -71.091760 0.025258080609 0.003606 53.54
1 2477 42.372449 -71.091753 0.025268280976 0.003606 53.54
1 2478 42.372457 -71.091745 0.025278481342 0.003606 53.54
1 2479 42.372464 -71.091738 0.025288681709 0.003606 53.54
1 2480 42.372471 -71.091731 0.025298882076 0.003606 53.54
1 2481 42.372478 -71.091724 0.025309082112 0.003606 53.54
1 2482 42.372485 -71.091717 0.025319282149 0.003606 53.54
1 2483 42.372493 -71.091709 0.025329482185 0.003606 53.54
1 2484 42.372500 -71.091702 0.025339682222 0.003606 53.54
1 2485 42.372507 -71.091695 0.025349882259 0.003606 53.54
1 2486 42.372514 -71.091688 0.025360081961 0.003606 53.54
1 2487 42.372521 -71.091681 0.025370281664 0.003606 53.54
1 2488 42.372529 -71.091673 0.025380481366 0.003606 53.54
1 2489 42.372536 -71.091666 0.025390681069 0.003606 53.54
1 2490 42.372543 -71.091659 0.025400880771 0.003606 53.54
1 2491 42.372550 -71.091652 0.025411080135 0.003606 53.54
1 2492 42.372558 -71.091644 0.025421279500 0.003606 53.54
1 2493 42.372565 -71.091637 0.025431478864 0.003606 53.54
1 2494 42.372572 -71.091630 0.025441678228 0.003606 53.54
1 2495 42.372579 -71.091623 0.025451877593 0.003606 53.54
1 2496 42.372586 -71.091616 0.025462076615 0.003606 53.54
1 2497 42.372594 -71.091608 0.025472275636 0.003606 53.54
1 2498 42.372601 -71.091601 0.025482474658 0.003606 53.54
1 2499 42.372608 -71.091594 0.025492673680 0.003606 53.54
1 2500 42.372615 -71.091587 0.025502872702 0.003606 53.54
1 2501 42.372622 -71.091580 0.025513071378 0.003606 53.54
1 2502 42.372630 -71.091572 0.025523270053 0.003606 53.54
1 2503 42.372637 -71.091565 0.025533468729 0.003606 53.54
1 2504 42.372644 -71.091558 0.025543667405 0.003606 53.54
1 2505 42.372651 -71.091551 0.025553866080 0.003606 53.54
1 2506 42.372658 -71.091544 0.025564064405 0.003606 53.54
1 2507 42.372666 -71.091536 0.025574262730 0.003606 53.54
1 2508 42.372673 -71.091529 0.025584461055 0.003606 53.54
1 2509 42.372680 -71.091522 0.025594659380 0.003606 53.54
1 2510 42.372687 -71.091515 0.025604857705 0.003606 53.54
1 2511 42.372695 -71.091507 0.025615055676 0.003606 53.54
1 2512 42.372702 -71.091500 0.025625253646 0.003606 53.54
1 2513 42.372709 -71.091493 0.025635451616 0.003606 53.54
1 2514 42.372716 -71.091486 0.025645649587 0.003606 53.54
1 2515 42.372723 -71.091479 0.025655847557 0.003605 53.54
1 2516 42.372731 -71.091471 0.025666045169 0.003605 53.54
1 2517 42.372738 -71.091464 0.025676242781 0.003605 53.54
1 2518 42.372745 -71.091457 0.025686440392 0.003605 53.54
1 2519 42.372752 -71.091450 0.025696638004 0.003605 53.54
1 2520 42.372759 -71.091443 0.025706835616 0.003605 53.54
1 2521 42.372767 -71.091435 0.025717032864 0.003605 53.54
1 2522 42.372774 -71.091428 0.025727230113 0.003605 53.54
1 2523 42.372781 -71.091421 0.025737427362 0.003605 53.54
1 2524 42.372788 -71.091414 0.025747624611 0.003605 53.54
1 2525 42.372795 -71.091407 0.025757821860 0.003605 53.54
1 2526 42.372803 -71.091399 0.025768018742 0.003605 53.54
1 2527 42.372810 -71.091392 0.025778215623 0.003605 53.54
1 2528 42.372817 -71.091385 0.025788412505 0.003605 53.54
1 2529 42.372824 -71.091378 0.025798609387 0.003605 53.54
1 2530 42.372832 -71.091370 0.025808806269 0.003605 53.54
1 2531 42.372839 -71.091363 0.025819002780 0.003605 53.54
1 2532 42.372846 -71.091356 0.025829199291 0.003605 53.54
1 2533 42.372853 -71.091349 0.025839395802 0.003605 53.54
1 2534 42.372860 -71.091342 0.025849592313 0.003605 53.54
1 2535 42.372868 -71.091334 0.025859788823 0.003605 53.54
1 2536 42.372875 -71.091327 0.025869984959 0.003605 53.54
1 2537 42.372882 -71.091320 0.025880181095 0.003605 53.54
1 2538 42.372889 -71.091313 0.025890377230 0.003605 53.54
1 2539 42.372896 -71.091306 0.025900573366 0.003605 53.54
1 2540 42.372904 -71.091298 0.025910769502 0.003605 53.54
1 2541 42.372911 -71.091291 0.025920965258 0.003605 53.54
1 2542 42.372918 -71.091284 0.025931161015 0.003605 53.54
1 2543 42.372925 -71.091277 0.025941356771 0.003605 53.54
1 2544 42.372932 -71.091270 0.025951552528 0.003605 53.54
1 2545 42.372940 -71.091262 0.025961748284 0.003605 53.54
1 2546 42.372947 -71.091255 0.025971943657 0.003605 53.54
1 2547 42.372954 -71.091248 0.025982139030 0.003605 53.54
1 2548 42.372961 -71.091241 0.025992334403 0.003605 53.54
1 2549 42.372969 -71.091233 0.026002529776 0.003605 53.54
1 2550 42.372976 -71.091226 0.026012725149 0.003604 53.54
1 2551 42.372983 -71.091219 0.026022920135 0.003604 53.54
1 2552 42.372990 -71.091212 0.026033115121 0.003604 53.54
1 2553 42.372997 -71.091205 0.026043310106 0.003604 53.54
2 2443 42.372204 -71.091998 0.024921430619 0.003607 53.54
2 2444 42.372211 -71.091991 0.024931633181 0.003607 53.54
2 2445 42.372219 -71.091983 0.024941835742 0.003607 53.54
2 2446 42.372226 -71.091976 0.024952038003 0.003607 53.54
2 2447 42.372233 -71.091969 0.024962240263 0.003607 53.54
2 2448 42.372240 -71.091962 0.024972442524 0.003607 53.54
2 2449 42.372247 -71.091955 0.024982644784 0.003607 53.54
2 2450 42.372255 -71.091947 0.024992847045 0.003607 53.54
2 2451 42.372262 -71.091940 0.025003049000 0.003607 53.54
2 2452 42.372269 -71.091933 0.025013250955 0.003607 53.54
2 2453 42.372276 -71.091926 0.025023452910 0.003607 53.54
2 2454 42.372283 -71.091919 0.025033654865 0.003607 53.54
2 2455 42.372291 -71.091911 0.025043856820 0.003607 53.54
2 2456 42.372298 -71.091904 0.025054058466 0.003607 53.54
2 2457 42.372305 -71.091897 0.025064260112 0.003607 53.54
2 2458 42.372312 -71.091890 0.025074461757 0.003607 53.54
2 2459 42.372320 -71.091882 0.025084663403 0.003607 53.54
2 2460 42.372327 -71.091875 0.025094865048 0.003607 53.54
2 2461 42.372334 -71.091868 0.025105066380 0.003607 53.54
2 2462 42.372341 -71.091861 0.025115267712 0.003607 53.54
2 2463 42.372348 -71.091854 0.025125469044 0.003607 53.54
2 2464 42.372356 -71.091846 0.025135670376 0.003607 53.54
2 2465 42.372363 -71.091839 0.025145871708 0.003607 53.54
2 2466 42.372370 -71.091832 0.025156072723 0.003607 53.54
2 2467 42.372377 -71.091825 0.025166273737 0.003607 53.54
2 2468 42.372384 -71.091818 0.025176474751 0.003607 53.54
2 2469 42.372392 -71.091810 0.025186675766 0.003607 53.54
2 2470 42.372399 -71.091803 0.025196876780 0.003606 53.54
2 2471 42.372406 -71.091796 0.025207077473 0.003606 53.54
2 2472 42.372413 -71.091789 0.025217278165 0.003606 53.54
2 2473 42.372420 -71.091782 0.025227478858 0.003606 53.54
2 2474 42.372428 -71.091774 0.025237679550 0.003606 53.54
2 2475 42.372435 -71.091767 0.025247880243 0.003606 53.54
2 2476 42.372442 -71.091760 0.025258080609 0.003606 53.54
2 2477 42.372449 -71.091753 0.025268280976 0.003606 53.54
2 2478 42.372457 -71.091745 0.025278481342 0.003606 53.54
2 2479 42.372464 -71.091738 0.025288681709 0.003606 53.54
2 2480 42.372471 -71.091731 0.025298882076 0.003606 53.54
2 2481 42.372478 -71.091724 0.025309082112 0.003606 53.54
2 2482 42.372485 -71.091717 0.025319282149 0.003606 53.54
2 2483 42.372493 -71.091709 0.025329482185 0.003606 53.54
2 2484 42.372500 -71.091702 0.025339682222 0.003606 53.54
2 2485 42.372507 -71.091695 0.025349882259 0.003606 53.54
2 2486 42.372514 -71.091688 0.025360081961 0.003606 53.54
2 2487 42.372521 -71.091681 0.025370281664 0.003606 53.54
2 2488 42.372529 -71.091673 0.025380481366 0.003606 53.54
2 2489 42.372536 -71.091666 0.025390681069 0.003606 53.54
2 2490 42.372543 -71.091659 0.025400880771 0.003606 53.54
2 2491 42.372550 -71.091652 0.025411080135 0.003606 53.54
2 2492 42.372558 -71.091644 0.025421279500 0.003606 53.54
2 2493 42.372565 -71.091637 0.025431478864 0.003606 53.54
2 2494 42.372572 -71.091630 0.025441678228 0.003606 53.54
2 2495 42.372579 -71.091623 0.025451877593 0.003606 53.54
2 2496 42.372586 -71.091616 0.025462076615 0.003606 53.54
2 2497 42.372594 -71.091608 0.025472275636 0.003606 53.54
2 2498 42.372601 -71.091601 0.025482474658 0.003606 53.54
2 2499 42.372608 -71.091594 0.025492673680 0.003606 53.54
2 2500 42.372615 -71.091587 0.025502872702 0.003606 53.54
2 2501 42.372622 -71.091580 0.025513071378 0.003606 53.54
2 2502 42.372630 -71.091572 0.025523270053 0.003606 53.54
2 2503 42.372637 -71.091565 0.025533468729 0.003606 53.54
2 2504 42.372644 -71.091558 0.025543667405 0.003606 53.54
2 2505 42.372651 -71.091551 0.025553866080 0.003606 53.54
2 2506 42.372658 -71.091544 0.025564064405 0.003606 53.54
2 2507 42.372666 -71.091536 0.025574262730 0.003606 53.54
2 2508 42.372673 -71.091529 0.025584461055 0.003606 53.54
2 2509 42.372680 -71.091522 0.025594659380 0.003606 53.54
2 2510 42.372687 -71.091515 0.025604857705 0.003606 53.54
2 2511 42.372695 -71.091507 0.025615055676 0.003606 53.54
2 2512 42.372702 -71.091500 0.025625253646 0.003606 53.54
2 2513 42.372709 -71.091493 0.025635451616 0.003606 53.54
2 2514 42.372716 -71.091486 0.025645649587 0.003606 53.54
2 2515 42.372723 -71.091479 0.025655847557 0.003605 53.54
2 2516 42.372731 -71.091471 0.025666045169 0.003605 53.54
2 2517 42.372738 -71.091464 0.025676242781 0.003605 53.54
2 2518 42.372745 -71.091457 0.025686440392 0.003605 53.54
2 2519 42.372752 -71.091450 0.025696638004 0.003605 53.54
2 2520 42.372759 -71.091443 0.025706835616 0.003605 53.54
2 2521 42.372767 -71.091435 0.025717032864 0.003605 53.54
2 2522 42.372774 -71.091428 0.025727230113 0.003605 53.54
2 2523 42.372781 -71.091421 0.025737427362 0.003605 53.54
2 2524 42.372788 -71.091414 0.025747624611 0.003605 53.54
2 2525 42.372795 -71.091407 0.025757821860 0.003605 53.54
2 2526 42.372803 -71.091399 0.025768018742 0.003605 53.54
2 2527 42.372810 -71.091392 0.025778215623 0.003605 53.54
2 2528 42.372817 -71.091385 0.025788412505 0.003605 53.54
2 2529 42.372824 -71.091378 0.025798609387 0.003605 53.54
2 2530 42.372832 -71.091370 0.025808806269 0.003605 53.54
2 2531 42.372839 -71.091363 0.025819002780 0.003605 53.54
2 2532 42.372846 -71.091356 0.025829199291 0.003605 53.54
2 2533 42.372853 -71.091349 0.025839395802 0.003605 53.54
2 2534 42.372860 -71.091342 0.025849592313 0.003605 53.54
2 2535 42.372868 -71.091334 0.025859788823 0.003605 53.54
2 2536 42.372875 -71.091327 0.025869984959 0.003605 53.54
2 2537 42.372882 -71.091320 0.025880181095 0.003605 53.54
2 2538 42.372889 -71.091313 0.025890377230 0.003605 53.54
2 2539 42.372896 -71.091306 0.025900573366 0.003605 53.54
2 2540 42.372904 -71.091298 0.025910769502 0.003605 53.54
2 2541 42.372911 -71.091291 0.025920965258 0.003605 53.54
2 2542 42.372918 -71.091284 0.025931161015 0.003605 53.54
2 2543 42.372925 -71.091277 0.025941356771 0.003605 53.54
2 2544 42.372932 -71.091270 0.025951552528 0.003605 53.54
2 2545 42.372940 -71.091262 0.025961748284 0.003605 53.54
2 2546 42.372947 -71.091255 0.025971943657 0.003605 53.54
2 2547 42.372954 -71.091248 0.025982139030 0.003605 53.54
2 2548 42.372961 -71.091241 0.025992334403 0.003605 53.54
2 2549 42.372969 -71.091233 0.026002529776 0.003605 53.54
2 2550 42.372976 -71.091226 0.026012725149 0.003604 53.54
2 2551 42.372983 -71.091219 0.026022920135 0.003604 53.54
2 2552 42.372990 -71.091212 0.026033115121 0.003604 53.54
2 2553 42.372997 -71.091205 0.026043310106 0.003604 53.54
3 2443 42.372204 -71.091998 0.024921430619 0.003607 53.54
3 2444 42.372211 -71.091991 0.024931633181 0.003607 53.54
3 2445 42.372219 -71.091983 0.024941835742 0.003607 53.54
3 2446 42.372226 -71.091976 0.024952038003 0.003607 53.54
3 2447 42.372233 -71.091969 0.024962240263 0.003607 53.54
3 2448 42.372240 -71.091962 0.024972442524 0.003607 53.54
3 2449 42.372247 -71.091955 0.024982644784 0.003607 53.54
3 2450 42.372255 -71.091947 0.024992847045 0.003607 53.54
3 2451 42.372262 -71.091940 0.025003049000 0.003607 53.54
3 2452 42.372269 -71.091933 0.025013250955 0.003607 53.54
3 2453 42.372276 -71.091926 0.025023452910 0.003607 53.54
3 2454 42.372283 -71.091919 0.025033654865 0.003607 53.54
3 2455 42.372291 -71.091911 0.025043856820 0.003607 53.54
3 2456 42.372298 -71.091904 0.025054058466 0.003607 53.54
3 2457 42.372305 -71.091897 0.025064260112 0.003607 53.54
3 2458 42.372312 -71.091890 0.025074461757 0.003607 53.54
3 2459 42.372320 -71.091882 0.025084663403 0.003607 53.54
3 2460 42.372327 -71.091875 0.025094865048 0.003607 53.54
3 2461 42.372334 -71.091868 0.025105066380 0.003607 53.54
3 2462 42.372341 -71.091861 0.025115267712 0.003607 53.54
3 2463 42.372348 -71.091854 0.025125469044 0.003607 53.54
3 2464 42.372356 -71.091846 0.025135670376 0.003607 53.54
3 2465 42.372363 -71.091839 0.025145871708 0.003607 53.54
3 2466 42.372370 -71.091832 0.025156072723 0.003607 53.54
3 2467 42.372377 -71.091825 0.025166273737 0.003607 53.54
3 2468 42.372384 -71.091818 0.025176474751 0.003607 53.54
3 2469 42.372392 -71.091810 0.025186675766 0.003607 53.54
3 2470 42.372399 -71.091803 0.025196876780 0.003606 53.54
3 2471 42.372406 -71.091796 0.025207077473 0.003606 53.54
3 2472 42.372413 -71.091789 0.025217278165 0.003606 53.54
3 2473 42.372420 -71.091782 0.025227478858 0.003606 53.54
3 2474 42.372428 -71.091774 0.025237679550 0.003606 53.54
3 2475 42.372435 -71.091767 0.025247880243 0.003606 53.54
3 2476 42.372442 -71.091760 0.025258080609 0.003606 53.54
3 2477 42.372449 -71.091753 0.025268280976 0.003606 53.54
3 2478 42.372457 -71.091745 0.025278481342 0.003606 53.54
3 2479 42.372464 -71.091738 0.025288681709 0.003606 53.54
3 2480 42.372471 -71.091731 0.025298882076 0.003606 53.54
3 2481 42.372478 -71.091724 0.025309082112 0.003606 53.54
3 2482 42.372485 -71.091717 0.025319282149 0.003606 53.54
3 2483 42.372493 -71.091709 0.025329482185 0.003606 53.54
3 2484 42.372500 -71.091702 0.025339682222 0.003606 53.54
3 2485 42.372507 -71.091695 0.025349882259 0.003606 53.54
3 2486 42.372514 -71.091688 0.025360081961 0.003606 53.54
3 2487 42.372521 -71.091681 0.025370281664 0.003606 53.54
3 2488 42.372529 -71.091673 0.025380481366 0.003606 53.54
3 2489 42.372536 -71.091666 0.025390681069 0.003606 53.54
3 2490 42.372543 -71.091659 0.025400880771 0.003606 53.54
3 2491 42.372550 -71.091652 0.025411080135 0.003606 53.54
3 2492 42.372558 -71.091644 0.025421279500 0.003606 53.54
3 2493 42.372565 -71.091637 0.025431478864 0.003606 53.54
3 2494 42.372572 -71.091630 0.025441678228 0.003606 53.54
3 2495 42.372579 -71.091623 0.025451877593 0.003606 53.54
3 2496 42.372586 -71.091616 0.025462076615 0.003606 53.54
3 2497 42.372594 -71.091608 0.025472275636 0.003606 53.54
3 2498 42.372601 -71.091601 0.025482474658 0.003606 53.54
3 2499 42.372608 -71.091594 0.025492673680 0.003606 53.54
3 2500 42.372615 -71.091587 0.025502872702 0.003606 53.54
3 2501 42.372622 -71.091580 0.025513071378 0.003606 53.54
3 2502 42.372630 -71.091572 0.025523270053 0.003606 53.54
3 2503 42.372637 -71.091565 0.025533468729 0.003606 53.54
3 2504 42.372644 -71.091558 0.025543667405 0.003606 53.54
3 2505 42.372651 -71.091551 0.025553866080 0.003606 53.54
3 2506 42.372658 -71.091544 0.025564064405 0.003606 53.54
3 2507 42.372666 -71.091536 0.025574262730 0.003606 53.54
3 2508 42.372673 -71.091529 0.025584461055 0.003606 53.54
3 2509 42.372680 -71.091522 0.025594659380 0.003606 53.54
3 2510 42.372687 -71.091515 0.025604857705 0.003606 53.54
3 2511 42.372695 -71.091507 0.025615055676 0.003606 53.54
3 2512 42.372702 -71.091500 0.025625253646 0.003606 53.54
3 2513 42.372709 -71.091493 0.025635451616 0.003606 53.54
3 2514 42.372716 -71.091486 0.025645649587 0.003606 53.54
3 2515 42.372723 -71.091479 0.025655847557 0.003605 53.54
3 2516 42.372731 -71.091471 0.025666045169 0.003605 53.54
3 2517 42.372738 -71.091464 0.025676242781 0.003605 53.54
3 2518 42.372745 -71.091457 0.025686440392 0.003605 53.54
3 2519 42.372752 -71.091450 0.025696638004 0.003605 53.54
3 2520 42.372759 -71.091443 0.025706835616 0.003605 53.54
3 2521 42.372767 -71.091435 0.025717032864 0.003605 53.54
3 2522 42.372774 -71.091428 0.025727230113 0.003605 53.54
3 2523 42.372781 -71.091421 0.025737427362 0.003605 53.54
3 2524 42.372788 -71.091414 0.025747624611 0.003605 53.54
3 2525 42.372795 -71.091407 0.025757821860 0.003605 53.54
3 2526 42.372803 -71.091399 0.025768018742 0.003605 53.54
3 2527 42.372810 -71.091392 0.025778215623 0.003605 53.54
3 2528 42.372817 -71.091385 0.025788412505 0.003605 53.54
3 2529 42.372824 -71.091378 0.025798609387 0.003605 53.54
3 2530 42.372832 -71.091370 0.025808806269 0.003605 53.54
3 2531 42.372839 -71.091363 0.025819002780 0.003605 53.54
3 2532 42.372846 -71.091356 0.025829199291 0.003605 53.54
3 2533 42.372853 -71.091349 0.025839395802 0.003605 53.54
3 2534 42.372860 -71.091342 0.025849592313 0.003605 53.54
3 2535 42.372868 -71.091334 0.025859788823 0.003605 53.54
3 2536 42.372875 -71.091327 0.025869984959 0.003605 53.54
3 2537 42.372882 -71.091320 0.025880181095 0.003605 53.54
3 2538 42.372889 -71.091313 0.025890377230 0.003605 53.54
3 2539 42.372896 -71.091306 0.025900573366 0.003605 53.54
3 2540 42.372904 -71.091298 0.025910769502 0.003605 53.54
3 2541 42.372911 -71.091291 0.025920965258 0.003605 53.54
3 2542 42.372918 -71.091284 0.025931161015 0.003605 53.54
3 2543 42.372925 -71.091277 0.025941356771 0.003605 53.54
3 2544 42.372932 -71.091270 0.025951552528 0.003605 53.54
3 2545 42.372940 -71.091262 0.025961748284 0.003605 53.54
3 2546 42.372947 -71.091255 0.025971943657 0.003605 53.54
3 2547 42.372954 -71.091248 0.025982139030 0.003605 53.54
3 2548 42.372961 -71.091241 0.025992334403 0.003605 53.54
3 2549 42.372969 -71.091233 0.026002529776 0.003605 53.54
3 2550 42.372976 -71.091226 0.026012725149 0.003604 53.54
3 2551 42.372983 -71.091219 0.026022920135 0.003604 53.54
3 2552 42.372990 -71.091212 0.026033115121 0.003604 53.54
3 2553 42.372997 -71.091205 0.026043310106 0.003604 53.54
4 2443 42.372204 -71.091998 0.024921430619 0.003607 53.54
4 2444 42.372211 -71.091991 0.024931633181 0.003607 53.54
4 2445 42.372219 -71.091983 0.024941835742 0.003607 53.54
4 2446 42.372226 -71.091976 0.024952038003 0.003607 53.54
4 2447 42.372233 -71.091969 0.024962240263 0.003607 53.54
4 2448 42.372240 -71.091962 0.024972442524 0.003607 53.54
4 2449 42.372247 -71.091955 0.024982644784 0.003607 53.54
4 2450 42.372255 -71.091947 0.024992847045 0.003607 53.54
4 2451 42.372262 -71.091940 0.025003049000 0.003607 53.54
4 2452 42.372269 -71.091933 0.025013250955 0.003607 53.54
4 2453 42.372276 -71.091926 0.025023452910 0.003607 53.54
4 2454 42.372283 -71.091919 0.025033654865 0.003607 53.54
4 2455 42.372291 -71.091911 0.025043856820 0.003607 53.54
4 2456 42.372298 -71.091904 0.025054058466 0.003607 53.54
4 2457 42.372305 -71.091897 0.025064260112 0.003607 53.54
4 2458 42.372312 -71.091890 0.025074461757 0.003607 53.54
4 2459 42.372320 -71.091882 0.025084663403 0.003607 53.54
4 2460 42.372327 -71.091875 0.025094865048 0.003607 53.54
4 2461 42.372334 -71.091868 0.025105066380 0.003607 53.54
4 2462 42.372341 -71.091861 0.025115267712 0.003607 53.54
4 2463 42.372348 -71.091854 0.025125469044 0.003607 53.54
4 2464 42.372356 -71.091846 0.025135670376 0.003607 53.54
4 2465 42.372363 -71.091839 0.025145871708 0.003607 53.54
4 2466 42.372370 -71.091832 0.025156072723 0.003607 53.54
4 2467 42.372377 -71.091825 0.025166273737 0.003607 53.54
4 2468 42.372384 -71.091818 0.025176474751 0.003607 53.54
4 2469 42.372392 -71.091810 0.025186675766 0.003607 53.54
4 2470 42.372399 -71.091803 0.025196876780 0.003606 53.54
4 2471 42.372406 -71.091796 0.025207077473 0.003606 53.54
4 2472 42.372413 -71.091789 0.025217278165 0.003606 53.54
4 2473 42.372420 -71.091782 0.025227478858 0.003606 53.54
4 2474 42.372428 -71.091774 0.025237679550 0.003606 53.54
4 2475 42.372435 -71.091767 0.025247880243 0.003606 53.54
4 2476 42.372442 -71.091760 0.025258080609 0.003606 53.54
4 2477 42.372449 -71.091753 0.025268280976 0.003606 53.54
4 2478 42.372457 -71.091745 0.025278481342 0.003606 53.54
4 2479 42.372464 -71.091738 0.025288681709 0.003606 53.54
4 2480 42.372471 -71.091731 0.025298882076 0.003606 53.54
4 2481 42.372478 -71.091724 0.025309082112 0.003606 53.54
4 2482 42.372485 -71.091717 0.025319282149 0.003606 53.54
4 2483 42.372493 -71.091709 0.025329482185 0.003606 53.54
4 2484 42.372500 -71.091702 0.025339682222 0.003606 53.54
4 2485 42.372507 -71.091695 0.025349882259 0.003606 53.54
4 2486 42.372514 -71.091688 0.025360081961 0.003606 53.54
4 2487 42.372521 -71.091681 0.025370281664 0.003606 53.54
4 2488 42.372529 -71.091673 0.025380481366 0.003606 53.54
4 2489 42.372536 -71.091666 0.025390681069 0.003606 53.54
4 2490 42.372543 -71.091659 0.025400880771 0.003606 53.54
4 2491 42.372550 -71.091652 0.025411080135 0.003606 53.54
4 2492 42.372558 -71.091644 0.025421279500 0.003606 53.54
4 2493 42.372565 -71.091637 0.025431478864 0.003606 53.54
4 2494 42.372572 -71.091630 0.025441678228 0.003606 53.54
4 2495 42.372579 -71.091623 0.025451877593 0.003606 53.54
4 2496 42.372586 -71.091616 0.025462076615 0.003606 53.54
4 2497 42.372594 -71.091608 0.025472275636 0.003606 53.54
4 2498 42.372601 -71.091601 0.025482474658 0.003606 53.54
4 2499 42.372608 -71.091594 0.025492673680 0.003606 53.54
4 2500 42.372615 -71.091587 0.025502872702 0.003606 53.54
4 2501 42.372622 -71.091580 0.025513071378 0.003606 53.54
4 2502 42.372630 -71.091572 0.025523270053 0.003606 53.54
4 2503 42.372637 -71.091565 0.025533468729 0.003606 53.54
4 2504 42.372644 -71.091558 0.025543667405 0.003606 53.54
4 2505 42.372651 -71.091551 0.025553866080 0.003606 53.54
4 2506 42.372658 -71.091544 0.025564064405 0.003606 53.54
4 2507 42.372666 -71.091536 0.025574262730 0.003606 53.54
4 2508 42.372673 -71.091529 0.025584461055 0.003606 53.54
4 2509 42.372680 -71.091522 0.025594659380 0.003606 53.54
4 2510 42.372687 -71.091515 0.025604857705 0.003606 53.54
4 2511 42.372695 -71.091507 0.025615055676 0.003606 53.54
4 2512 42.372702 -71.091500 0.025625253646 0.003606 53.54
4 2513 42.372709 -71.091493 0.025635451616 0.003606 53.54
4 2514 42.372716 -71.091486 0.025645649587 0.003606 53.54
4 2515 42.372723 -71.091479 0.025655847557 0.003605 53.54
4 2516 42.372731 -71.091471 0.025666045169 0.003605 53.54
4 2517 42.372738 -71.091464 0.025676242781 0.003605 53.54
4 2518 42.372745 -71.091457 0.025686440392 0.003605 53.54
4 2519 42.372752 -71.091450 0.025696638004 0.003605 53.54
4 2520 42.372759 -71.091443 0.025706835616 0.003605 53.54
4 2521 42.372767 -71.091435 0.025717032864 0.003605 53.54
4 2522 42.372774 -71.091428 0.025727230113 0.003605 53.54
4 2523 42.372781 -71.091421 0.025737427362 0.003605 53.54
4 2524 42.372788 -71.091414 0.025747624611 0.003605 53.54
4 2525 42.372795 -71.091407 0.025757821860 0.003605 53.54
4 2526 42.372803 -71.091399 0.025768018742 0.003605 53.54
4 2527 42.372810 -71.091392 0.025778215623 0.003605 53.54
4 2528 42.372817 -71.091385 0.025788412505 0.003605 53.54
4 2529 42.372824 -71.091378 0.025798609387 0.003605 53.54
4 2530 42.372832 -71.091370 0.025808806269 0.003605 53.54
4 2531 42.372839 -71.091363 0.025819002780 0.003605 53.54
4 2532 42.372846 -71.091356 0.025829199291 0.003605 53.54
4 2533 42.372853 -71.091349 0.025839395802 0.003605 53.54
4 2534 42.372860 -71.091342 0.025849592313 0.003605 53.54
4 2535 42.372868 -71.091334 0.025859788823 0.003605 53.54
4 2536 42.372875 -71.091327 0.025869984959 0.003605 53.54
4 2537 42.372882 -71.091320 0.025880181095 0.003605 53.54
4 2538 42.372889 -71.091313 0.025890377230 0.003605 53.54
4 2539 42.372896 -71.091306 0.025900573366 0.003605 53.54
4 2540 42.372904 -71.091298 0.025910769502 0.003605 53.54
4 2541 42.372911 -71.091291 0.025920965258 0.003605 53.54
4 2542 42.372918 -71.091284 0.025931161015 0.003605 53.54
4 2543 42.372925 -71.091277 0.025941356771 0.003605 53.54
4 2544 42.372932 -71.091270 0.025951552528 0.003605 53.54
4 2545 42.372940 -71.091262 0.025961748284 0.003605 53.54
4 2546 42.372947 -71.091255 0.025971943657 0.003605 53.54
4 2547 42.372954 -71.091248 0.025982139030 0.003605 53.54
4 2548 42.372961 -71.091241 0.025992334403 0.003605 53.54
4 2549 42.372969 -71.091233 0.026002529776 0.003605 53.54
4 2550 42.372976 -71.091226 0.026012725149 0.003604 53.54
4 2551 42.372983 -71.091219 0.026022920135 0.003604 53.54
4 2552 42.372990 -71.091212 0.026033115121 0.003604 53.54
4 2553 42.372997 -71.091205 0.026043310106 0.003604 53.54
