1 2138 42.370002 -71.094200 0.021807646420 0.003611 53.54
1 2139 42.370010 -71.094192 0.021817859610 0.003611 53.54
1 2140 42.370017 -71.094185 0.021828072799 0.003611 53.54
1 2141 42.370024 -71.094178 0.021838285938 0.003611 53.54
1 2142 42.370031 -71.094171 0.021848499076 0.003611 53.54
1 2143 42.370038 -71.094164 0.021858712214 0.003611 53.54
1 2144 42.370046 -71.094156 0.021868925352 0.003611 53.54
1 2145 42.370053 -71.094149 0.021879138491 0.003611 53.54
1 2146 42.370060 -71.094142 0.021889351574 0.003611 53.54
1 2147 42.370067 -71.094135 0.021899564656 0.003611 53.54
1 2148 42.370075 -71.094127 0.021909777739 0.003611 53.54
1 2149 42.370082 -71.094120 0.021919990822 0.003611 53.54
1 2150 42.370089 -71.094113 0.021930203905 0.003611 53.54
1 2151 42.370096 -71.094106 0.021940416928 0.003611 53.54
1 2152 42.370103 -71.094099 0.021950629952 0.003611 53.54
1 2153 42.370111 -71.094091 0.021960842975 0.003611 53.54
1 2154 42.370118 -71.094084 0.021971055998 0.003611 53.54
1 2155 42.370125 -71.094077 0.021981269022 0.003611 53.54
1 2156 42.370132 -71.094070 0.021991481981 0.003611 53.54
1 2157 42.370140 -71.094062 0.022001694941 0.003611 53.54
1 2158 42.370147 -71.094055 0.022011907901 0.003611 53.54
1 2159 42.370154 -71.094048 0.022022120860 0.003611 53.54
1 2160 42.370161 -71.094041 0.022032333820 0.003611 53.54
1 2161 42.370168 -71.094034 0.022042546712 0.003611 53.54
1 2162 42.370176 -71.094026 0.022052759604 0.003611 53.54
1 2163 42.370183 -71.094019 0.022062972496 0.003611 53.54
1 2164 42.370190 -71.094012 0.022073185388 0.003611 53.54
1 2165 42.370197 -71.094005 0.022083398280 0.003611 53.54
2 2138 42.370002 -71.094200 0.021807646420 0.003611 53.54
2 2139 42.370010 -71.094192 0.021817859610 0.003611 53.54
2 2140 42.370017 -71.094185 0.021828072799 0.003611 53.54
2 2141 42.370024 -71.094178 0.021838285938 0.003611 53.54
2 2142 42.370031 -71.094171 0.021848499076 0.003611 53.54
2 2143 42.370038 -71.094164 0.021858712214 0.003611 53.54
2 2144 42.370046 -71.094156 0.021868925352 0.003611 53.54
2 2145 42.370053 -71.094149 0.021879138491 0.003611 53.54
2 2146 42.370060 -71.094142 0.021889351574 0.003611 53.54
2 2147 42.370067 -71.094135 0.021899564656 0.003611 53.54
2 2148 42.370075 -71.094127 0.021909777739 0.003611 53.54
2 2149 42.370082 -71.094120 0.021919990822 0.003611 53.54
2 2150 42.370089 -71.094113 0.021930203905 0.003611 53.54
2 2151 42.370096 -71.094106 0.021940416928 0.003611 53.54
2 2152 42.370103 -71.094099 0.021950629952 0.003611 53.54
2 2153 42.370111 -71.094091 0.021960842975 0.003611 53.54
2 2154 42.370118 -71.094084 0.021971055998 0.003611 53.54
2 2155 42.370125 -71.094077 0.021981269022 0.003611 53.54
2 2156 42.370132 -71.094070 0.021991481981 0.003611 53.54
2 2157 42.370140 -71.094062 0.022001694941 0.003611 53.54
2 2158 42.370147 -71.094055 0.022011907901 0.003611 53.54
2 2159 42.370154 -71.094048 0.022022120860 0.003611 53.54
2 2160 42.370161 -71.094041 0.022032333820 0.003611 53.54
2 2161 42.370168 -71.094034 0.022042546712 0.003611 53.54
2 2162 42.370176 -71.094026 0.022052759604 0.003611 53.54
2 2163 42.370183 -71.094019 0.022062972496 0.003611 53.54
2 2164 42.370190 -71.094012 0.022073185388 0.003611 53.54
2 2165 42.370197 -71.094005 0.022083398280 0.003611 53.54
3 2138 42.370002 -71.094200 0.021807646420 0.003611 53.54
3 2139 42.370010 -71.094192 0.021817859610 0.003611 53.54
3 2140 42.370017 -71.094185 0.021828072799 0.003611 53.54
3 2141 42.370024 -71.094178 0.021838285938 0.003611 53.54
3 2142 42.370031 -71.094171 0.021848499076 0.003611 53.54
3 2143 42.370038 -71.094164 0.021858712214 0.003611 53.54
3 2144 42.370046 -71.094156 0.021868925352 0.003611 53.54
3 2145 42.370053 -71.094149 0.021879138491 0.003611 53.54
3 2146 42.370060 -71.094142 0.021889351574 0.003611 53.54
3 2147 42.370067 -71.094135 0.021899564656 0.003611 53.54
3 2148 42.370075 -71.094127 0.021909777739 0.003611 53.54
3 2149 42.370082 -71.094120 0.021919990822 0.003611 53.54
3 2150 42.370089 -71.094113 0.021930203905 0.003611 53.54
3 2151 42.370096 -71.094106 0.021940416928 0.003611 53.54
3 2152 42.370103 -71.094099 0.021950629952 0.003611 53.54
3 2153 42.370111 -71.094091 0.021960842975 0.003611 53.54
3 2154 42.370118 -71.094084 0.021971055998 0.003611 53.54
3 2155 42.370125 -71.094077 0.021981269022 0.003611 53.54
3 2156 42.370132 -71.094070 0.021991481981 0.003611 53.54
3 2157 42.370140 -71.094062 0.022001694941 0.003611 53.54
3 2158 42.370147 -71.094055 0.022011907901 0.003611 53.54
3 2159 42.370154 -71.094048 0.022022120860 0.003611 53.54
3 2160 42.370161 -71.094041 0.022032333820 0.003611 53.54
3 2161 42.370168 -71.094034 0.022042546712 0.003611 53.54
3 2162 42.370176 -71.094026 0.022052759604 0.003611 53.54
3 2163 42.370183 -71.094019 0.022062972496 0.003611 53.54
3 2164 42.370190 -71.094012 0.022073185388 0.003611 53.54
3 2165 42.370197 -71.094005 0.022083398280 0.003611 53.54
4 2138 42.370002 -71.094200 0.021807646420 0.003611 53.54
4 2139 42.370010 -71.094192 0.021817859610 0.003611 53.54
4 2140 42.370017 -71.094185 0.021828072799 0.003611 53.54
4 2141 42.370024 -71.094178 0.021838285938 0.003611 53.54
4 2142 42.370031 -71.094171 0.021848499076 0.003611 53.54
4 2143 42.370038 -71.094164 0.021858712214 0.003611 53.54
4 2144 42.370046 -71.094156 0.021868925352 0.003611 53.54
4 2145 42.370053 -71.094149 0.021879138491 0.003611 53.54
4 2146 42.370060 -71.094142 0.021889351574 0.003611 53.54
4 2147 42.370067 -71.094135 0.021899564656 0.003611 53.54
4 2148 42.370075 -71.094127 0.021909777739 0.003611 53.54
4 2149 42.370082 -71.094120 0.021919990822 0.003611 53.54
4 2150 42.370089 -71.094113 0.021930203905 0.003611 53.54
4 2151 42.370096 -71.094106 0.021940416928 0.003611 53.54
4 2152 42.370103 -71.094099 0.021950629952 0.003611 53.54
4 2153 42.370111 -71.094091 0.021960842975 0.003611 53.54
4 2154 42.370118 -71.094084 0.021971055998 0.003611 53.54
4 2155 42.370125 -71.094077 0.021981269022 0.003611 53.54
4 2156 42.370132 -71.094070 0.021991481981 0.003611 53.54
4 2157 42.370140 -71.094062 0.022001694941 0.003611 53.54
4 2158 42.370147 -71.094055 0.022011907901 0.003611 53.54
4 2159 42.370154 -71.094048 0.022022120860 0.003611 53.54
4 2160 42.370161 -71.094041 0.022032333820 0.003611 53.54
4 2161 42.370168 -71.094034 0.022042546712 0.003611 53.54
4 2162 42.370176 -71.094026 0.022052759604 0.003611 53.54
4 2163 42.370183 -71.094019 0.022062972496 0.003611 53.54
4 2164 42.370190 -71.094012 0.022073185388 0.003611 53.54
4 2165 42.370197 -71.094005 0.022083398280 0.003611 53.54
