1 2970 42.376001 -71.088201 0.030290592240 0.003604 53.55
1 2971 42.376008 -71.088194 0.030300787096 0.003604 53.55
1 2972 42.376015 -71.088187 0.030310981951 0.003604 53.55
1 2973 42.376022 -71.088180 0.030321176806 0.003604 53.55
1 2974 42.376029 -71.088173 0.030331371662 0.003604 53.55
1 2975 42.376037 -71.088165 0.030341566517 0.003605 53.55
1 2976 42.376044 -71.088158 0.030351761773 0.003605 53.55
1 2977 42.376051 -71.088151 0.030361957030 0.003605 53.55
1 2978 42.376058 -71.088144 0.030372152286 0.003605 53.55
1 2979 42.376066 -71.088136 0.030382347542 0.003605 53.55
1 2980 42.376073 -71.088129 0.030392542798 0.003605 53.55
1 2981 42.376080 -71.088122 0.030402738451 0.003605 53.55
1 2982 42.376087 -71.088115 0.030412934104 0.003605 53.55
1 2983 42.376094 -71.088108 0.030423129756 0.003605 53.55
1 2984 42.376102 -71.088100 0.030433325409 0.003605 53.55
1 2985 42.376109 -71.088093 0.030443521062 0.003605 53.55
1 2986 42.376116 -71.088086 0.030453717107 0.003605 53.55
1 2987 42.376123 -71.088079 0.030463913153 0.003605 53.55
1 2988 42.376130 -71.088072 0.030474109198 0.003605 53.55
1 2989 42.376138 -71.088064 0.030484305243 0.003605 53.55
1 2990 42.376145 -71.088057 0.030494501289 0.003605 53.55
1 2991 42.376152 -71.088050 0.030504697722 0.003605 53.55
1 2992 42.376159 -71.088043 0.030514894156 0.003605 53.55
1 2993 42.376166 -71.088036 0.030525090590 0.003605 53.55
1 2994 42.376174 -71.088028 0.030535287023 0.003605 53.55
1 2995 42.376181 -71.088021 0.030545483457 0.003605 53.55
1 2996 42.376188 -71.088014 0.030555680275 0.003605 53.55
1 2997 42.376195 -71.088007 0.030565877093 0.003605 53.55
2 2970 42.376001 -71.088201 0.030290592240 0.003604 53.55
2 2971 42.376008 -71.088194 0.030300787096 0.003604 53.55
2 2972 42.376015 -71.088187 0.030310981951 0.003604 53.55
2 2973 42.376022 -71.088180 0.030321176806 0.003604 53.55
2 2974 42.376029 -71.088173 0.030331371662 0.003604 53.55
2 2975 42.376037 -71.088165 0.030341566517 0.003605 53.55
2 2976 42.376044 -71.088158 0.030351761773 0.003605 53.55
2 2977 42.376051 -71.088151 0.030361957030 0.003605 53.55
2 2978 42.376058 -71.088144 0.030372152286 0.003605 53.55
2 2979 42.376066 -71.088136 0.030382347542 0.003605 53.55
2 2980 42.376073 -71.088129 0.030392542798 0.003605 53.55
2 2981 42.376080 -71.088122 0.030402738451 0.003605 53.55
2 2982 42.376087 -71.088115 0.030412934104 0.003605 53.55
2 2983 42.376094 -71.088108 0.030423129756 0.003605 53.55
2 2984 42.376102 -71.088100 0.030433325409 0.003605 53.55
2 2985 42.376109 -71.088093 0.030443521062 0.003605 53.55
2 2986 42.376116 -71.088086 0.030453717107 0.003605 53.55
2 2987 42.376123 -71.088079 0.030463913153 0.003605 53.55
2 2988 42.376130 -71.088072 0.030474109198 0.003605 53.55
2 2989 42.376138 -71.088064 0.030484305243 0.003605 53.55
2 2990 42.376145 -71.088057 0.030494501289 0.003605 53.55
2 2991 42.376152 -71.088050 0.030504697722 0.003605 53.55
2 2992 42.376159 -71.088043 0.030514894156 0.003605 53.55
2 2993 42.376166 -71.088036 0.030525090590 0.003605 53.55
2 2994 42.376174 -71.088028 0.030535287023 0.003605 53.55
2 2995 42.376181 -71.088021 0.030545483457 0.003605 53.55
2 2996 42.376188 -71.088014 0.030555680275 0.003605 53.55
2 2997 42.376195 -71.088007 0.030565877093 0.003605 53.55
3 2970 42.376001 -71.088201 0.030290592240 0.003604 53.55
3 2971 42.376008 -71.088194 0.030300787096 0.003604 53.55
3 2972 42.376015 -71.088187 0.030310981951 0.003604 53.55
3 2973 42.376022 -71.088180 0.030321176806 0.003604 53.55
3 2974 42.376029 -71.088173 0.030331371662 0.003604 53.55
3 2975 42.376037 -71.088165 0.030341566517 0.003605 53.55
3 2976 42.376044 -71.088158 0.030351761773 0.003605 53.55
3 2977 42.376051 -71.088151 0.030361957030 0.003605 53.55
3 2978 42.376058 -71.088144 0.030372152286 0.003605 53.55
3 2979 42.376066 -71.088136 0.030382347542 0.003605 53.55
3 2980 42.376073 -71.088129 0.030392542798 0.003605 53.55
3 2981 42.376080 -71.088122 0.030402738451 0.003605 53.55
3 2982 42.376087 -71.088115 0.030412934104 0.003605 53.55
3 2983 42.376094 -71.088108 0.030423129756 0.003605 53.55
3 2984 42.376102 -71.088100 0.030433325409 0.003605 53.55
3 2985 42.376109 -71.088093 0.030443521062 0.003605 53.55
3 2986 42.376116 -71.088086 0.030453717107 0.003605 53.55
3 2987 42.376123 -71.088079 0.030463913153 0.003605 53.55
3 2988 42.376130 -71.088072 0.030474109198 0.003605 53.55
3 2989 42.376138 -71.088064 0.030484305243 0.003605 53.55
3 2990 42.376145 -71.088057 0.030494501289 0.003605 53.55
3 2991 42.376152 -71.088050 0.030504697722 0.003605 53.55
3 2992 42.376159 -71.088043 0.030514894156 0.003605 53.55
3 2993 42.376166 -71.088036 0.030525090590 0.003605 53.55
3 2994 42.376174 -71.088028 0.030535287023 0.003605 53.55
3 2995 42.376181 -71.088021 0.030545483457 0.003605 53.55
3 2996 42.376188 -71.088014 0.030555680275 0.003605 53.55
3 2997 42.376195 -71.088007 0.030565877093 0.003605 53.55
4 2970 42.376001 -71.088201 0.030290592240 0.003604 53.55
4 2971 42.376008 -71.088194 0.030300787096 0.003604 53.55
4 2972 42.376015 -71.088187 0.030310981951 0.003604 53.55
4 2973 42.376022 -71.088180 0.030321176806 0.003604 53.55
4 2974 42.376029 -71.088173 0.030331371662 0.003604 53.55
4 2975 42.376037 -71.088165 0.030341566517 0.003605 53.55
4 2976 42.376044 -71.088158 0.030351761773 0.003605 53.55
4 2977 42.376051 -71.088151 0.030361957030 0.003605 53.55
4 2978 42.376058 -71.088144 0.030372152286 0.003605 53.55
4 2979 42.376066 -71.088136 0.030382347542 0.003605 53.55
4 2980 42.376073 -71.088129 0.030392542798 0.003605 53.55
4 2981 42.376080 -71.088122 0.030402738451 0.003605 53.55
4 2982 42.376087 -71.088115 0.030412934104 0.003605 53.55
4 2983 42.376094 -71.088108 0.030423129756 0.003605 53.55
4 2984 42.376102 -71.088100 0.030433325409 0.003605 53.55
4 2985 42.376109 -71.088093 0.030443521062 0.003605 53.55
4 2986 42.376116 -71.088086 0.030453717107 0.003605 53.55
4 2987 42.376123 -71.088079 0.030463913153 0.003605 53.55
4 2988 42.376130 -71.088072 0.030474109198 0.003605 53.55
4 2989 42.376138 -71.088064 0.030484305243 0.003605 53.55
4 2990 42.376145 -71.088057 0.030494501289 0.003605 53.55
4 2991 42.376152 -71.088050 0.030504697722 0.003605 53.55
4 2992 42.376159 -71.088043 0.030514894156 0.003605 53.55
4 2993 42.376166 -71.088036 0.030525090590 0.003605 53.55
4 2994 42.376174 -71.088028 0.030535287023 0.003605 53.55
4 2995 42.376181 -71.088021 0.030545483457 0.003605 53.55
4 2996 42.376188 -71.088014 0.030555680275 0.003605 53.55
4 2997 42.376195 -71.088007 0.030565877093 0.003605 53.55
