1 2554 42.373005 -71.091197 0.026053505092 0.003604 53.54
1 2555 42.373012 -71.091190 0.026063700077 0.003604 53.54
1 2556 42.373019 -71.091183 0.026073894671 0.003604 53.54
1 2557 42.373026 -71.091176 0.026084089266 0.003604 53.54
1 2558 42.373033 -71.091169 0.026094283860 0.003604 53.54
1 2559 42.373041 -71.091161 0.026104478454 0.003604 53.54
1 2560 42.373048 -71.091154 0.026114673048 0.003604 53.54
1 2561 42.373055 -71.091147 0.026124867246 0.003604 53.54
1 2562 42.373062 -71.091140 0.026135061444 0.003604 53.54
1 2563 42.373069 -71.091133 0.026145255643 0.003604 53.54
1 2564 42.373077 -71.091125 0.026155449841 0.003604 53.54
1 2565 42.373084 -71.091118 0.026165644039 0.003604 53.54
1 2566 42.373091 -71.091111 0.026175837838 0.003604 53.54
1 2567 42.373098 -71.091104 0.026186031637 0.003604 53.54
1 2568 42.373105 -71.091097 0.026196225435 0.003604 53.54
1 2569 42.373113 -71.091089 0.026206419234 0.003604 53.54
1 2570 42.373120 -71.091082 0.026216613032 0.003604 53.54
1 2571 42.373127 -71.091075 0.026226806427 0.003604 53.54
1 2572 42.373134 -71.091068 0.026236999822 0.003604 53.54
1 2573 42.373142 -71.091060 0.026247193216 0.003604 53.54
1 2574 42.373149 -71.091053 0.026257386611 0.003604 53.54
1 2575 42.373156 -71.091046 0.026267580006 0.003604 53.54
1 2576 42.373163 -71.091039 0.026277772992 0.003604 53.54
1 2577 42.373170 -71.091032 0.026287965979 0.003604 53.54
1 2578 42.373178 -71.091024 0.026298158966 0.003604 53.54
1 2579 42.373185 -71.091017 0.026308351952 0.003604 53.54
1 2580 42.373192 -71.091010 0.026318544939 0.003604 53.54
1 2581 42.373199 -71.091003 0.026328737514 0.003604 53.54
2 2554 42.373005 -71.091197 0.026053505092 0.003604 53.54
2 2555 42.373012 -71.091190 0.026063700077 0.003604 53.54
2 2556 42.373019 -71.091183 0.026073894671 0.003604 53.54
2 2557 42.373026 -71.091176 0.026084089266 0.003604 53.54
2 2558 42.373033 -71.091169 0.026094283860 0.003604 53.54
2 2559 42.373041 -71.091161 0.026104478454 0.003604 53.54
2 2560 42.373048 -71.091154 0.026114673048 0.003604 53.54
2 2561 42.373055 -71.091147 0.026124867246 0.003604 53.54
2 2562 42.373062 -71.091140 0.026135061444 0.003604 53.54
2 2563 42.373069 -71.091133 0.026145255643 0.003604 53.54
2 2564 42.373077 -71.091125 0.026155449841 0.003604 53.54
2 2565 42.373084 -71.091118 0.026165644039 0.003604 53.54
2 2566 42.373091 -71.091111 0.026175837838 0.003604 53.54
2 2567 42.373098 -71.091104 0.026186031637 0.003604 53.54
2 2568 42.373105 -71.091097 0.026196225435 0.003604 53.54
2 2569 42.373113 -71.091089 0.026206419234 0.003604 53.54
2 2570 42.373120 -71.091082 0.026216613032 0.003604 53.54
2 2571 42.373127 -71.091075 0.026226806427 0.003604 53.54
2 2572 42.373134 -71.091068 0.026236999822 0.003604 53.54
2 2573 42.373142 -71.091060 0.026247193216 0.003604 53.54
2 2574 42.373149 -71.091053 0.026257386611 0.003604 53.54
2 2575 42.373156 -71.091046 0.026267580006 0.003604 53.54
2 2576 42.373163 -71.091039 0.026277772992 0.003604 53.54
2 2577 42.373170 -71.091032 0.026287965979 0.003604 53.54
2 2578 42.373178 -71.091024 0.026298158966 0.003604 53.54
2 2579 42.373185 -71.091017 0.026308351952 0.003604 53.54
2 2580 42.373192 -71.091010 0.026318544939 0.003604 53.54
2 2581 42.373199 -71.091003 0.026328737514 0.003604 53.54
3 2554 42.373005 -71.091197 0.026053505092 0.003604 53.54
3 2555 42.373012 -71.091190 0.026063700077 0.003604 53.54
3 2556 42.373019 -71.091183 0.026073894671 0.003604 53.54
3 2557 42.373026 -71.091176 0.026084089266 0.003604 53.54
3 2558 42.373033 -71.091169 0.026094283860 0.003604 53.54
3 2559 42.373041 -71.091161 0.026104478454 0.003604 53.54
3 2560 42.373048 -71.091154 0.026114673048 0.003604 53.54
3 2561 42.373055 -71.091147 0.026124867246 0.003604 53.54
3 2562 42.373062 -71.091140 0.026135061444 0.003604 53.54
3 2563 42.373069 -71.091133 0.026145255643 0.003604 53.54
3 2564 42.373077 -71.091125 0.026155449841 0.003604 53.54
3 2565 42.373084 -71.091118 0.026165644039 0.003604 53.54
3 2566 42.373091 -71.091111 0.026175837838 0.003604 53.54
3 2567 42.373098 -71.091104 0.026186031637 0.003604 53.54
3 2568 42.373105 -71.091097 0.026196225435 0.003604 53.54
3 2569 42.373113 -71.091089 0.026206419234 0.003604 53.54
3 2570 42.373120 -71.091082 0.026216613032 0.003604 53.54
3 2571 42.373127 -71.091075 0.026226806427 0.003604 53.54
3 2572 42.373134 -71.091068 0.026236999822 0.003604 53.54
3 2573 42.373142 -71.091060 0.026247193216 0.003604 53.54
3 2574 42.373149 -71.091053 0.026257386611 0.003604 53.54
3 2575 42.373156 -71.091046 0.026267580006 0.003604 53.54
3 2576 42.373163 -71.091039 0.026277772992 0.003604 53.54
3 2577 42.373170 -71.091032 0.026287965979 0.003604 53.54
3 2578 42.373178 -71.091024 0.026298158966 0.003604 53.54
3 2579 42.373185 -71.091017 0.026308351952 0.003604 53.54
3 2580 42.373192 -71.091010 0.026318544939 0.003604 53.54
3 2581 42.373199 -71.091003 0.026328737514 0.003604 53.54
4 2554 42.373005 -71.091197 0.026053505092 0.003604 53.54
4 2555 42.373012 -71.091190 0.026063700077 0.003604 53.54
4 2556 42.373019 -71.091183 0.026073894671 0.003604 53.54
4 2557 42.373026 -71.091176 0.026084089266 0.003604 53.54
4 2558 42.373033 -71.091169 0.026094283860 0.003604 53.54
4 2559 42.373041 -71.091161 0.026104478454 0.003604 53.54
4 2560 42.373048 -71.091154 0.026114673048 0.003604 53.54
4 2561 42.373055 -71.091147 0.026124867246 0.003604 53.54
4 2562 42.373062 -71.091140 0.026135061444 0.003604 53.54
4 2563 42.373069 -71.091133 0.026145255643 0.003604 53.54
4 2564 42.373077 -71.091125 0.026155449841 0.003604 53.54
4 2565 42.373084 -71.091118 0.026165644039 0.003604 53.54
4 2566 42.373091 -71.091111 0.026175837838 0.003604 53.54
4 2567 42.373098 -71.091104 0.026186031637 0.003604 53.54
4 2568 42.373105 -71.091097 0.026196225435 0.003604 53.54
4 2569 42.373113 -71.091089 0.026206419234 0.003604 53.54
4 2570 42.373120 -71.091082 0.026216613032 0.003604 53.54
4 2571 42.373127 -71.091075 0.026226806427 0.003604 53.54
4 2572 42.373134 -71.091068 0.026236999822 0.003604 53.54
4 2573 42.373142 -71.091060 0.026247193216 0.003604 53.54
4 2574 42.373149 -71.091053 0.026257386611 0.003604 53.54
4 2575 42.373156 -71.091046 0.026267580006 0.003604 53.54
4 2576 42.373163 -71.091039 0.026277772992 0.003604 53.54
4 2577 42.373170 -71.091032 0.026287965979 0.003604 53.54
4 2578 42.373178 -71.091024 0.026298158966 0.003604 53.54
4 2579 42.373185 -71.091017 0.026308351952 0.003604 53.54
4 2580 42.373192 -71.091010 0.026318544939 0.003604 53.54
4 2581 42.373199 -71.091003 0.026328737514 0.003604 53.54
