1 2998 42.376203 -71.087999 0.030576073911 0.003605 53.55
1 2999 42.376210 -71.087992 0.030586270729 0.003605 53.55
1 3000 42.376217 -71.087985 0.030596467547 0.003605 53.55
1 3001 42.376224 -71.087978 0.030606664746 0.003605 53.55
1 3002 42.376231 -71.087971 0.030616861944 0.003605 53.55
1 3003 42.376239 -71.087963 0.030627059142 0.003605 53.55
1 3004 42.376246 -71.087956 0.030637256340 0.003605 53.55
1 3005 42.376253 -71.087949 0.030647453538 0.003605 53.55
1 3006 42.376260 -71.087942 0.030657651113 0.003605 53.55
1 3007 42.376267 -71.087935 0.030667848687 0.003605 53.55
1 3008 42.376275 -71.087927 0.030678046261 0.003605 53.55
1 3009 42.376282 -71.087920 0.030688243836 0.003605 53.55
1 3010 42.376289 -71.087913 0.030698441410 0.003606 53.55
1 3011 42.376296 -71.087906 0.030708639356 0.003606 53.55
1 3012 42.376303 -71.087899 0.030718837303 0.003606 53.55
1 3013 42.376311 -71.087891 0.030729035249 0.003606 53.55
1 3014 42.376318 -71.087884 0.030739233195 0.003606 53.55
1 3015 42.376325 -71.087877 0.030749431142 0.003606 53.55
1 3016 42.376332 -71.087870 0.030759629456 0.003606 53.55
1 3017 42.376340 -71.087862 0.030769827770 0.003606 53.55
1 3018 42.376347 -71.087855 0.030780026084 0.003606 53.55
1 3019 42.376354 -71.087848 0.030790224399 0.003606 53.55
1 3020 42.376361 -71.087841 0.030800422713 0.003606 53.55
1 3021 42.376368 -71.087834 0.030810621391 0.003606 53.55
1 3022 42.376376 -71.087826 0.030820820069 0.003606 53.55
1 3023 42.376383 -71.087819 0.030831018747 0.003606 53.55
1 3024 42.376390 -71.087812 0.030841217425 0.003606 53.55
1 3025 42.376397 -71.087805 0.030851416103 0.003606 53.55
1 3026 42.376404 -71.087798 0.030861615140 0.003606 53.55
1 3027 42.376412 -71.087790 0.030871814178 0.003606 53.55
1 3028 42.376419 -71.087783 0.030882013216 0.003606 53.55
1 3029 42.376426 -71.087776 0.030892212253 0.003606 53.55
1 3030 42.376433 -71.087769 0.030902411291 0.003606 53.55
1 3031 42.376440 -71.087762 0.030912610684 0.003606 53.55
1 3032 42.376448 -71.087754 0.030922810077 0.003606 53.55
1 3033 42.376455 -71.087747 0.030933009471 0.003606 53.55
1 3034 42.376462 -71.087740 0.030943208864 0.003606 53.55
1 3035 42.376469 -71.087733 0.030953408257 0.003606 53.55
1 3036 42.376477 -71.087725 0.030963608002 0.003606 53.55
1 3037 42.376484 -71.087718 0.030973807746 0.003606 53.55
1 3038 42.376491 -71.087711 0.030984007491 0.003606 53.55
1 3039 42.376498 -71.087704 0.030994207236 0.003606 53.55
1 3040 42.376505 -71.087697 0.031004406981 0.003606 53.55
1 3041 42.376513 -71.087689 0.031014607073 0.003606 53.55
1 3042 42.376520 -71.087682 0.031024807165 0.003606 53.55
1 3043 42.376527 -71.087675 0.031035007257 0.003606 53.55
1 3044 42.376534 -71.087668 0.031045207349 0.003606 53.55
1 3045 42.376541 -71.087661 0.031055407441 0.003606 53.55
1 3046 42.376549 -71.087653 0.031065607876 0.003606 53.55
1 3047 42.376556 -71.087646 0.031075808311 0.003606 53.55
1 3048 42.376563 -71.087639 0.031086008747 0.003606 53.55
1 3049 42.376570 -71.087632 0.031096209182 0.003606 53.55
1 3050 42.376578 -71.087624 0.031106409617 0.003607 53.55
1 3051 42.376585 -71.087617 0.031116610392 0.003607 53.55
1 3052 42.376592 -71.087610 0.031126811166 0.003607 53.55
1 3053 42.376599 -71.087603 0.031137011941 0.003607 53.55
1 3054 42.376606 -71.087596 0.031147212715 0.003607 53.55
1 3055 42.376614 -71.087588 0.031157413490 0.003607 53.55
1 3056 42.376621 -71.087581 0.031167614599 0.003607 53.55
1 3057 42.376628 -71.087574 0.031177815709 0.003607 53.55
1 3058 42.376635 -71.087567 0.031188016818 0.003607 53.55
1 3059 42.376642 -71.087560 0.031198217928 0.003607 53.55
1 3060 42.376650 -71.087552 0.031208419037 0.003607 53.55
1 3061 42.376657 -71.087545 0.031218620478 0.003607 53.55
1 3062 42.376664 -71.087538 0.031228821918 0.003607 53.55
1 3063 42.376671 -71.087531 0.031239023359 0.003607 53.55
1 3064 42.376679 -71.087523 0.031249224799 0.003607 53.55
1 3065 42.376686 -71.087516 0.031259426240 0.003607 53.55
1 3066 42.376693 -71.087509 0.031269628007 0.003607 53.55
1 3067 42.376700 -71.087502 0.031279829774 0.003607 53.55
1 3068 42.376707 -71.087495 0.031290031541 0.003607 53.55
1 3069 42.376715 -71.087487 0.031300233309 0.003607 53.55
1 3070 42.376722 -71.087480 0.031310435076 0.003607 53.55
1 3071 42.376729 -71.087473 0.031320637166 0.003607 53.55
1 3072 42.376736 -71.087466 0.031330839256 0.003607 53.55
1 3073 42.376743 -71.087459 0.031341041346 0.003607 53.55
1 3074 42.376751 -71.087451 0.031351243436 0.003607 53.55
1 3075 42.376758 -71.087444 0.031361445526 0.003607 53.55
1 3076 42.376765 -71.087437 0.031371647935 0.003607 53.55
1 3077 42.376772 -71.087430 0.031381850344 0.003607 53.55
1 3078 42.376780 -71.087422 0.031392052752 0.003607 53.55
1 3079 42.376787 -71.087415 0.031402255161 0.003607 53.55
1 3080 42.376794 -71.087408 0.031412457570 0.003607 53.55
1 3081 42.376801 -71.087401 0.031422660293 0.003607 53.55
1 3082 42.376808 -71.087394 0.031432863016 0.003607 53.55
1 3083 42.376816 -71.087386 0.031443065739 0.003607 53.55
1 3084 42.376823 -71.087379 0.031453268462 0.003607 53.55
1 3085 42.376830 -71.087372 0.031463471186 0.003607 53.55
1 3086 42.376837 -71.087365 0.031473674219 0.003607 53.55
1 3087 42.376844 -71.087358 0.031483877253 0.003607 53.55
1 3088 42.376852 -71.087350 0.031494080286 0.003607 53.55
1 3089 42.376859 -71.087343 0.031504283320 0.003607 53.55
1 3090 42.376866 -71.087336 0.031514486354 0.003607 53.55
1 3091 42.376873 -71.087329 0.031524689694 0.003607 53.55
1 3092 42.376881 -71.087321 0.031534893034 0.003607 53.55
1 3093 42.376888 -71.087314 0.031545096374 0.003607 53.55
1 3094 42.376895 -71.087307 0.031555299714 0.003607 53.55
1 3095 42.376902 -71.087300 0.031565503054 0.003608 53.55
1 3096 42.376909 -71.087293 0.031575706696 0.003608 53.55
1 3097 42.376917 -71.087285 0.031585910338 0.003608 53.55
1 3098 42.376924 -71.087278 0.031596113980 0.003608 53.55
1 3099 42.376931 -71.087271 0.031606317622 0.003608 53.55
1 3100 42.376938 -71.087264 0.031616521264 0.003608 53.55
1 3101 42.376945 -71.087257 0.031626725205 0.003608 53.55
1 3102 42.376953 -71.087249 0.031636929145 0.003608 53.55
1 3103 42.376960 -71.087242 0.031647133085 0.003608 53.55
1 3104 42.376967 -71.087235 0.031657337026 0.003608 53.55
1 3105 42.376974 -71.087228 0.031667540966 0.003608 53.55
1 3106 42.376982 -71.087220 0.031677745200 0.003608 53.55
1 3107 42.376989 -71.087213 0.031687949435 0.003608 53.55
1 3108 42.376996 -71.087206 0.031698153669 0.003608 53.55
2 2998 42.376203 -71.087999 0.030576073911 0.003605 53.55
2 2999 42.376210 -71.087992 0.030586270729 0.003605 53.55
2 3000 42.376217 -71.087985 0.030596467547 0.003605 53.55
2 3001 42.376224 -71.087978 0.030606664746 0.003605 53.55
2 3002 42.376231 -71.087971 0.030616861944 0.003605 53.55
2 3003 42.376239 -71.087963 0.030627059142 0.003605 53.55
2 3004 42.376246 -71.087956 0.030637256340 0.003605 53.55
2 3005 42.376253 -71.087949 0.030647453538 0.003605 53.55
2 3006 42.376260 -71.087942 0.030657651113 0.003605 53.55
2 3007 42.376267 -71.087935 0.030667848687 0.003605 53.55
2 3008 42.376275 -71.087927 0.030678046261 0.003605 53.55
2 3009 42.376282 -71.087920 0.030688243836 0.003605 53.55
2 3010 42.376289 -71.087913 0.030698441410 0.003606 53.55
2 3011 42.376296 -71.087906 0.030708639356 0.003606 53.55
2 3012 42.376303 -71.087899 0.030718837303 0.003606 53.55
2 3013 42.376311 -71.087891 0.030729035249 0.003606 53.55
2 3014 42.376318 -71.087884 0.030739233195 0.003606 53.55
2 3015 42.376325 -71.087877 0.030749431142 0.003606 53.55
2 3016 42.376332 -71.087870 0.030759629456 0.003606 53.55
2 3017 42.376340 -71.087862 0.030769827770 0.003606 53.55
2 3018 42.376347 -71.087855 0.030780026084 0.003606 53.55
2 3019 42.376354 -71.087848 0.030790224399 0.003606 53.55
2 3020 42.376361 -71.087841 0.030800422713 0.003606 53.55
2 3021 42.376368 -71.087834 0.030810621391 0.003606 53.55
2 3022 42.376376 -71.087826 0.030820820069 0.003606 53.55
2 3023 42.376383 -71.087819 0.030831018747 0.003606 53.55
2 3024 42.376390 -71.087812 0.030841217425 0.003606 53.55
2 3025 42.376397 -71.087805 0.030851416103 0.003606 53.55
2 3026 42.376404 -71.087798 0.030861615140 0.003606 53.55
2 3027 42.376412 -71.087790 0.030871814178 0.003606 53.55
2 3028 42.376419 -71.087783 0.030882013216 0.003606 53.55
2 3029 42.376426 -71.087776 0.030892212253 0.003606 53.55
2 3030 42.376433 -71.087769 0.030902411291 0.003606 53.55
2 3031 42.376440 -71.087762 0.030912610684 0.003606 53.55
2 3032 42.376448 -71.087754 0.030922810077 0.003606 53.55
2 3033 42.376455 -71.087747 0.030933009471 0.003606 53.55
2 3034 42.376462 -71.087740 0.030943208864 0.003606 53.55
2 3035 42.376469 -71.087733 0.030953408257 0.003606 53.55
2 3036 42.376477 -71.087725 0.030963608002 0.003606 53.55
2 3037 42.376484 -71.087718 0.030973807746 0.003606 53.55
2 3038 42.376491 -71.087711 0.030984007491 0.003606 53.55
2 3039 42.376498 -71.087704 0.030994207236 0.003606 53.55
2 3040 42.376505 -71.087697 0.031004406981 0.003606 53.55
2 3041 42.376513 -71.087689 0.031014607073 0.003606 53.55
2 3042 42.376520 -71.087682 0.031024807165 0.003606 53.55
2 3043 42.376527 -71.087675 0.031035007257 0.003606 53.55
2 3044 42.376534 -71.087668 0.031045207349 0.003606 53.55
2 3045 42.376541 -71.087661 0.031055407441 0.003606 53.55
2 3046 42.376549 -71.087653 0.031065607876 0.003606 53.55
2 3047 42.376556 -71.087646 0.031075808311 0.003606 53.55
2 3048 42.376563 -71.087639 0.031086008747 0.003606 53.55
2 3049 42.376570 -71.087632 0.031096209182 0.003606 53.55
2 3050 42.376578 -71.087624 0.031106409617 0.003607 53.55
2 3051 42.376585 -71.087617 0.031116610392 0.003607 53.55
2 3052 42.376592 -71.087610 0.031126811166 0.003607 53.55
2 3053 42.376599 -71.087603 0.031137011941 0.003607 53.55
2 3054 42.376606 -71.087596 0.031147212715 0.003607 53.55
2 3055 42.376614 -71.087588 0.031157413490 0.003607 53.55
2 3056 42.376621 -71.087581 0.031167614599 0.003607 53.55
2 3057 42.376628 -71.087574 0.031177815709 0.003607 53.55
2 3058 42.376635 -71.087567 0.031188016818 0.003607 53.55
2 3059 42.376642 -71.087560 0.031198217928 0.003607 53.55
2 3060 42.376650 -71.087552 0.031208419037 0.003607 53.55
2 3061 42.376657 -71.087545 0.031218620478 0.003607 53.55
2 3062 42.376664 -71.087538 0.031228821918 0.003607 53.55
2 3063 42.376671 -71.087531 0.031239023359 0.003607 53.55
2 3064 42.376679 -71.087523 0.031249224799 0.003607 53.55
2 3065 42.376686 -71.087516 0.031259426240 0.003607 53.55
2 3066 42.376693 -71.087509 0.031269628007 0.003607 53.55
2 3067 42.376700 -71.087502 0.031279829774 0.003607 53.55
2 3068 42.376707 -71.087495 0.031290031541 0.003607 53.55
2 3069 42.376715 -71.087487 0.031300233309 0.003607 53.55
2 3070 42.376722 -71.087480 0.031310435076 0.003607 53.55
2 3071 42.376729 -71.087473 0.031320637166 0.003607 53.55
2 3072 42.376736 -71.087466 0.031330839256 0.003607 53.55
2 3073 42.376743 -71.087459 0.031341041346 0.003607 53.55
2 3074 42.376751 -71.087451 0.031351243436 0.003607 53.55
2 3075 42.376758 -71.087444 0.031361445526 0.003607 53.55
2 3076 42.376765 -71.087437 0.031371647935 0.003607 53.55
2 3077 42.376772 -71.087430 0.031381850344 0.003607 53.55
2 3078 42.376780 -71.087422 0.031392052752 0.003607 53.55
2 3079 42.376787 -71.087415 0.031402255161 0.003607 53.55
2 3080 42.376794 -71.087408 0.031412457570 0.003607 53.55
2 3081 42.376801 -71.087401 0.031422660293 0.003607 53.55
2 3082 42.376808 -71.087394 0.031432863016 0.003607 53.55
2 3083 42.376816 -71.087386 0.031443065739 0.003607 53.55
2 3084 42.376823 -71.087379 0.031453268462 0.003607 53.55
2 3085 42.376830 -71.087372 0.031463471186 0.003607 53.55
2 3086 42.376837 -71.087365 0.031473674219 0.003607 53.55
2 3087 42.376844 -71.087358 0.031483877253 0.003607 53.55
2 3088 42.376852 -71.087350 0.031494080286 0.003607 53.55
2 3089 42.376859 -71.087343 0.031504283320 0.003607 53.55
2 3090 42.376866 -71.087336 0.031514486354 0.003607 53.55
2 3091 42.376873 -71.087329 0.031524689694 0.003607 53.55
2 3092 42.376881 -71.087321 0.031534893034 0.003607 53.55
2 3093 42.376888 -71.087314 0.031545096374 0.003607 53.55
2 3094 42.376895 -71.087307 0.031555299714 0.003607 53.55
2 3095 42.376902 -71.087300 0.031565503054 0.003608 53.55
2 3096 42.376909 -71.087293 0.031575706696 0.003608 53.55
2 3097 42.376917 -71.087285 0.031585910338 0.003608 53.55
2 3098 42.376924 -71.087278 0.031596113980 0.003608 53.55
2 3099 42.376931 -71.087271 0.031606317622 0.003608 53.55
2 3100 42.376938 -71.087264 0.031616521264 0.003608 53.55
2 3101 42.376945 -71.087257 0.031626725205 0.003608 53.55
2 3102 42.376953 -71.087249 0.031636929145 0.003608 53.55
2 3103 42.376960 -71.087242 0.031647133085 0.003608 53.55
2 3104 42.376967 -71.087235 0.031657337026 0.003608 53.55
2 3105 42.376974 -71.087228 0.031667540966 0.003608 53.55
2 3106 42.376982 -71.087220 0.031677745200 0.003608 53.55
2 3107 42.376989 -71.087213 0.031687949435 0.003608 53.55
2 3108 42.376996 -71.087206 0.031698153669 0.003608 53.55
3 2998 42.376203 -71.087999 0.030576073911 0.003605 53.55
3 2999 42.376210 -71.087992 0.030586270729 0.003605 53.55
3 3000 42.376217 -71.087985 0.030596467547 0.003605 53.55
3 3001 42.376224 -71.087978 0.030606664746 0.003605 53.55
3 3002 42.376231 -71.087971 0.030616861944 0.003605 53.55
3 3003 42.376239 -71.087963 0.030627059142 0.003605 53.55
3 3004 42.376246 -71.087956 0.030637256340 0.003605 53.55
3 3005 42.376253 -71.087949 0.030647453538 0.003605 53.55
3 3006 42.376260 -71.087942 0.030657651113 0.003605 53.55
3 3007 42.376267 -71.087935 0.030667848687 0.003605 53.55
3 3008 42.376275 -71.087927 0.030678046261 0.003605 53.55
3 3009 42.376282 -71.087920 0.030688243836 0.003605 53.55
3 3010 42.376289 -71.087913 0.030698441410 0.003606 53.55
3 3011 42.376296 -71.087906 0.030708639356 0.003606 53.55
3 3012 42.376303 -71.087899 0.030718837303 0.003606 53.55
3 3013 42.376311 -71.087891 0.030729035249 0.003606 53.55
3 3014 42.376318 -71.087884 0.030739233195 0.003606 53.55
3 3015 42.376325 -71.087877 0.030749431142 0.003606 53.55
3 3016 42.376332 -71.087870 0.030759629456 0.003606 53.55
3 3017 42.376340 -71.087862 0.030769827770 0.003606 53.55
3 3018 42.376347 -71.087855 0.030780026084 0.003606 53.55
3 3019 42.376354 -71.087848 0.030790224399 0.003606 53.55
3 3020 42.376361 -71.087841 0.030800422713 0.003606 53.55
3 3021 42.376368 -71.087834 0.030810621391 0.003606 53.55
3 3022 42.376376 -71.087826 0.030820820069 0.003606 53.55
3 3023 42.376383 -71.087819 0.030831018747 0.003606 53.55
3 3024 42.376390 -71.087812 0.030841217425 0.003606 53.55
3 3025 42.376397 -71.087805 0.030851416103 0.003606 53.55
3 3026 42.376404 -71.087798 0.030861615140 0.003606 53.55
3 3027 42.376412 -71.087790 0.030871814178 0.003606 53.55
3 3028 42.376419 -71.087783 0.030882013216 0.003606 53.55
3 3029 42.376426 -71.087776 0.030892212253 0.003606 53.55
3 3030 42.376433 -71.087769 0.030902411291 0.003606 53.55
3 3031 42.376440 -71.087762 0.030912610684 0.003606 53.55
3 3032 42.376448 -71.087754 0.030922810077 0.003606 53.55
3 3033 42.376455 -71.087747 0.030933009471 0.003606 53.55
3 3034 42.376462 -71.087740 0.030943208864 0.003606 53.55
3 3035 42.376469 -71.087733 0.030953408257 0.003606 53.55
3 3036 42.376477 -71.087725 0.030963608002 0.003606 53.55
3 3037 42.376484 -71.087718 0.030973807746 0.003606 53.55
3 3038 42.376491 -71.087711 0.030984007491 0.003606 53.55
3 3039 42.376498 -71.087704 0.030994207236 0.003606 53.55
3 3040 42.376505 -71.087697 0.031004406981 0.003606 53.55
3 3041 42.376513 -71.087689 0.031014607073 0.003606 53.55
3 3042 42.376520 -71.087682 0.031024807165 0.003606 53.55
3 3043 42.376527 -71.087675 0.031035007257 0.003606 53.55
3 3044 42.376534 -71.087668 0.031045207349 0.003606 53.55
3 3045 42.376541 -71.087661 0.031055407441 0.003606 53.55
3 3046 42.376549 -71.087653 0.031065607876 0.003606 53.55
3 3047 42.376556 -71.087646 0.031075808311 0.003606 53.55
3 3048 42.376563 -71.087639 0.031086008747 0.003606 53.55
3 3049 42.376570 -71.087632 0.031096209182 0.003606 53.55
3 3050 42.376578 -71.087624 0.031106409617 0.003607 53.55
3 3051 42.376585 -71.087617 0.031116610392 0.003607 53.55
3 3052 42.376592 -71.087610 0.031126811166 0.003607 53.55
3 3053 42.376599 -71.087603 0.031137011941 0.003607 53.55
3 3054 42.376606 -71.087596 0.031147212715 0.003607 53.55
3 3055 42.376614 -71.087588 0.031157413490 0.003607 53.55
3 3056 42.376621 -71.087581 0.031167614599 0.003607 53.55
3 3057 42.376628 -71.087574 0.031177815709 0.003607 53.55
3 3058 42.376635 -71.087567 0.031188016818 0.003607 53.55
3 3059 42.376642 -71.087560 0.031198217928 0.003607 53.55
3 3060 42.376650 -71.087552 0.031208419037 0.003607 53.55
3 3061 42.376657 -71.087545 0.031218620478 0.003607 53.55
3 3062 42.376664 -71.087538 0.031228821918 0.003607 53.55
3 3063 42.376671 -71.087531 0.031239023359 0.003607 53.55
3 3064 42.376679 -71.087523 0.031249224799 0.003607 53.55
3 3065 42.376686 -71.087516 0.031259426240 0.003607 53.55
3 3066 42.376693 -71.087509 0.031269628007 0.003607 53.55
3 3067 42.376700 -71.087502 0.031279829774 0.003607 53.55
3 3068 42.376707 -71.087495 0.031290031541 0.003607 53.55
3 3069 42.376715 -71.087487 0.031300233309 0.003607 53.55
3 3070 42.376722 -71.087480 0.031310435076 0.003607 53.55
3 3071 42.376729 -71.087473 0.031320637166 0.003607 53.55
3 3072 42.376736 -71.087466 0.031330839256 0.003607 53.55
3 3073 42.376743 -71.087459 0.031341041346 0.003607 53.55
3 3074 42.376751 -71.087451 0.031351243436 0.003607 53.55
3 3075 42.376758 -71.087444 0.031361445526 0.003607 53.55
3 3076 42.376765 -71.087437 0.031371647935 0.003607 53.55
3 3077 42.376772 -71.087430 0.031381850344 0.003607 53.55
3 3078 42.376780 -71.087422 0.031392052752 0.003607 53.55
3 3079 42.376787 -71.087415 0.031402255161 0.003607 53.55
3 3080 42.376794 -71.087408 0.031412457570 0.003607 53.55
3 3081 42.376801 -71.087401 0.031422660293 0.003607 53.55
3 3082 42.376808 -71.087394 0.031432863016 0.003607 53.55
3 3083 42.376816 -71.087386 0.031443065739 0.003607 53.55
3 3084 42.376823 -71.087379 0.031453268462 0.003607 53.55
3 3085 42.376830 -71.087372 0.031463471186 0.003607 53.55
3 3086 42.376837 -71.087365 0.031473674219 0.003607 53.55
3 3087 42.376844 -71.087358 0.031483877253 0.003607 53.55
3 3088 42.376852 -71.087350 0.031494080286 0.003607 53.55
3 3089 42.376859 -71.087343 0.031504283320 0.003607 53.55
3 3090 42.376866 -71.087336 0.031514486354 0.003607 53.55
3 3091 42.376873 -71.087329 0.031524689694 0.003607 53.55
3 3092 42.376881 -71.087321 0.031534893034 0.003607 53.55
3 3093 42.376888 -71.087314 0.031545096374 0.003607 53.55
3 3094 42.376895 -71.087307 0.031555299714 0.003607 53.55
3 3095 42.376902 -71.087300 0.031565503054 0.003608 53.55
3 3096 42.376909 -71.087293 0.031575706696 0.003608 53.55
3 3097 42.376917 -71.087285 0.031585910338 0.003608 53.55
3 3098 42.376924 -71.087278 0.031596113980 0.003608 53.55
3 3099 42.376931 -71.087271 0.031606317622 0.003608 53.55
3 3100 42.376938 -71.087264 0.031616521264 0.003608 53.55
3 3101 42.376945 -71.087257 0.031626725205 0.003608 53.55
3 3102 42.376953 -71.087249 0.031636929145 0.003608 53.55
3 3103 42.376960 -71.087242 0.031647133085 0.003608 53.55
3 3104 42.376967 -71.087235 0.031657337026 0.003608 53.55
3 3105 42.376974 -71.087228 0.031667540966 0.003608 53.55
3 3106 42.376982 -71.087220 0.031677745200 0.003608 53.55
3 3107 42.376989 -71.087213 0.031687949435 0.003608 53.55
3 3108 42.376996 -71.087206 0.031698153669 0.003608 53.55
4 2998 42.376203 -71.087999 0.030576073911 0.003605 53.55
4 2999 42.376210 -71.087992 0.030586270729 0.003605 53.55
4 3000 42.376217 -71.087985 0.030596467547 0.003605 53.55
4 3001 42.376224 -71.087978 0.030606664746 0.003605 53.55
4 3002 42.376231 -71.087971 0.030616861944 0.003605 53.55
4 3003 42.376239 -71.087963 0.030627059142 0.003605 53.55
4 3004 42.376246 -71.087956 0.030637256340 0.003605 53.55
4 3005 42.376253 -71.087949 0.030647453538 0.003605 53.55
4 3006 42.376260 -71.087942 0.030657651113 0.003605 53.55
4 3007 42.376267 -71.087935 0.030667848687 0.003605 53.55
4 3008 42.376275 -71.087927 0.030678046261 0.003605 53.55
4 3009 42.376282 -71.087920 0.030688243836 0.003605 53.55
4 3010 42.376289 -71.087913 0.030698441410 0.003606 53.55
4 3011 42.376296 -71.087906 0.030708639356 0.003606 53.55
4 3012 42.376303 -71.087899 0.030718837303 0.003606 53.55
4 3013 42.376311 -71.087891 0.030729035249 0.003606 53.55
4 3014 42.376318 -71.087884 0.030739233195 0.003606 53.55
4 3015 42.376325 -71.087877 0.030749431142 0.003606 53.55
4 3016 42.376332 -71.087870 0.030759629456 0.003606 53.55
4 3017 42.376340 -71.087862 0.030769827770 0.003606 53.55
4 3018 42.376347 -71.087855 0.030780026084 0.003606 53.55
4 3019 42.376354 -71.087848 0.030790224399 0.003606 53.55
4 3020 42.376361 -71.087841 0.030800422713 0.003606 53.55
4 3021 42.376368 -71.087834 0.030810621391 0.003606 53.55
4 3022 42.376376 -71.087826 0.030820820069 0.003606 53.55
4 3023 42.376383 -71.087819 0.030831018747 0.003606 53.55
4 3024 42.376390 -71.087812 0.030841217425 0.003606 53.55
4 3025 42.376397 -71.087805 0.030851416103 0.003606 53.55
4 3026 42.376404 -71.087798 0.030861615140 0.003606 53.55
4 3027 42.376412 -71.087790 0.030871814178 0.003606 53.55
4 3028 42.376419 -71.087783 0.030882013216 0.003606 53.55
4 3029 42.376426 -71.087776 0.030892212253 0.003606 53.55
4 3030 42.376433 -71.087769 0.030902411291 0.003606 53.55
4 3031 42.376440 -71.087762 0.030912610684 0.003606 53.55
4 3032 42.376448 -71.087754 0.030922810077 0.003606 53.55
4 3033 42.376455 -71.087747 0.030933009471 0.003606 53.55
4 3034 42.376462 -71.087740 0.030943208864 0.003606 53.55
4 3035 42.376469 -71.087733 0.030953408257 0.003606 53.55
4 3036 42.376477 -71.087725 0.030963608002 0.003606 53.55
4 3037 42.376484 -71.087718 0.030973807746 0.003606 53.55
4 3038 42.376491 -71.087711 0.030984007491 0.003606 53.55
4 3039 42.376498 -71.087704 0.030994207236 0.003606 53.55
4 3040 42.376505 -71.087697 0.031004406981 0.003606 53.55
4 3041 42.376513 -71.087689 0.031014607073 0.003606 53.55
4 3042 42.376520 -71.087682 0.031024807165 0.003606 53.55
4 3043 42.376527 -71.087675 0.031035007257 0.003606 53.55
4 3044 42.376534 -71.087668 0.031045207349 0.003606 53.55
4 3045 42.376541 -71.087661 0.031055407441 0.003606 53.55
4 3046 42.376549 -71.087653 0.031065607876 0.003606 53.55
4 3047 42.376556 -71.087646 0.031075808311 0.003606 53.55
4 3048 42.376563 -71.087639 0.031086008747 0.003606 53.55
4 3049 42.376570 -71.087632 0.031096209182 0.003606 53.55
4 3050 42.376578 -71.087624 0.031106409617 0.003607 53.55
4 3051 42.376585 -71.087617 0.031116610392 0.003607 53.55
4 3052 42.376592 -71.087610 0.031126811166 0.003607 53.55
4 3053 42.376599 -71.087603 0.031137011941 0.003607 53.55
4 3054 42.376606 -71.087596 0.031147212715 0.003607 53.55
4 3055 42.376614 -71.087588 0.031157413490 0.003607 53.55
4 3056 42.376621 -71.087581 0.031167614599 0.003607 53.55
4 3057 42.376628 -71.087574 0.031177815709 0.003607 53.55
4 3058 42.376635 -71.087567 0.031188016818 0.003607 53.55
4 3059 42.376642 -71.087560 0.031198217928 0.003607 53.55
4 3060 42.376650 -71.087552 0.031208419037 0.003607 53.55
4 3061 42.376657 -71.087545 0.031218620478 0.003607 53.55
4 3062 42.376664 -71.087538 0.031228821918 0.003607 53.55
4 3063 42.376671 -71.087531 0.031239023359 0.003607 53.55
4 3064 42.376679 -71.087523 0.031249224799 0.003607 53.55
4 3065 42.376686 -71.087516 0.031259426240 0.003607 53.55
4 3066 42.376693 -71.087509 0.031269628007 0.003607 53.55
4 3067 42.376700 -71.087502 0.031279829774 0.003607 53.55
4 3068 42.376707 -71.087495 0.031290031541 0.003607 53.55
4 3069 42.376715 -71.087487 0.031300233309 0.003607 53.55
4 3070 42.376722 -71.087480 0.031310435076 0.003607 53.55
4 3071 42.376729 -71.087473 0.031320637166 0.003607 53.55
4 3072 42.376736 -71.087466 0.031330839256 0.003607 53.55
4 3073 42.376743 -71.087459 0.031341041346 0.003607 53.55
4 3074 42.376751 -71.087451 0.031351243436 0.003607 53.55
4 3075 42.376758 -71.087444 0.031361445526 0.003607 53.55
4 3076 42.376765 -71.087437 0.031371647935 0.003607 53.55
4 3077 42.376772 -71.087430 0.031381850344 0.003607 53.55
4 3078 42.376780 -71.087422 0.031392052752 0.003607 53.55
4 3079 42.376787 -71.087415 0.031402255161 0.003607 53.55
4 3080 42.376794 -71.087408 0.031412457570 0.003607 53.55
4 3081 42.376801 -71.087401 0.031422660293 0.003607 53.55
4 3082 42.376808 -71.087394 0.031432863016 0.003607 53.55
4 3083 42.376816 -71.087386 0.031443065739 0.003607 53.55
4 3084 42.376823 -71.087379 0.031453268462 0.003607 53.55
4 3085 42.376830 -71.087372 0.031463471186 0.003607 53.55
4 3086 42.376837 -71.087365 0.031473674219 0.003607 53.55
4 3087 42.376844 -71.087358 0.031483877253 0.003607 53.55
4 3088 42.376852 -71.087350 0.031494080286 0.003607 53.55
4 3089 42.376859 -71.087343 0.031504283320 0.003607 53.55
4 3090 42.376866 -71.087336 0.031514486354 0.003607 53.55
4 3091 42.376873 -71.087329 0.031524689694 0.003607 53.55
4 3092 42.376881 -71.087321 0.031534893034 0.003607 53.55
4 3093 42.376888 -71.087314 0.031545096374 0.003607 53.55
4 3094 42.376895 -71.087307 0.031555299714 0.003607 53.55
4 3095 42.376902 -71.087300 0.031565503054 0.003608 53.55
4 3096 42.376909 -71.087293 0.031575706696 0.003608 53.55
4 3097 42.376917 -71.087285 0.031585910338 0.003608 53.55
4 3098 42.376924 -71.087278 0.031596113980 0.003608 53.55
4 3099 42.376931 -71.087271 0.031606317622 0.003608 53.55
4 3100 42.376938 -71.087264 0.031616521264 0.003608 53.55
4 3101 42.376945 -71.087257 0.031626725205 0.003608 53.55
4 3102 42.376953 -71.087249 0.031636929145 0.003608 53.55
4 3103 42.376960 -71.087242 0.031647133085 0.003608 53.55
4 3104 42.376967 -71.087235 0.031657337026 0.003608 53.55
4 3105 42.376974 -71.087228 0.031667540966 0.003608 53.55
4 3106 42.376982 -71.087220 0.031677745200 0.003608 53.55
4 3107 42.376989 -71.087213 0.031687949435 0.003608 53.55
4 3108 42.376996 -71.087206 0.031698153669 0.003608 53.55
