1 2277 42.371006 -71.093196 0.023227109712 0.003610 53.54
1 2278 42.371013 -71.093189 0.023237319916 0.003610 53.54
1 2279 42.371020 -71.093182 0.023247530120 0.003610 53.54
1 2280 42.371028 -71.093174 0.023257740324 0.003610 53.54
1 2281 42.371035 -71.093167 0.023267950363 0.003610 53.54
1 2282 42.371042 -71.093160 0.023278160401 0.003610 53.54
1 2283 42.371049 -71.093153 0.023288370439 0.003610 53.54
1 2284 42.371057 -71.093145 0.023298580478 0.003610 53.54
1 2285 42.371064 -71.093138 0.023308790516 0.003610 53.54
1 2286 42.371071 -71.093131 0.023319000384 0.003610 53.54
1 2287 42.371078 -71.093124 0.023329210252 0.003610 53.54
1 2288 42.371085 -71.093117 0.023339420120 0.003610 53.54
1 2289 42.371093 -71.093109 0.023349629988 0.003610 53.54
1 2290 42.371100 -71.093102 0.023359839857 0.003610 53.54
1 2291 42.371107 -71.093095 0.023370049551 0.003610 53.54
1 2292 42.371114 -71.093088 0.023380259245 0.003610 53.54
1 2293 42.371122 -71.093080 0.023390468938 0.003610 53.54
1 2294 42.371129 -71.093073 0.023400678632 0.003610 53.54
1 2295 42.371136 -71.093066 0.023410888326 0.003610 53.54
1 2296 42.371143 -71.093059 0.023421097842 0.003610 53.54
1 2297 42.371150 -71.093052 0.023431307358 0.003610 53.54
1 2298 42.371158 -71.093044 0.023441516873 0.003610 53.54
1 2299 42.371165 -71.093037 0.023451726389 0.003610 53.54
1 2300 42.371172 -71.093030 0.023461935905 0.003610 53.54
1 2301 42.371179 -71.093023 0.023472145238 0.003610 53.54
1 2302 42.371186 -71.093016 0.023482354571 0.003610 53.54
1 2303 42.371194 -71.093008 0.023492563904 0.003610 53.54
1 2304 42.371201 -71.093001 0.023502773238 0.003610 53.54
2 2277 42.371006 -71.093196 0.023227109712 0.003610 53.54
2 2278 42.371013 -71.093189 0.023237319916 0.003610 53.54
2 2279 42.371020 -71.093182 0.023247530120 0.003610 53.54
2 2280 42.371028 -71.093174 0.023257740324 0.003610 53.54
2 2281 42.371035 -71.093167 0.023267950363 0.003610 53.54
2 2282 42.371042 -71.093160 0.023278160401 0.003610 53.54
2 2283 42.371049 -71.093153 0.023288370439 0.003610 53.54
2 2284 42.371057 -71.093145 0.023298580478 0.003610 53.54
2 2285 42.371064 -71.093138 0.023308790516 0.003610 53.54
2 2286 42.371071 -71.093131 0.023319000384 0.003610 53.54
2 2287 42.371078 -71.093124 0.023329210252 0.003610 53.54
2 2288 42.371085 -71.093117 0.023339420120 0.003610 53.54
2 2289 42.371093 -71.093109 0.023349629988 0.003610 53.54
2 2290 42.371100 -71.093102 0.023359839857 0.003610 53.54
2 2291 42.371107 -71.093095 0.023370049551 0.003610 53.54
2 2292 42.371114 -71.093088 0.023380259245 0.003610 53.54
2 2293 42.371122 -71.093080 0.023390468938 0.003610 53.54
2 2294 42.371129 -71.093073 0.023400678632 0.003610 53.54
2 2295 42.371136 -71.093066 0.023410888326 0.003610 53.54
2 2296 42.371143 -71.093059 0.023421097842 0.003610 53.54
2 2297 42.371150 -71.093052 0.023431307358 0.003610 53.54
2 2298 42.371158 -71.093044 0.023441516873 0.003610 53.54
2 2299 42.371165 -71.093037 0.023451726389 0.003610 53.54
2 2300 42.371172 -71.093030 0.023461935905 0.003610 53.54
2 2301 42.371179 -71.093023 0.023472145238 0.003610 53.54
2 2302 42.371186 -71.093016 0.023482354571 0.003610 53.54
2 2303 42.371194 -71.093008 0.023492563904 0.003610 53.54
2 2304 42.371201 -71.093001 0.023502773238 0.003610 53.54
3 2277 42.371006 -71.093196 0.023227109712 0.003610 53.54
3 2278 42.371013 -71.093189 0.023237319916 0.003610 53.54
3 2279 42.371020 -71.093182 0.023247530120 0.003610 53.54
3 2280 42.371028 -71.093174 0.023257740324 0.003610 53.54
3 2281 42.371035 -71.093167 0.023267950363 0.003610 53.54
3 2282 42.371042 -71.093160 0.023278160401 0.003610 53.54
3 2283 42.371049 -71.093153 0.023288370439 0.003610 53.54
3 2284 42.371057 -71.093145 0.023298580478 0.003610 53.54
3 2285 42.371064 -71.093138 0.023308790516 0.003610 53.54
3 2286 42.371071 -71.093131 0.023319000384 0.003610 53.54
3 2287 42.371078 -71.093124 0.023329210252 0.003610 53.54
3 2288 42.371085 -71.093117 0.023339420120 0.003610 53.54
3 2289 42.371093 -71.093109 0.023349629988 0.003610 53.54
3 2290 42.371100 -71.093102 0.023359839857 0.003610 53.54
3 2291 42.371107 -71.093095 0.023370049551 0.003610 53.54
3 2292 42.371114 -71.093088 0.023380259245 0.003610 53.54
3 2293 42.371122 -71.093080 0.023390468938 0.003610 53.54
3 2294 42.371129 -71.093073 0.023400678632 0.003610 53.54
3 2295 42.371136 -71.093066 0.023410888326 0.003610 53.54
3 2296 42.371143 -71.093059 0.023421097842 0.003610 53.54
3 2297 42.371150 -71.093052 0.023431307358 0.003610 53.54
3 2298 42.371158 -71.093044 0.023441516873 0.003610 53.54
3 2299 42.371165 -71.093037 0.023451726389 0.003610 53.54
3 2300 42.371172 -71.093030 0.023461935905 0.003610 53.54
3 2301 42.371179 -71.093023 0.023472145238 0.003610 53.54
3 2302 42.371186 -71.093016 0.023482354571 0.003610 53.54
3 2303 42.371194 -71.093008 0.023492563904 0.003610 53.54
3 2304 42.371201 -71.093001 0.023502773238 0.003610 53.54
4 2277 42.371006 -71.093196 0.023227109712 0.003610 53.54
4 2278 42.371013 -71.093189 0.023237319916 0.003610 53.54
4 2279 42.371020 -71.093182 0.023247530120 0.003610 53.54
4 2280 42.371028 -71.093174 0.023257740324 0.003610 53.54
4 2281 42.371035 -71.093167 0.023267950363 0.003610 53.54
4 2282 42.371042 -71.093160 0.023278160401 0.003610 53.54
4 2283 42.371049 -71.093153 0.023288370439 0.003610 53.54
4 2284 42.371057 -71.093145 0.023298580478 0.003610 53.54
4 2285 42.371064 -71.093138 0.023308790516 0.003610 53.54
4 2286 42.371071 -71.093131 0.023319000384 0.003610 53.54
4 2287 42.371078 -71.093124 0.023329210252 0.003610 53.54
4 2288 42.371085 -71.093117 0.023339420120 0.003610 53.54
4 2289 42.371093 -71.093109 0.023349629988 0.003610 53.54
4 2290 42.371100 -71.093102 0.023359839857 0.003610 53.54
4 2291 42.371107 -71.093095 0.023370049551 0.003610 53.54
4 2292 42.371114 -71.093088 0.023380259245 0.003610 53.54
4 2293 42.371122 -71.093080 0.023390468938 0.003610 53.54
4 2294 42.371129 -71.093073 0.023400678632 0.003610 53.54
4 2295 42.371136 -71.093066 0.023410888326 0.003610 53.54
4 2296 42.371143 -71.093059 0.023421097842 0.003610 53.54
4 2297 42.371150 -71.093052 0.023431307358 0.003610 53.54
4 2298 42.371158 -71.093044 0.023441516873 0.003610 53.54
4 2299 42.371165 -71.093037 0.023451726389 0.003610 53.54
4 2300 42.371172 -71.093030 0.023461935905 0.003610 53.54
4 2301 42.371179 -71.093023 0.023472145238 0.003610 53.54
4 2302 42.371186 -71.093016 0.023482354571 0.003610 53.54
4 2303 42.371194 -71.093008 0.023492563904 0.003610 53.54
4 2304 42.371201 -71.093001 0.023502773238 0.003610 53.54
