1 2693 42.374006 -71.090196 0.027469763188 0.003600 53.54
1 2694 42.374013 -71.090189 0.027479945657 0.003600 53.54
1 2695 42.374020 -71.090182 0.027490128126 0.003600 53.54
1 2696 42.374028 -71.090174 0.027500310088 0.003600 53.54
1 2697 42.374035 -71.090167 0.027510492050 0.003600 53.54
1 2698 42.374042 -71.090160 0.027520674012 0.003600 53.54
1 2699 42.374049 -71.090153 0.027530855974 0.003600 53.54
1 2700 42.374056 -71.090146 0.027541037936 0.003600 53.54
1 2701 42.374064 -71.090138 0.027551219388 0.003600 53.54
1 2702 42.374071 -71.090131 0.027561400839 0.003600 53.54
1 2703 42.374078 -71.090124 0.027571582290 0.003600 53.54
1 2704 42.374085 -71.090117 0.027581763742 0.003600 53.54
1 2705 42.374092 -71.090110 0.027591945193 0.003600 53.54
1 2706 42.374100 -71.090102 0.027602126130 0.003600 53.54
1 2707 42.374107 -71.090095 0.027612307066 0.003600 53.54
1 2708 42.374114 -71.090088 0.027622488003 0.003600 53.54
1 2709 42.374121 -71.090081 0.027632668939 0.003600 53.54
1 2710 42.374128 -71.090074 0.027642849876 0.003599 53.54
1 2711 42.374136 -71.090066 0.027653030293 0.003599 53.54
1 2712 42.374143 -71.090059 0.027663210711 0.003599 53.54
1 2713 42.374150 -71.090052 0.027673391128 0.003599 53.54
1 2714 42.374157 -71.090045 0.027683571546 0.003599 53.54
1 2715 42.374164 -71.090038 0.027693751963 0.003599 53.54
1 2716 42.374172 -71.090030 0.027703931858 0.003599 53.54
1 2717 42.374179 -71.090023 0.027714111752 0.003599 53.54
1 2718 42.374186 -71.090016 0.027724291647 0.003599 53.54
1 2719 42.374193 -71.090009 0.027734471541 0.003599 53.54
1 2720 42.374200 -71.090002 0.027744651435 0.003599 53.54
2 2693 42.374006 -71.090196 0.027469763188 0.003600 53.54
2 2694 42.374013 -71.090189 0.027479945657 0.003600 53.54
2 2695 42.374020 -71.090182 0.027490128126 0.003600 53.54
2 2696 42.374028 -71.090174 0.027500310088 0.003600 53.54
2 2697 42.374035 -71.090167 0.027510492050 0.003600 53.54
2 2698 42.374042 -71.090160 0.027520674012 0.003600 53.54
2 2699 42.374049 -71.090153 0.027530855974 0.003600 53.54
2 2700 42.374056 -71.090146 0.027541037936 0.003600 53.54
2 2701 42.374064 -71.090138 0.027551219388 0.003600 53.54
2 2702 42.374071 -71.090131 0.027561400839 0.003600 53.54
2 2703 42.374078 -71.090124 0.027571582290 0.003600 53.54
2 2704 42.374085 -71.090117 0.027581763742 0.003600 53.54
2 2705 42.374092 -71.090110 0.027591945193 0.003600 53.54
2 2706 42.374100 -71.090102 0.027602126130 0.003600 53.54
2 2707 42.374107 -71.090095 0.027612307066 0.003600 53.54
2 2708 42.374114 -71.090088 0.027622488003 0.003600 53.54
2 2709 42.374121 -71.090081 0.027632668939 0.003600 53.54
2 2710 42.374128 -71.090074 0.027642849876 0.003599 53.54
2 2711 42.374136 -71.090066 0.027653030293 0.003599 53.54
2 2712 42.374143 -71.090059 0.027663210711 0.003599 53.54
2 2713 42.374150 -71.090052 0.027673391128 0.003599 53.54
2 2714 42.374157 -71.090045 0.027683571546 0.003599 53.54
2 2715 42.374164 -71.090038 0.027693751963 0.003599 53.54
2 2716 42.374172 -71.090030 0.027703931858 0.003599 53.54
2 2717 42.374179 -71.090023 0.027714111752 0.003599 53.54
2 2718 42.374186 -71.090016 0.027724291647 0.003599 53.54
2 2719 42.374193 -71.090009 0.027734471541 0.003599 53.54
2 2720 42.374200 -71.090002 0.027744651435 0.003599 53.54
3 2693 42.374006 -71.090196 0.027469763188 0.003600 53.54
3 2694 42.374013 -71.090189 0.027479945657 0.003600 53.54
3 2695 42.374020 -71.090182 0.027490128126 0.003600 53.54
3 2696 42.374028 -71.090174 0.027500310088 0.003600 53.54
3 2697 42.374035 -71.090167 0.027510492050 0.003600 53.54
3 2698 42.374042 -71.090160 0.027520674012 0.003600 53.54
3 2699 42.374049 -71.090153 0.027530855974 0.003600 53.54
3 2700 42.374056 -71.090146 0.027541037936 0.003600 53.54
3 2701 42.374064 -71.090138 0.027551219388 0.003600 53.54
3 2702 42.374071 -71.090131 0.027561400839 0.003600 53.54
3 2703 42.374078 -71.090124 0.027571582290 0.003600 53.54
3 2704 42.374085 -71.090117 0.027581763742 0.003600 53.54
3 2705 42.374092 -71.090110 0.027591945193 0.003600 53.54
3 2706 42.374100 -71.090102 0.027602126130 0.003600 53.54
3 2707 42.374107 -71.090095 0.027612307066 0.003600 53.54
3 2708 42.374114 -71.090088 0.027622488003 0.003600 53.54
3 2709 42.374121 -71.090081 0.027632668939 0.003600 53.54
3 2710 42.374128 -71.090074 0.027642849876 0.003599 53.54
3 2711 42.374136 -71.090066 0.027653030293 0.003599 53.54
3 2712 42.374143 -71.090059 0.027663210711 0.003599 53.54
3 2713 42.374150 -71.090052 0.027673391128 0.003599 53.54
3 2714 42.374157 -71.090045 0.027683571546 0.003599 53.54
3 2715 42.374164 -71.090038 0.027693751963 0.003599 53.54
3 2716 42.374172 -71.090030 0.027703931858 0.003599 53.54
3 2717 42.374179 -71.090023 0.027714111752 0.003599 53.54
3 2718 42.374186 -71.090016 0.027724291647 0.003599 53.54
3 2719 42.374193 -71.090009 0.027734471541 0.003599 53.54
3 2720 42.374200 -71.090002 0.027744651435 0.003599 53.54
4 2693 42.374006 -71.090196 0.027469763188 0.003600 53.54
4 2694 42.374013 -71.090189 0.027479945657 0.003600 53.54
4 2695 42.374020 -71.090182 0.027490128126 0.003600 53.54
4 2696 42.374028 -71.090174 0.027500310088 0.003600 53.54
4 2697 42.374035 -71.090167 0.027510492050 0.003600 53.54
4 2698 42.374042 -71.090160 0.027520674012 0.003600 53.54
4 2699 42.374049 -71.090153 0.027530855974 0.003600 53.54
4 2700 42.374056 -71.090146 0.027541037936 0.003600 53.54
4 2701 42.374064 -71.090138 0.027551219388 0.003600 53.54
4 2702 42.374071 -71.090131 0.027561400839 0.003600 53.54
4 2703 42.374078 -71.090124 0.027571582290 0.003600 53.54
4 2704 42.374085 -71.090117 0.027581763742 0.003600 53.54
4 2705 42.374092 -71.090110 0.027591945193 0.003600 53.54
4 2706 42.374100 -71.090102 0.027602126130 0.003600 53.54
4 2707 42.374107 -71.090095 0.027612307066 0.003600 53.54
4 2708 42.374114 -71.090088 0.027622488003 0.003600 53.54
4 2709 42.374121 -71.090081 0.027632668939 0.003600 53.54
4 2710 42.374128 -71.090074 0.027642849876 0.003599 53.54
4 2711 42.374136 -71.090066 0.027653030293 0.003599 53.54
4 2712 42.374143 -71.090059 0.027663210711 0.003599 53.54
4 2713 42.374150 -71.090052 0.027673391128 0.003599 53.54
4 2714 42.374157 -71.090045 0.027683571546 0.003599 53.54
4 2715 42.374164 -71.090038 0.027693751963 0.003599 53.54
4 2716 42.374172 -71.090030 0.027703931858 0.003599 53.54
4 2717 42.374179 -71.090023 0.027714111752 0.003599 53.54
4 2718 42.374186 -71.090016 0.027724291647 0.003599 53.54
4 2719 42.374193 -71.090009 0.027734471541 0.003599 53.54
4 2720 42.374200 -71.090002 0.027744651435 0.003599 53.54
