1 2166 42.370205 -71.093997 0.022093611100 0.003611 53.54
1 2167 42.370212 -71.093990 0.022103823921 0.003611 53.54
1 2168 42.370219 -71.093983 0.022114036741 0.003611 53.54
1 2169 42.370226 -71.093976 0.022124249561 0.003611 53.54
1 2170 42.370233 -71.093969 0.022134462381 0.003611 53.54
1 2171 42.370241 -71.093961 0.022144675125 0.003611 53.54
1 2172 42.370248 -71.093954 0.022154887870 0.003611 53.54
1 2173 42.370255 -71.093947 0.022165100614 0.003611 53.54
1 2174 42.370262 -71.093940 0.022175313358 0.003611 53.54
1 2175 42.370270 -71.093932 0.022185526103 0.003611 53.54
1 2176 42.370277 -71.093925 0.022195738767 0.003611 53.54
1 2177 42.370284 -71.093918 0.022205951431 0.003611 53.54
1 2178 42.370291 -71.093911 0.022216164096 0.003611 53.54
1 2179 42.370298 -71.093904 0.022226376760 0.003611 53.54
1 2180 42.370306 -71.093896 0.022236589424 0.003611 53.54
1 2181 42.370313 -71.093889 0.022246802004 0.003611 53.54
1 2182 42.370320 -71.093882 0.022257014585 0.003611 53.54
1 2183 42.370327 -71.093875 0.022267227165 0.003611 53.54
1 2184 42.370334 -71.093868 0.022277439745 0.003611 53.54
1 2185 42.370342 -71.093860 0.022287652325 0.003611 53.54
1 2186 42.370349 -71.093853 0.022297864817 0.003611 53.54
1 2187 42.370356 -71.093846 0.022308077309 0.003611 53.54
1 2188 42.370363 -71.093839 0.022318289802 0.003611 53.54
1 2189 42.370371 -71.093831 0.022328502294 0.003611 53.54
1 2190 42.370378 -71.093824 0.022338714786 0.003611 53.54
1 2191 42.370385 -71.093817 0.022348927185 0.003611 53.54
1 2192 42.370392 -71.093810 0.022359139585 0.003611 53.54
1 2193 42.370399 -71.093803 0.022369351985 0.003611 53.54
1 2194 42.370407 -71.093795 0.022379564385 0.003611 53.54
1 2195 42.370414 -71.093788 0.022389776784 0.003611 53.54
1 2196 42.370421 -71.093781 0.022399989088 0.003611 53.54
1 2197 42.370428 -71.093774 0.022410201391 0.003611 53.54
1 2198 42.370436 -71.093766 0.022420413695 0.003611 53.54
1 2199 42.370443 -71.093759 0.022430625998 0.003611 53.54
1 2200 42.370450 -71.093752 0.022440838301 0.003611 53.54
1 2201 42.370457 -71.093745 0.022451050504 0.003611 53.54
1 2202 42.370464 -71.093738 0.022461262707 0.003611 53.54
1 2203 42.370472 -71.093730 0.022471474910 0.003611 53.54
1 2204 42.370479 -71.093723 0.022481687113 0.003611 53.54
1 2205 42.370486 -71.093716 0.022491899316 0.003611 53.54
1 2206 42.370493 -71.093709 0.022502111414 0.003611 53.54
1 2207 42.370501 -71.093701 0.022512323513 0.003611 53.54
1 2208 42.370508 -71.093694 0.022522535611 0.003611 53.54
1 2209 42.370515 -71.093687 0.022532747709 0.003611 53.54
1 2210 42.370522 -71.093680 0.022542959808 0.003610 53.54
1 2211 42.370529 -71.093673 0.022553171797 0.003610 53.54
1 2212 42.370537 -71.093665 0.022563383787 0.003610 53.54
1 2213 42.370544 -71.093658 0.022573595777 0.003610 53.54
1 2214 42.370551 -71.093651 0.022583807766 0.003610 53.54
1 2215 42.370558 -71.093644 0.022594019756 0.003610 53.54
1 2216 42.370566 -71.093636 0.022604231633 0.003610 53.54
1 2217 42.370573 -71.093629 0.022614443510 0.003610 53.54
1 2218 42.370580 -71.093622 0.022624655387 0.003610 53.54
1 2219 42.370587 -71.093615 0.022634867264 0.003610 53.54
1 2220 42.370594 -71.093608 0.022645079141 0.003610 53.54
1 2221 42.370602 -71.093600 0.022655290901 0.003610 53.54
1 2222 42.370609 -71.093593 0.022665502661 0.003610 53.54
1 2223 42.370616 -71.093586 0.022675714421 0.003610 53.54
1 2224 42.370623 -71.093579 0.022685926181 0.003610 53.54
1 2225 42.370631 -71.093571 0.022696137941 0.003610 53.54
1 2226 42.370638 -71.093564 0.022706349580 0.003610 53.54
1 2227 42.370645 -71.093557 0.022716561219 0.003610 53.54
1 2228 42.370652 -71.093550 0.022726772858 0.003610 53.54
1 2229 42.370659 -71.093543 0.022736984497 0.003610 53.54
1 2230 42.370667 -71.093535 0.022747196137 0.003610 53.54
1 2231 42.370674 -71.093528 0.022757407651 0.003610 53.54
1 2232 42.370681 -71.093521 0.022767619165 0.003610 53.54
1 2233 42.370688 -71.093514 0.022777830679 0.003610 53.54
1 2234 42.370696 -71.093506 0.022788042193 0.003610 53.54
1 2235 42.370703 -71.093499 0.022798253707 0.003610 53.54
1 2236 42.370710 -71.093492 0.022808465092 0.003610 53.54
1 2237 42.370717 -71.093485 0.022818676477 0.003610 53.54
1 2238 42.370724 -71.093478 0.022828887862 0.003610 53.54
1 2239 42.370732 -71.093470 0.022839099247 0.003610 53.54
1 2240 42.370739 -71.093463 0.022849310632 0.003610 53.54
1 2241 42.370746 -71.093456 0.022859521883 0.003610 53.54
1 2242 42.370753 -71.093449 0.022869733135 0.003610 53.54
1 2243 42.370761 -71.093441 0.022879944387 0.003610 53.54
1 2244 42.370768 -71.093434 0.022890155638 0.003610 53.54
1 2245 42.370775 -71.093427 0.022900366890 0.003610 53.54
1 2246 42.370782 -71.093420 0.022910578004 0.003610 53.54
1 2247 42.370789 -71.093413 0.022920789119 0.003610 53.54
1 2248 42.370797 -71.093405 0.022931000233 0.003610 53.54
1 2249 42.370804 -71.093398 0.022941211347 0.003610 53.54
1 2250 42.370811 -71.093391 0.022951422462 0.003610 53.54
1 2251 42.370818 -71.093384 0.022961633435 0.003610 53.54
1 2252 42.370826 -71.093376 0.022971844407 0.003610 53.54
1 2253 42.370833 -71.093369 0.022982055380 0.003610 53.54
1 2254 42.370840 -71.093362 0.022992266353 0.003610 53.54
1 2255 42.370847 -71.093355 0.023002477326 0.003610 53.54
1 2256 42.370854 -71.093348 0.023012688154 0.003610 53.54
1 2257 42.370862 -71.093340 0.023022898981 0.003610 53.54
1 2258 42.370869 -71.093333 0.023033109808 0.003610 53.54
1 2259 42.370876 -71.093326 0.023043320636 0.003610 53.54
1 2260 42.370883 -71.093319 0.023053531463 0.003610 53.54
1 2261 42.370890 -71.093312 0.023063742141 0.003610 53.54
1 2262 42.370898 -71.093304 0.023073952819 0.003610 53.54
1 2263 42.370905 -71.093297 0.023084163496 0.003610 53.54
1 2264 42.370912 -71.093290 0.023094374174 0.003610 53.54
1 2265 42.370919 -71.093283 0.023104584852 0.003610 53.54
1 2266 42.370927 -71.093275 0.023114795376 0.003610 53.54
1 2267 42.370934 -71.093268 0.023125005900 0.003610 53.54
1 2268 42.370941 -71.093261 0.023135216424 0.003610 53.54
1 2269 42.370948 -71.093254 0.023145426948 0.003610 53.54
1 2270 42.370955 -71.093247 0.023155637472 0.003610 53.54
1 2271 42.370963 -71.093239 0.023165847838 0.003610 53.54
1 2272 42.370970 -71.093232 0.023176058204 0.003610 53.54
1 2273 42.370977 -71.093225 0.023186268571 0.003610 53.54
1 2274 42.370984 -71.093218 0.023196478937 0.003610 53.54
1 2275 42.370992 -71.093210 0.023206689303 0.003610 53.54
1 2276 42.370999 -71.093203 0.023216899507 0.003610 53.54
2 2166 42.370205 -71.093997 0.022093611100 0.003611 53.54
2 2167 42.370212 -71.093990 0.022103823921 0.003611 53.54
2 2168 42.370219 -71.093983 0.022114036741 0.003611 53.54
2 2169 42.370226 -71.093976 0.022124249561 0.003611 53.54
2 2170 42.370233 -71.093969 0.022134462381 0.003611 53.54
2 2171 42.370241 -71.093961 0.022144675125 0.003611 53.54
2 2172 42.370248 -71.093954 0.022154887870 0.003611 53.54
2 2173 42.370255 -71.093947 0.022165100614 0.003611 53.54
2 2174 42.370262 -71.093940 0.022175313358 0.003611 53.54
2 2175 42.370270 -71.093932 0.022185526103 0.003611 53.54
2 2176 42.370277 -71.093925 0.022195738767 0.003611 53.54
2 2177 42.370284 -71.093918 0.022205951431 0.003611 53.54
2 2178 42.370291 -71.093911 0.022216164096 0.003611 53.54
2 2179 42.370298 -71.093904 0.022226376760 0.003611 53.54
2 2180 42.370306 -71.093896 0.022236589424 0.003611 53.54
2 2181 42.370313 -71.093889 0.022246802004 0.003611 53.54
2 2182 42.370320 -71.093882 0.022257014585 0.003611 53.54
2 2183 42.370327 -71.093875 0.022267227165 0.003611 53.54
2 2184 42.370334 -71.093868 0.022277439745 0.003611 53.54
2 2185 42.370342 -71.093860 0.022287652325 0.003611 53.54
2 2186 42.370349 -71.093853 0.022297864817 0.003611 53.54
2 2187 42.370356 -71.093846 0.022308077309 0.003611 53.54
2 2188 42.370363 -71.093839 0.022318289802 0.003611 53.54
2 2189 42.370371 -71.093831 0.022328502294 0.003611 53.54
2 2190 42.370378 -71.093824 0.022338714786 0.003611 53.54
2 2191 42.370385 -71.093817 0.022348927185 0.003611 53.54
2 2192 42.370392 -71.093810 0.022359139585 0.003611 53.54
2 2193 42.370399 -71.093803 0.022369351985 0.003611 53.54
2 2194 42.370407 -71.093795 0.022379564385 0.003611 53.54
2 2195 42.370414 -71.093788 0.022389776784 0.003611 53.54
2 2196 42.370421 -71.093781 0.022399989088 0.003611 53.54
2 2197 42.370428 -71.093774 0.022410201391 0.003611 53.54
2 2198 42.370436 -71.093766 0.022420413695 0.003611 53.54
2 2199 42.370443 -71.093759 0.022430625998 0.003611 53.54
2 2200 42.370450 -71.093752 0.022440838301 0.003611 53.54
2 2201 42.370457 -71.093745 0.022451050504 0.003611 53.54
2 2202 42.370464 -71.093738 0.022461262707 0.003611 53.54
2 2203 42.370472 -71.093730 0.022471474910 0.003611 53.54
2 2204 42.370479 -71.093723 0.022481687113 0.003611 53.54
2 2205 42.370486 -71.093716 0.022491899316 0.003611 53.54
2 2206 42.370493 -71.093709 0.022502111414 0.003611 53.54
2 2207 42.370501 -71.093701 0.022512323513 0.003611 53.54
2 2208 42.370508 -71.093694 0.022522535611 0.003611 53.54
2 2209 42.370515 -71.093687 0.022532747709 0.003611 53.54
2 2210 42.370522 -71.093680 0.022542959808 0.003610 53.54
2 2211 42.370529 -71.093673 0.022553171797 0.003610 53.54
2 2212 42.370537 -71.093665 0.022563383787 0.003610 53.54
2 2213 42.370544 -71.093658 0.022573595777 0.003610 53.54
2 2214 42.370551 -71.093651 0.022583807766 0.003610 53.54
2 2215 42.370558 -71.093644 0.022594019756 0.003610 53.54
2 2216 42.370566 -71.093636 0.022604231633 0.003610 53.54
2 2217 42.370573 -71.093629 0.022614443510 0.003610 53.54
2 2218 42.370580 -71.093622 0.022624655387 0.003610 53.54
2 2219 42.370587 -71.093615 0.022634867264 0.003610 53.54
2 2220 42.370594 -71.093608 0.022645079141 0.003610 53.54
2 2221 42.370602 -71.093600 0.022655290901 0.003610 53.54
2 2222 42.370609 -71.093593 0.022665502661 0.003610 53.54
2 2223 42.370616 -71.093586 0.022675714421 0.003610 53.54
2 2224 42.370623 -71.093579 0.022685926181 0.003610 53.54
2 2225 42.370631 -71.093571 0.022696137941 0.003610 53.54
2 2226 42.370638 -71.093564 0.022706349580 0.003610 53.54
2 2227 42.370645 -71.093557 0.022716561219 0.003610 53.54
2 2228 42.370652 -71.093550 0.022726772858 0.003610 53.54
2 2229 42.370659 -71.093543 0.022736984497 0.003610 53.54
2 2230 42.370667 -71.093535 0.022747196137 0.003610 53.54
2 2231 42.370674 -71.093528 0.022757407651 0.003610 53.54
2 2232 42.370681 -71.093521 0.022767619165 0.003610 53.54
2 2233 42.370688 -71.093514 0.022777830679 0.003610 53.54
2 2234 42.370696 -71.093506 0.022788042193 0.003610 53.54
2 2235 42.370703 -71.093499 0.022798253707 0.003610 53.54
2 2236 42.370710 -71.093492 0.022808465092 0.003610 53.54
2 2237 42.370717 -71.093485 0.022818676477 0.003610 53.54
2 2238 42.370724 -71.093478 0.022828887862 0.003610 53.54
2 2239 42.370732 -71.093470 0.022839099247 0.003610 53.54
2 2240 42.370739 -71.093463 0.022849310632 0.003610 53.54
2 2241 42.370746 -71.093456 0.022859521883 0.003610 53.54
2 2242 42.370753 -71.093449 0.022869733135 0.003610 53.54
2 2243 42.370761 -71.093441 0.022879944387 0.003610 53.54
2 2244 42.370768 -71.093434 0.022890155638 0.003610 53.54
2 2245 42.370775 -71.093427 0.022900366890 0.003610 53.54
2 2246 42.370782 -71.093420 0.022910578004 0.003610 53.54
2 2247 42.370789 -71.093413 0.022920789119 0.003610 53.54
2 2248 42.370797 -71.093405 0.022931000233 0.003610 53.54
2 2249 42.370804 -71.093398 0.022941211347 0.003610 53.54
2 2250 42.370811 -71.093391 0.022951422462 0.003610 53.54
2 2251 42.370818 -71.093384 0.022961633435 0.003610 53.54
2 2252 42.370826 -71.093376 0.022971844407 0.003610 53.54
2 2253 42.370833 -71.093369 0.022982055380 0.003610 53.54
2 2254 42.370840 -71.093362 0.022992266353 0.003610 53.54
2 2255 42.370847 -71.093355 0.023002477326 0.003610 53.54
2 2256 42.370854 -71.093348 0.023012688154 0.003610 53.54
2 2257 42.370862 -71.093340 0.023022898981 0.003610 53.54
2 2258 42.370869 -71.093333 0.023033109808 0.003610 53.54
2 2259 42.370876 -71.093326 0.023043320636 0.003610 53.54
2 2260 42.370883 -71.093319 0.023053531463 0.003610 53.54
2 2261 42.370890 -71.093312 0.023063742141 0.003610 53.54
2 2262 42.370898 -71.093304 0.023073952819 0.003610 53.54
2 2263 42.370905 -71.093297 0.023084163496 0.003610 53.54
2 2264 42.370912 -71.093290 0.023094374174 0.003610 53.54
2 2265 42.370919 -71.093283 0.023104584852 0.003610 53.54
2 2266 42.370927 -71.093275 0.023114795376 0.003610 53.54
2 2267 42.370934 -71.093268 0.023125005900 0.003610 53.54
2 2268 42.370941 -71.093261 0.023135216424 0.003610 53.54
2 2269 42.370948 -71.093254 0.023145426948 0.003610 53.54
2 2270 42.370955 -71.093247 0.023155637472 0.003610 53.54
2 2271 42.370963 -71.093239 0.023165847838 0.003610 53.54
2 2272 42.370970 -71.093232 0.023176058204 0.003610 53.54
2 2273 42.370977 -71.093225 0.023186268571 0.003610 53.54
2 2274 42.370984 -71.093218 0.023196478937 0.003610 53.54
2 2275 42.370992 -71.093210 0.023206689303 0.003610 53.54
2 2276 42.370999 -71.093203 0.023216899507 0.003610 53.54
3 2166 42.370205 -71.093997 0.022093611100 0.003611 53.54
3 2167 42.370212 -71.093990 0.022103823921 0.003611 53.54
3 2168 42.370219 -71.093983 0.022114036741 0.003611 53.54
3 2169 42.370226 -71.093976 0.022124249561 0.003611 53.54
3 2170 42.370233 -71.093969 0.022134462381 0.003611 53.54
3 2171 42.370241 -71.093961 0.022144675125 0.003611 53.54
3 2172 42.370248 -71.093954 0.022154887870 0.003611 53.54
3 2173 42.370255 -71.093947 0.022165100614 0.003611 53.54
3 2174 42.370262 -71.093940 0.022175313358 0.003611 53.54
3 2175 42.370270 -71.093932 0.022185526103 0.003611 53.54
3 2176 42.370277 -71.093925 0.022195738767 0.003611 53.54
3 2177 42.370284 -71.093918 0.022205951431 0.003611 53.54
3 2178 42.370291 -71.093911 0.022216164096 0.003611 53.54
3 2179 42.370298 -71.093904 0.022226376760 0.003611 53.54
3 2180 42.370306 -71.093896 0.022236589424 0.003611 53.54
3 2181 42.370313 -71.093889 0.022246802004 0.003611 53.54
3 2182 42.370320 -71.093882 0.022257014585 0.003611 53.54
3 2183 42.370327 -71.093875 0.022267227165 0.003611 53.54
3 2184 42.370334 -71.093868 0.022277439745 0.003611 53.54
3 2185 42.370342 -71.093860 0.022287652325 0.003611 53.54
3 2186 42.370349 -71.093853 0.022297864817 0.003611 53.54
3 2187 42.370356 -71.093846 0.022308077309 0.003611 53.54
3 2188 42.370363 -71.093839 0.022318289802 0.003611 53.54
3 2189 42.370371 -71.093831 0.022328502294 0.003611 53.54
3 2190 42.370378 -71.093824 0.022338714786 0.003611 53.54
3 2191 42.370385 -71.093817 0.022348927185 0.003611 53.54
3 2192 42.370392 -71.093810 0.022359139585 0.003611 53.54
3 2193 42.370399 -71.093803 0.022369351985 0.003611 53.54
3 2194 42.370407 -71.093795 0.022379564385 0.003611 53.54
3 2195 42.370414 -71.093788 0.022389776784 0.003611 53.54
3 2196 42.370421 -71.093781 0.022399989088 0.003611 53.54
3 2197 42.370428 -71.093774 0.022410201391 0.003611 53.54
3 2198 42.370436 -71.093766 0.022420413695 0.003611 53.54
3 2199 42.370443 -71.093759 0.022430625998 0.003611 53.54
3 2200 42.370450 -71.093752 0.022440838301 0.003611 53.54
3 2201 42.370457 -71.093745 0.022451050504 0.003611 53.54
3 2202 42.370464 -71.093738 0.022461262707 0.003611 53.54
3 2203 42.370472 -71.093730 0.022471474910 0.003611 53.54
3 2204 42.370479 -71.093723 0.022481687113 0.003611 53.54
3 2205 42.370486 -71.093716 0.022491899316 0.003611 53.54
3 2206 42.370493 -71.093709 0.022502111414 0.003611 53.54
3 2207 42.370501 -71.093701 0.022512323513 0.003611 53.54
3 2208 42.370508 -71.093694 0.022522535611 0.003611 53.54
3 2209 42.370515 -71.093687 0.022532747709 0.003611 53.54
3 2210 42.370522 -71.093680 0.022542959808 0.003610 53.54
3 2211 42.370529 -71.093673 0.022553171797 0.003610 53.54
3 2212 42.370537 -71.093665 0.022563383787 0.003610 53.54
3 2213 42.370544 -71.093658 0.022573595777 0.003610 53.54
3 2214 42.370551 -71.093651 0.022583807766 0.003610 53.54
3 2215 42.370558 -71.093644 0.022594019756 0.003610 53.54
3 2216 42.370566 -71.093636 0.022604231633 0.003610 53.54
3 2217 42.370573 -71.093629 0.022614443510 0.003610 53.54
3 2218 42.370580 -71.093622 0.022624655387 0.003610 53.54
3 2219 42.370587 -71.093615 0.022634867264 0.003610 53.54
3 2220 42.370594 -71.093608 0.022645079141 0.003610 53.54
3 2221 42.370602 -71.093600 0.022655290901 0.003610 53.54
3 2222 42.370609 -71.093593 0.022665502661 0.003610 53.54
3 2223 42.370616 -71.093586 0.022675714421 0.003610 53.54
3 2224 42.370623 -71.093579 0.022685926181 0.003610 53.54
3 2225 42.370631 -71.093571 0.022696137941 0.003610 53.54
3 2226 42.370638 -71.093564 0.022706349580 0.003610 53.54
3 2227 42.370645 -71.093557 0.022716561219 0.003610 53.54
3 2228 42.370652 -71.093550 0.022726772858 0.003610 53.54
3 2229 42.370659 -71.093543 0.022736984497 0.003610 53.54
3 2230 42.370667 -71.093535 0.022747196137 0.003610 53.54
3 2231 42.370674 -71.093528 0.022757407651 0.003610 53.54
3 2232 42.370681 -71.093521 0.022767619165 0.003610 53.54
3 2233 42.370688 -71.093514 0.022777830679 0.003610 53.54
3 2234 42.370696 -71.093506 0.022788042193 0.003610 53.54
3 2235 42.370703 -71.093499 0.022798253707 0.003610 53.54
3 2236 42.370710 -71.093492 0.022808465092 0.003610 53.54
3 2237 42.370717 -71.093485 0.022818676477 0.003610 53.54
3 2238 42.370724 -71.093478 0.022828887862 0.003610 53.54
3 2239 42.370732 -71.093470 0.022839099247 0.003610 53.54
3 2240 42.370739 -71.093463 0.022849310632 0.003610 53.54
3 2241 42.370746 -71.093456 0.022859521883 0.003610 53.54
3 2242 42.370753 -71.093449 0.022869733135 0.003610 53.54
3 2243 42.370761 -71.093441 0.022879944387 0.003610 53.54
3 2244 42.370768 -71.093434 0.022890155638 0.003610 53.54
3 2245 42.370775 -71.093427 0.022900366890 0.003610 53.54
3 2246 42.370782 -71.093420 0.022910578004 0.003610 53.54
3 2247 42.370789 -71.093413 0.022920789119 0.003610 53.54
3 2248 42.370797 -71.093405 0.022931000233 0.003610 53.54
3 2249 42.370804 -71.093398 0.022941211347 0.003610 53.54
3 2250 42.370811 -71.093391 0.022951422462 0.003610 53.54
3 2251 42.370818 -71.093384 0.022961633435 0.003610 53.54
3 2252 42.370826 -71.093376 0.022971844407 0.003610 53.54
3 2253 42.370833 -71.093369 0.022982055380 0.003610 53.54
3 2254 42.370840 -71.093362 0.022992266353 0.003610 53.54
3 2255 42.370847 -71.093355 0.023002477326 0.003610 53.54
3 2256 42.370854 -71.093348 0.023012688154 0.003610 53.54
3 2257 42.370862 -71.093340 0.023022898981 0.003610 53.54
3 2258 42.370869 -71.093333 0.023033109808 0.003610 53.54
3 2259 42.370876 -71.093326 0.023043320636 0.003610 53.54
3 2260 42.370883 -71.093319 0.023053531463 0.003610 53.54
3 2261 42.370890 -71.093312 0.023063742141 0.003610 53.54
3 2262 42.370898 -71.093304 0.023073952819 0.003610 53.54
3 2263 42.370905 -71.093297 0.023084163496 0.003610 53.54
3 2264 42.370912 -71.093290 0.023094374174 0.003610 53.54
3 2265 42.370919 -71.093283 0.023104584852 0.003610 53.54
3 2266 42.370927 -71.093275 0.023114795376 0.003610 53.54
3 2267 42.370934 -71.093268 0.023125005900 0.003610 53.54
3 2268 42.370941 -71.093261 0.023135216424 0.003610 53.54
3 2269 42.370948 -71.093254 0.023145426948 0.003610 53.54
3 2270 42.370955 -71.093247 0.023155637472 0.003610 53.54
3 2271 42.370963 -71.093239 0.023165847838 0.003610 53.54
3 2272 42.370970 -71.093232 0.023176058204 0.003610 53.54
3 2273 42.370977 -71.093225 0.023186268571 0.003610 53.54
3 2274 42.370984 -71.093218 0.023196478937 0.003610 53.54
3 2275 42.370992 -71.093210 0.023206689303 0.003610 53.54
3 2276 42.370999 -71.093203 0.023216899507 0.003610 53.54
4 2166 42.370205 -71.093997 0.022093611100 0.003611 53.54
4 2167 42.370212 -71.093990 0.022103823921 0.003611 53.54
4 2168 42.370219 -71.093983 0.022114036741 0.003611 53.54
4 2169 42.370226 -71.093976 0.022124249561 0.003611 53.54
4 2170 42.370233 -71.093969 0.022134462381 0.003611 53.54
4 2171 42.370241 -71.093961 0.022144675125 0.003611 53.54
4 2172 42.370248 -71.093954 0.022154887870 0.003611 53.54
4 2173 42.370255 -71.093947 0.022165100614 0.003611 53.54
4 2174 42.370262 -71.093940 0.022175313358 0.003611 53.54
4 2175 42.370270 -71.093932 0.022185526103 0.003611 53.54
4 2176 42.370277 -71.093925 0.022195738767 0.003611 53.54
4 2177 42.370284 -71.093918 0.022205951431 0.003611 53.54
4 2178 42.370291 -71.093911 0.022216164096 0.003611 53.54
4 2179 42.370298 -71.093904 0.022226376760 0.003611 53.54
4 2180 42.370306 -71.093896 0.022236589424 0.003611 53.54
4 2181 42.370313 -71.093889 0.022246802004 0.003611 53.54
4 2182 42.370320 -71.093882 0.022257014585 0.003611 53.54
4 2183 42.370327 -71.093875 0.022267227165 0.003611 53.54
4 2184 42.370334 -71.093868 0.022277439745 0.003611 53.54
4 2185 42.370342 -71.093860 0.022287652325 0.003611 53.54
4 2186 42.370349 -71.093853 0.022297864817 0.003611 53.54
4 2187 42.370356 -71.093846 0.022308077309 0.003611 53.54
4 2188 42.370363 -71.093839 0.022318289802 0.003611 53.54
4 2189 42.370371 -71.093831 0.022328502294 0.003611 53.54
4 2190 42.370378 -71.093824 0.022338714786 0.003611 53.54
4 2191 42.370385 -71.093817 0.022348927185 0.003611 53.54
4 2192 42.370392 -71.093810 0.022359139585 0.003611 53.54
4 2193 42.370399 -71.093803 0.022369351985 0.003611 53.54
4 2194 42.370407 -71.093795 0.022379564385 0.003611 53.54
4 2195 42.370414 -71.093788 0.022389776784 0.003611 53.54
4 2196 42.370421 -71.093781 0.022399989088 0.003611 53.54
4 2197 42.370428 -71.093774 0.022410201391 0.003611 53.54
4 2198 42.370436 -71.093766 0.022420413695 0.003611 53.54
4 2199 42.370443 -71.093759 0.022430625998 0.003611 53.54
4 2200 42.370450 -71.093752 0.022440838301 0.003611 53.54
4 2201 42.370457 -71.093745 0.022451050504 0.003611 53.54
4 2202 42.370464 -71.093738 0.022461262707 0.003611 53.54
4 2203 42.370472 -71.093730 0.022471474910 0.003611 53.54
4 2204 42.370479 -71.093723 0.022481687113 0.003611 53.54
4 2205 42.370486 -71.093716 0.022491899316 0.003611 53.54
4 2206 42.370493 -71.093709 0.022502111414 0.003611 53.54
4 2207 42.370501 -71.093701 0.022512323513 0.003611 53.54
4 2208 42.370508 -71.093694 0.022522535611 0.003611 53.54
4 2209 42.370515 -71.093687 0.022532747709 0.003611 53.54
4 2210 42.370522 -71.093680 0.022542959808 0.003610 53.54
4 2211 42.370529 -71.093673 0.022553171797 0.003610 53.54
4 2212 42.370537 -71.093665 0.022563383787 0.003610 53.54
4 2213 42.370544 -71.093658 0.022573595777 0.003610 53.54
4 2214 42.370551 -71.093651 0.022583807766 0.003610 53.54
4 2215 42.370558 -71.093644 0.022594019756 0.003610 53.54
4 2216 42.370566 -71.093636 0.022604231633 0.003610 53.54
4 2217 42.370573 -71.093629 0.022614443510 0.003610 53.54
4 2218 42.370580 -71.093622 0.022624655387 0.003610 53.54
4 2219 42.370587 -71.093615 0.022634867264 0.003610 53.54
4 2220 42.370594 -71.093608 0.022645079141 0.003610 53.54
4 2221 42.370602 -71.093600 0.022655290901 0.003610 53.54
4 2222 42.370609 -71.093593 0.022665502661 0.003610 53.54
4 2223 42.370616 -71.093586 0.022675714421 0.003610 53.54
4 2224 42.370623 -71.093579 0.022685926181 0.003610 53.54
4 2225 42.370631 -71.093571 0.022696137941 0.003610 53.54
4 2226 42.370638 -71.093564 0.022706349580 0.003610 53.54
4 2227 42.370645 -71.093557 0.022716561219 0.003610 53.54
4 2228 42.370652 -71.093550 0.022726772858 0.003610 53.54
4 2229 42.370659 -71.093543 0.022736984497 0.003610 53.54
4 2230 42.370667 -71.093535 0.022747196137 0.003610 53.54
4 2231 42.370674 -71.093528 0.022757407651 0.003610 53.54
4 2232 42.370681 -71.093521 0.022767619165 0.003610 53.54
4 2233 42.370688 -71.093514 0.022777830679 0.003610 53.54
4 2234 42.370696 -71.093506 0.022788042193 0.003610 53.54
4 2235 42.370703 -71.093499 0.022798253707 0.003610 53.54
4 2236 42.370710 -71.093492 0.022808465092 0.003610 53.54
4 2237 42.370717 -71.093485 0.022818676477 0.003610 53.54
4 2238 42.370724 -71.093478 0.022828887862 0.003610 53.54
4 2239 42.370732 -71.093470 0.022839099247 0.003610 53.54
4 2240 42.370739 -71.093463 0.022849310632 0.003610 53.54
4 2241 42.370746 -71.093456 0.022859521883 0.003610 53.54
4 2242 42.370753 -71.093449 0.022869733135 0.003610 53.54
4 2243 42.370761 -71.093441 0.022879944387 0.003610 53.54
4 2244 42.370768 -71.093434 0.022890155638 0.003610 53.54
4 2245 42.370775 -71.093427 0.022900366890 0.003610 53.54
4 2246 42.370782 -71.093420 0.022910578004 0.003610 53.54
4 2247 42.370789 -71.093413 0.022920789119 0.003610 53.54
4 2248 42.370797 -71.093405 0.022931000233 0.003610 53.54
4 2249 42.370804 -71.093398 0.022941211347 0.003610 53.54
4 2250 42.370811 -71.093391 0.022951422462 0.003610 53.54
4 2251 42.370818 -71.093384 0.022961633435 0.003610 53.54
4 2252 42.370826 -71.093376 0.022971844407 0.003610 53.54
4 2253 42.370833 -71.093369 0.022982055380 0.003610 53.54
4 2254 42.370840 -71.093362 0.022992266353 0.003610 53.54
4 2255 42.370847 -71.093355 0.023002477326 0.003610 53.54
4 2256 42.370854 -71.093348 0.023012688154 0.003610 53.54
4 2257 42.370862 -71.093340 0.023022898981 0.003610 53.54
4 2258 42.370869 -71.093333 0.023033109808 0.003610 53.54
4 2259 42.370876 -71.093326 0.023043320636 0.003610 53.54
4 2260 42.370883 -71.093319 0.023053531463 0.003610 53.54
4 2261 42.370890 -71.093312 0.023063742141 0.003610 53.54
4 2262 42.370898 -71.093304 0.023073952819 0.003610 53.54
4 2263 42.370905 -71.093297 0.023084163496 0.003610 53.54
4 2264 42.370912 -71.093290 0.023094374174 0.003610 53.54
4 2265 42.370919 -71.093283 0.023104584852 0.003610 53.54
4 2266 42.370927 -71.093275 0.023114795376 0.003610 53.54
4 2267 42.370934 -71.093268 0.023125005900 0.003610 53.54
4 2268 42.370941 -71.093261 0.023135216424 0.003610 53.54
4 2269 42.370948 -71.093254 0.023145426948 0.003610 53.54
4 2270 42.370955 -71.093247 0.023155637472 0.003610 53.54
4 2271 42.370963 -71.093239 0.023165847838 0.003610 53.54
4 2272 42.370970 -71.093232 0.023176058204 0.003610 53.54
4 2273 42.370977 -71.093225 0.023186268571 0.003610 53.54
4 2274 42.370984 -71.093218 0.023196478937 0.003610 53.54
4 2275 42.370992 -71.093210 0.023206689303 0.003610 53.54
4 2276 42.370999 -71.093203 0.023216899507 0.003610 53.54
