1 3276 42.378209 -71.085993 0.033413163112 0.003610 53.55
1 3277 42.378216 -71.085986 0.033423374903 0.003610 53.55
1 3278 42.378223 -71.085979 0.033433586694 0.003610 53.55
1 3279 42.378230 -71.085972 0.033443798485 0.003610 53.55
1 3280 42.378238 -71.085964 0.033454010276 0.003610 53.55
1 3281 42.378245 -71.085957 0.033464222218 0.003610 53.55
1 3282 42.378252 -71.085950 0.033474434160 0.003610 53.55
1 3283 42.378259 -71.085943 0.033484646101 0.003610 53.55
1 3284 42.378266 -71.085936 0.033494858043 0.003610 53.55
1 3285 42.378274 -71.085928 0.033505069984 0.003611 53.55
1 3286 42.378281 -71.085921 0.033515282073 0.003611 53.55
1 3287 42.378288 -71.085914 0.033525494161 0.003611 53.55
1 3288 42.378295 -71.085907 0.033535706249 0.003611 53.55
1 3289 42.378303 -71.085899 0.033545918337 0.003611 53.55
1 3290 42.378310 -71.085892 0.033556130425 0.003611 53.55
1 3291 42.378317 -71.085885 0.033566342655 0.003611 53.55
1 3292 42.378324 -71.085878 0.033576554886 0.003611 53.55
1 3293 42.378331 -71.085871 0.033586767116 0.003611 53.55
1 3294 42.378339 -71.085863 0.033596979346 0.003611 53.55
1 3295 42.378346 -71.085856 0.033607191577 0.003611 53.55
1 3296 42.378353 -71.085849 0.033617403945 0.003611 53.55
1 3297 42.378360 -71.085842 0.033627616314 0.003611 53.55
1 3298 42.378368 -71.085834 0.033637828683 0.003611 53.55
1 3299 42.378375 -71.085827 0.033648041051 0.003611 53.55
1 3300 42.378382 -71.085820 0.033658253420 0.003611 53.55
1 3301 42.378389 -71.085813 0.033668465923 0.003611 53.55
1 3302 42.378396 -71.085806 0.033678678425 0.003611 53.55
1 3303 42.378404 -71.085798 0.033688890928 0.003611 53.55
1 3304 42.378411 -71.085791 0.033699103431 0.003611 53.55
1 3305 42.378418 -71.085784 0.033709315934 0.003611 53.55
1 3306 42.378425 -71.085777 0.033719528567 0.003611 53.55
1 3307 42.378432 -71.085770 0.033729741199 0.003611 53.55
1 3308 42.378440 -71.085762 0.033739953832 0.003611 53.55
1 3309 42.378447 -71.085755 0.033750166465 0.003611 53.55
1 3310 42.378454 -71.085748 0.033760379098 0.003611 53.55
1 3311 42.378461 -71.085741 0.033770591856 0.003611 53.55
1 3312 42.378469 -71.085733 0.033780804615 0.003611 53.55
1 3313 42.378476 -71.085726 0.033791017374 0.003611 53.55
1 3314 42.378483 -71.085719 0.033801230133 0.003611 53.55
1 3315 42.378490 -71.085712 0.033811442891 0.003611 53.55
1 3316 42.378497 -71.085705 0.033821655772 0.003611 53.55
1 3317 42.378505 -71.085697 0.033831868652 0.003611 53.55
1 3318 42.378512 -71.085690 0.033842081533 0.003611 53.55
1 3319 42.378519 -71.085683 0.033852294414 0.003611 53.55
1 3320 42.378526 -71.085676 0.033862507294 0.003611 53.55
1 3321 42.378534 -71.085668 0.033872720292 0.003611 53.55
1 3322 42.378541 -71.085661 0.033882933291 0.003611 53.55
1 3323 42.378548 -71.085654 0.033893146289 0.003611 53.55
1 3324 42.378555 -71.085647 0.033903359287 0.003611 53.55
1 3325 42.378562 -71.085640 0.033913572286 0.003611 53.55
1 3326 42.378570 -71.085632 0.033923785398 0.003611 53.55
1 3327 42.378577 -71.085625 0.033933998510 0.003611 53.55
1 3328 42.378584 -71.085618 0.033944211622 0.003611 53.55
1 3329 42.378591 -71.085611 0.033954424734 0.003611 53.55
1 3330 42.378599 -71.085603 0.033964637845 0.003611 53.55
1 3331 42.378606 -71.085596 0.033974851067 0.003611 53.55
1 3332 42.378613 -71.085589 0.033985064288 0.003611 53.55
1 3333 42.378620 -71.085582 0.033995277510 0.003611 53.55
1 3334 42.378627 -71.085575 0.034005490731 0.003611 53.55
1 3335 42.378635 -71.085567 0.034015703953 0.003611 53.55
1 3336 42.378642 -71.085560 0.034025917280 0.003611 53.55
1 3337 42.378649 -71.085553 0.034036130607 0.003611 53.55
1 3338 42.378656 -71.085546 0.034046343934 0.003611 53.55
1 3339 42.378664 -71.085538 0.034056557261 0.003611 53.55
1 3340 42.378671 -71.085531 0.034066770588 0.003611 53.55
1 3341 42.378678 -71.085524 0.034076984016 0.003611 53.55
1 3342 42.378685 -71.085517 0.034087197444 0.003611 53.55
1 3343 42.378692 -71.085510 0.034097410873 0.003611 53.55
1 3344 42.378700 -71.085502 0.034107624301 0.003611 53.55
1 3345 42.378707 -71.085495 0.034117837729 0.003611 53.55
1 3346 42.378714 -71.085488 0.034128051255 0.003611 53.55
1 3347 42.378721 -71.085481 0.034138264780 0.003611 53.55
1 3348 42.378729 -71.085473 0.034148478306 0.003611 53.55
1 3349 42.378736 -71.085466 0.034158691831 0.003611 53.55
1 3350 42.378743 -71.085459 0.034168905357 0.003611 53.55
1 3351 42.378750 -71.085452 0.034179118976 0.003611 53.55
1 3352 42.378757 -71.085445 0.034189332594 0.003611 53.55
1 3353 42.378765 -71.085437 0.034199546213 0.003611 53.55
1 3354 42.378772 -71.085430 0.034209759832 0.003611 53.55
1 3355 42.378779 -71.085423 0.034219973450 0.003611 53.55
1 3356 42.378786 -71.085416 0.034230187158 0.003611 53.55
1 3357 42.378794 -71.085408 0.034240400866 0.003611 53.55
1 3358 42.378801 -71.085401 0.034250614574 0.003611 53.55
1 3359 42.378808 -71.085394 0.034260828281 0.003611 53.55
1 3360 42.378815 -71.085387 0.034271041989 0.003611 53.55
1 3361 42.378822 -71.085380 0.034281255782 0.003611 53.55
1 3362 42.378830 -71.085372 0.034291469575 0.003611 53.55
1 3363 42.378837 -71.085365 0.034301683367 0.003611 53.55
1 3364 42.378844 -71.085358 0.034311897160 0.003611 53.55
1 3365 42.378851 -71.085351 0.034322110953 0.003611 53.55
1 3366 42.378859 -71.085343 0.034332324826 0.003611 53.55
1 3367 42.378866 -71.085336 0.034342538700 0.003611 53.55
1 3368 42.378873 -71.085329 0.034352752574 0.003611 53.55
1 3369 42.378880 -71.085322 0.034362966447 0.003611 53.55
1 3370 42.378887 -71.085315 0.034373180321 0.003611 53.55
1 3371 42.378895 -71.085307 0.034383394271 0.003611 53.55
1 3372 42.378902 -71.085300 0.034393608221 0.003611 53.55
1 3373 42.378909 -71.085293 0.034403822172 0.003611 53.55
1 3374 42.378916 -71.085286 0.034414036122 0.003611 53.55
1 3375 42.378924 -71.085278 0.034424250073 0.003611 53.55
1 3376 42.378931 -71.085271 0.034434464096 0.003611 53.55
1 3377 42.378938 -71.085264 0.034444678119 0.003611 53.55
1 3378 42.378945 -71.085257 0.034454892142 0.003611 53.55
1 3379 42.378952 -71.085250 0.034465106165 0.003611 53.55
1 3380 42.378960 -71.085242 0.034475320188 0.003611 53.55
1 3381 42.378967 -71.085235 0.034485534279 0.003611 53.55
1 3382 42.378974 -71.085228 0.034495748371 0.003611 53.55
1 3383 42.378981 -71.085221 0.034505962463 0.003611 53.55
1 3384 42.378989 -71.085213 0.034516176554 0.003611 53.55
1 3385 42.378996 -71.085206 0.034526390646 0.003611 53.55
2 3276 42.378209 -71.085993 0.033413163112 0.003610 53.55
2 3277 42.378216 -71.085986 0.033423374903 0.003610 53.55
2 3278 42.378223 -71.085979 0.033433586694 0.003610 53.55
2 3279 42.378230 -71.085972 0.033443798485 0.003610 53.55
2 3280 42.378238 -71.085964 0.033454010276 0.003610 53.55
2 3281 42.378245 -71.085957 0.033464222218 0.003610 53.55
2 3282 42.378252 -71.085950 0.033474434160 0.003610 53.55
2 3283 42.378259 -71.085943 0.033484646101 0.003610 53.55
2 3284 42.378266 -71.085936 0.033494858043 0.003610 53.55
2 3285 42.378274 -71.085928 0.033505069984 0.003611 53.55
2 3286 42.378281 -71.085921 0.033515282073 0.003611 53.55
2 3287 42.378288 -71.085914 0.033525494161 0.003611 53.55
2 3288 42.378295 -71.085907 0.033535706249 0.003611 53.55
2 3289 42.378303 -71.085899 0.033545918337 0.003611 53.55
2 3290 42.378310 -71.085892 0.033556130425 0.003611 53.55
2 3291 42.378317 -71.085885 0.033566342655 0.003611 53.55
2 3292 42.378324 -71.085878 0.033576554886 0.003611 53.55
2 3293 42.378331 -71.085871 0.033586767116 0.003611 53.55
2 3294 42.378339 -71.085863 0.033596979346 0.003611 53.55
2 3295 42.378346 -71.085856 0.033607191577 0.003611 53.55
2 3296 42.378353 -71.085849 0.033617403945 0.003611 53.55
2 3297 42.378360 -71.085842 0.033627616314 0.003611 53.55
2 3298 42.378368 -71.085834 0.033637828683 0.003611 53.55
2 3299 42.378375 -71.085827 0.033648041051 0.003611 53.55
2 3300 42.378382 -71.085820 0.033658253420 0.003611 53.55
2 3301 42.378389 -71.085813 0.033668465923 0.003611 53.55
2 3302 42.378396 -71.085806 0.033678678425 0.003611 53.55
2 3303 42.378404 -71.085798 0.033688890928 0.003611 53.55
2 3304 42.378411 -71.085791 0.033699103431 0.003611 53.55
2 3305 42.378418 -71.085784 0.033709315934 0.003611 53.55
2 3306 42.378425 -71.085777 0.033719528567 0.003611 53.55
2 3307 42.378432 -71.085770 0.033729741199 0.003611 53.55
2 3308 42.378440 -71.085762 0.033739953832 0.003611 53.55
2 3309 42.378447 -71.085755 0.033750166465 0.003611 53.55
2 3310 42.378454 -71.085748 0.033760379098 0.003611 53.55
2 3311 42.378461 -71.085741 0.033770591856 0.003611 53.55
2 3312 42.378469 -71.085733 0.033780804615 0.003611 53.55
2 3313 42.378476 -71.085726 0.033791017374 0.003611 53.55
2 3314 42.378483 -71.085719 0.033801230133 0.003611 53.55
2 3315 42.378490 -71.085712 0.033811442891 0.003611 53.55
2 3316 42.378497 -71.085705 0.033821655772 0.003611 53.55
2 3317 42.378505 -71.085697 0.033831868652 0.003611 53.55
2 3318 42.378512 -71.085690 0.033842081533 0.003611 53.55
2 3319 42.378519 -71.085683 0.033852294414 0.003611 53.55
2 3320 42.378526 -71.085676 0.033862507294 0.003611 53.55
2 3321 42.378534 -71.085668 0.033872720292 0.003611 53.55
2 3322 42.378541 -71.085661 0.033882933291 0.003611 53.55
2 3323 42.378548 -71.085654 0.033893146289 0.003611 53.55
2 3324 42.378555 -71.085647 0.033903359287 0.003611 53.55
2 3325 42.378562 -71.085640 0.033913572286 0.003611 53.55
2 3326 42.378570 -71.085632 0.033923785398 0.003611 53.55
2 3327 42.378577 -71.085625 0.033933998510 0.003611 53.55
2 3328 42.378584 -71.085618 0.033944211622 0.003611 53.55
2 3329 42.378591 -71.085611 0.033954424734 0.003611 53.55
2 3330 42.378599 -71.085603 0.033964637845 0.003611 53.55
2 3331 42.378606 -71.085596 0.033974851067 0.003611 53.55
2 3332 42.378613 -71.085589 0.033985064288 0.003611 53.55
2 3333 42.378620 -71.085582 0.033995277510 0.003611 53.55
2 3334 42.378627 -71.085575 0.034005490731 0.003611 53.55
2 3335 42.378635 -71.085567 0.034015703953 0.003611 53.55
2 3336 42.378642 -71.085560 0.034025917280 0.003611 53.55
2 3337 42.378649 -71.085553 0.034036130607 0.003611 53.55
2 3338 42.378656 -71.085546 0.034046343934 0.003611 53.55
2 3339 42.378664 -71.085538 0.034056557261 0.003611 53.55
2 3340 42.378671 -71.085531 0.034066770588 0.003611 53.55
2 3341 42.378678 -71.085524 0.034076984016 0.003611 53.55
2 3342 42.378685 -71.085517 0.034087197444 0.003611 53.55
2 3343 42.378692 -71.085510 0.034097410873 0.003611 53.55
2 3344 42.378700 -71.085502 0.034107624301 0.003611 53.55
2 3345 42.378707 -71.085495 0.034117837729 0.003611 53.55
2 3346 42.378714 -71.085488 0.034128051255 0.003611 53.55
2 3347 42.378721 -71.085481 0.034138264780 0.003611 53.55
2 3348 42.378729 -71.085473 0.034148478306 0.003611 53.55
2 3349 42.378736 -71.085466 0.034158691831 0.003611 53.55
2 3350 42.378743 -71.085459 0.034168905357 0.003611 53.55
2 3351 42.378750 -71.085452 0.034179118976 0.003611 53.55
2 3352 42.378757 -71.085445 0.034189332594 0.003611 53.55
2 3353 42.378765 -71.085437 0.034199546213 0.003611 53.55
2 3354 42.378772 -71.085430 0.034209759832 0.003611 53.55
2 3355 42.378779 -71.085423 0.034219973450 0.003611 53.55
2 3356 42.378786 -71.085416 0.034230187158 0.003611 53.55
2 3357 42.378794 -71.085408 0.034240400866 0.003611 53.55
2 3358 42.378801 -71.085401 0.034250614574 0.003611 53.55
2 3359 42.378808 -71.085394 0.034260828281 0.003611 53.55
2 3360 42.378815 -71.085387 0.034271041989 0.003611 53.55
2 3361 42.378822 -71.085380 0.034281255782 0.003611 53.55
2 3362 42.378830 -71.085372 0.034291469575 0.003611 53.55
2 3363 42.378837 -71.085365 0.034301683367 0.003611 53.55
2 3364 42.378844 -71.085358 0.034311897160 0.003611 53.55
2 3365 42.378851 -71.085351 0.034322110953 0.003611 53.55
2 3366 42.378859 -71.085343 0.034332324826 0.003611 53.55
2 3367 42.378866 -71.085336 0.034342538700 0.003611 53.55
2 3368 42.378873 -71.085329 0.034352752574 0.003611 53.55
2 3369 42.378880 -71.085322 0.034362966447 0.003611 53.55
2 3370 42.378887 -71.085315 0.034373180321 0.003611 53.55
2 3371 42.378895 -71.085307 0.034383394271 0.003611 53.55
2 3372 42.378902 -71.085300 0.034393608221 0.003611 53.55
2 3373 42.378909 -71.085293 0.034403822172 0.003611 53.55
2 3374 42.378916 -71.085286 0.034414036122 0.003611 53.55
2 3375 42.378924 -71.085278 0.034424250073 0.003611 53.55
2 3376 42.378931 -71.085271 0.034434464096 0.003611 53.55
2 3377 42.378938 -71.085264 0.034444678119 0.003611 53.55
2 3378 42.378945 -71.085257 0.034454892142 0.003611 53.55
2 3379 42.378952 -71.085250 0.034465106165 0.003611 53.55
2 3380 42.378960 -71.085242 0.034475320188 0.003611 53.55
2 3381 42.378967 -71.085235 0.034485534279 0.003611 53.55
2 3382 42.378974 -71.085228 0.034495748371 0.003611 53.55
2 3383 42.378981 -71.085221 0.034505962463 0.003611 53.55
2 3384 42.378989 -71.085213 0.034516176554 0.003611 53.55
2 3385 42.378996 -71.085206 0.034526390646 0.003611 53.55
3 3276 42.378209 -71.085993 0.033413163112 0.003610 53.55
3 3277 42.378216 -71.085986 0.033423374903 0.003610 53.55
3 3278 42.378223 -71.085979 0.033433586694 0.003610 53.55
3 3279 42.378230 -71.085972 0.033443798485 0.003610 53.55
3 3280 42.378238 -71.085964 0.033454010276 0.003610 53.55
3 3281 42.378245 -71.085957 0.033464222218 0.003610 53.55
3 3282 42.378252 -71.085950 0.033474434160 0.003610 53.55
3 3283 42.378259 -71.085943 0.033484646101 0.003610 53.55
3 3284 42.378266 -71.085936 0.033494858043 0.003610 53.55
3 3285 42.378274 -71.085928 0.033505069984 0.003611 53.55
3 3286 42.378281 -71.085921 0.033515282073 0.003611 53.55
3 3287 42.378288 -71.085914 0.033525494161 0.003611 53.55
3 3288 42.378295 -71.085907 0.033535706249 0.003611 53.55
3 3289 42.378303 -71.085899 0.033545918337 0.003611 53.55
3 3290 42.378310 -71.085892 0.033556130425 0.003611 53.55
3 3291 42.378317 -71.085885 0.033566342655 0.003611 53.55
3 3292 42.378324 -71.085878 0.033576554886 0.003611 53.55
3 3293 42.378331 -71.085871 0.033586767116 0.003611 53.55
3 3294 42.378339 -71.085863 0.033596979346 0.003611 53.55
3 3295 42.378346 -71.085856 0.033607191577 0.003611 53.55
3 3296 42.378353 -71.085849 0.033617403945 0.003611 53.55
3 3297 42.378360 -71.085842 0.033627616314 0.003611 53.55
3 3298 42.378368 -71.085834 0.033637828683 0.003611 53.55
3 3299 42.378375 -71.085827 0.033648041051 0.003611 53.55
3 3300 42.378382 -71.085820 0.033658253420 0.003611 53.55
3 3301 42.378389 -71.085813 0.033668465923 0.003611 53.55
3 3302 42.378396 -71.085806 0.033678678425 0.003611 53.55
3 3303 42.378404 -71.085798 0.033688890928 0.003611 53.55
3 3304 42.378411 -71.085791 0.033699103431 0.003611 53.55
3 3305 42.378418 -71.085784 0.033709315934 0.003611 53.55
3 3306 42.378425 -71.085777 0.033719528567 0.003611 53.55
3 3307 42.378432 -71.085770 0.033729741199 0.003611 53.55
3 3308 42.378440 -71.085762 0.033739953832 0.003611 53.55
3 3309 42.378447 -71.085755 0.033750166465 0.003611 53.55
3 3310 42.378454 -71.085748 0.033760379098 0.003611 53.55
3 3311 42.378461 -71.085741 0.033770591856 0.003611 53.55
3 3312 42.378469 -71.085733 0.033780804615 0.003611 53.55
3 3313 42.378476 -71.085726 0.033791017374 0.003611 53.55
3 3314 42.378483 -71.085719 0.033801230133 0.003611 53.55
3 3315 42.378490 -71.085712 0.033811442891 0.003611 53.55
3 3316 42.378497 -71.085705 0.033821655772 0.003611 53.55
3 3317 42.378505 -71.085697 0.033831868652 0.003611 53.55
3 3318 42.378512 -71.085690 0.033842081533 0.003611 53.55
3 3319 42.378519 -71.085683 0.033852294414 0.003611 53.55
3 3320 42.378526 -71.085676 0.033862507294 0.003611 53.55
3 3321 42.378534 -71.085668 0.033872720292 0.003611 53.55
3 3322 42.378541 -71.085661 0.033882933291 0.003611 53.55
3 3323 42.378548 -71.085654 0.033893146289 0.003611 53.55
3 3324 42.378555 -71.085647 0.033903359287 0.003611 53.55
3 3325 42.378562 -71.085640 0.033913572286 0.003611 53.55
3 3326 42.378570 -71.085632 0.033923785398 0.003611 53.55
3 3327 42.378577 -71.085625 0.033933998510 0.003611 53.55
3 3328 42.378584 -71.085618 0.033944211622 0.003611 53.55
3 3329 42.378591 -71.085611 0.033954424734 0.003611 53.55
3 3330 42.378599 -71.085603 0.033964637845 0.003611 53.55
3 3331 42.378606 -71.085596 0.033974851067 0.003611 53.55
3 3332 42.378613 -71.085589 0.033985064288 0.003611 53.55
3 3333 42.378620 -71.085582 0.033995277510 0.003611 53.55
3 3334 42.378627 -71.085575 0.034005490731 0.003611 53.55
3 3335 42.378635 -71.085567 0.034015703953 0.003611 53.55
3 3336 42.378642 -71.085560 0.034025917280 0.003611 53.55
3 3337 42.378649 -71.085553 0.034036130607 0.003611 53.55
3 3338 42.378656 -71.085546 0.034046343934 0.003611 53.55
3 3339 42.378664 -71.085538 0.034056557261 0.003611 53.55
3 3340 42.378671 -71.085531 0.034066770588 0.003611 53.55
3 3341 42.378678 -71.085524 0.034076984016 0.003611 53.55
3 3342 42.378685 -71.085517 0.034087197444 0.003611 53.55
3 3343 42.378692 -71.085510 0.034097410873 0.003611 53.55
3 3344 42.378700 -71.085502 0.034107624301 0.003611 53.55
3 3345 42.378707 -71.085495 0.034117837729 0.003611 53.55
3 3346 42.378714 -71.085488 0.034128051255 0.003611 53.55
3 3347 42.378721 -71.085481 0.034138264780 0.003611 53.55
3 3348 42.378729 -71.085473 0.034148478306 0.003611 53.55
3 3349 42.378736 -71.085466 0.034158691831 0.003611 53.55
3 3350 42.378743 -71.085459 0.034168905357 0.003611 53.55
3 3351 42.378750 -71.085452 0.034179118976 0.003611 53.55
3 3352 42.378757 -71.085445 0.034189332594 0.003611 53.55
3 3353 42.378765 -71.085437 0.034199546213 0.003611 53.55
3 3354 42.378772 -71.085430 0.034209759832 0.003611 53.55
3 3355 42.378779 -71.085423 0.034219973450 0.003611 53.55
3 3356 42.378786 -71.085416 0.034230187158 0.003611 53.55
3 3357 42.378794 -71.085408 0.034240400866 0.003611 53.55
3 3358 42.378801 -71.085401 0.034250614574 0.003611 53.55
3 3359 42.378808 -71.085394 0.034260828281 0.003611 53.55
3 3360 42.378815 -71.085387 0.034271041989 0.003611 53.55
3 3361 42.378822 -71.085380 0.034281255782 0.003611 53.55
3 3362 42.378830 -71.085372 0.034291469575 0.003611 53.55
3 3363 42.378837 -71.085365 0.034301683367 0.003611 53.55
3 3364 42.378844 -71.085358 0.034311897160 0.003611 53.55
3 3365 42.378851 -71.085351 0.034322110953 0.003611 53.55
3 3366 42.378859 -71.085343 0.034332324826 0.003611 53.55
3 3367 42.378866 -71.085336 0.034342538700 0.003611 53.55
3 3368 42.378873 -71.085329 0.034352752574 0.003611 53.55
3 3369 42.378880 -71.085322 0.034362966447 0.003611 53.55
3 3370 42.378887 -71.085315 0.034373180321 0.003611 53.55
3 3371 42.378895 -71.085307 0.034383394271 0.003611 53.55
3 3372 42.378902 -71.085300 0.034393608221 0.003611 53.55
3 3373 42.378909 -71.085293 0.034403822172 0.003611 53.55
3 3374 42.378916 -71.085286 0.034414036122 0.003611 53.55
3 3375 42.378924 -71.085278 0.034424250073 0.003611 53.55
3 3376 42.378931 -71.085271 0.034434464096 0.003611 53.55
3 3377 42.378938 -71.085264 0.034444678119 0.003611 53.55
3 3378 42.378945 -71.085257 0.034454892142 0.003611 53.55
3 3379 42.378952 -71.085250 0.034465106165 0.003611 53.55
3 3380 42.378960 -71.085242 0.034475320188 0.003611 53.55
3 3381 42.378967 -71.085235 0.034485534279 0.003611 53.55
3 3382 42.378974 -71.085228 0.034495748371 0.003611 53.55
3 3383 42.378981 -71.085221 0.034505962463 0.003611 53.55
3 3384 42.378989 -71.085213 0.034516176554 0.003611 53.55
3 3385 42.378996 -71.085206 0.034526390646 0.003611 53.55
4 3276 42.378209 -71.085993 0.033413163112 0.003610 53.55
4 3277 42.378216 -71.085986 0.033423374903 0.003610 53.55
4 3278 42.378223 -71.085979 0.033433586694 0.003610 53.55
4 3279 42.378230 -71.085972 0.033443798485 0.003610 53.55
4 3280 42.378238 -71.085964 0.033454010276 0.003610 53.55
4 3281 42.378245 -71.085957 0.033464222218 0.003610 53.55
4 3282 42.378252 -71.085950 0.033474434160 0.003610 53.55
4 3283 42.378259 -71.085943 0.033484646101 0.003610 53.55
4 3284 42.378266 -71.085936 0.033494858043 0.003610 53.55
4 3285 42.378274 -71.085928 0.033505069984 0.003611 53.55
4 3286 42.378281 -71.085921 0.033515282073 0.003611 53.55
4 3287 42.378288 -71.085914 0.033525494161 0.003611 53.55
4 3288 42.378295 -71.085907 0.033535706249 0.003611 53.55
4 3289 42.378303 -71.085899 0.033545918337 0.003611 53.55
4 3290 42.378310 -71.085892 0.033556130425 0.003611 53.55
4 3291 42.378317 -71.085885 0.033566342655 0.003611 53.55
4 3292 42.378324 -71.085878 0.033576554886 0.003611 53.55
4 3293 42.378331 -71.085871 0.033586767116 0.003611 53.55
4 3294 42.378339 -71.085863 0.033596979346 0.003611 53.55
4 3295 42.378346 -71.085856 0.033607191577 0.003611 53.55
4 3296 42.378353 -71.085849 0.033617403945 0.003611 53.55
4 3297 42.378360 -71.085842 0.033627616314 0.003611 53.55
4 3298 42.378368 -71.085834 0.033637828683 0.003611 53.55
4 3299 42.378375 -71.085827 0.033648041051 0.003611 53.55
4 3300 42.378382 -71.085820 0.033658253420 0.003611 53.55
4 3301 42.378389 -71.085813 0.033668465923 0.003611 53.55
4 3302 42.378396 -71.085806 0.033678678425 0.003611 53.55
4 3303 42.378404 -71.085798 0.033688890928 0.003611 53.55
4 3304 42.378411 -71.085791 0.033699103431 0.003611 53.55
4 3305 42.378418 -71.085784 0.033709315934 0.003611 53.55
4 3306 42.378425 -71.085777 0.033719528567 0.003611 53.55
4 3307 42.378432 -71.085770 0.033729741199 0.003611 53.55
4 3308 42.378440 -71.085762 0.033739953832 0.003611 53.55
4 3309 42.378447 -71.085755 0.033750166465 0.003611 53.55
4 3310 42.378454 -71.085748 0.033760379098 0.003611 53.55
4 3311 42.378461 -71.085741 0.033770591856 0.003611 53.55
4 3312 42.378469 -71.085733 0.033780804615 0.003611 53.55
4 3313 42.378476 -71.085726 0.033791017374 0.003611 53.55
4 3314 42.378483 -71.085719 0.033801230133 0.003611 53.55
4 3315 42.378490 -71.085712 0.033811442891 0.003611 53.55
4 3316 42.378497 -71.085705 0.033821655772 0.003611 53.55
4 3317 42.378505 -71.085697 0.033831868652 0.003611 53.55
4 3318 42.378512 -71.085690 0.033842081533 0.003611 53.55
4 3319 42.378519 -71.085683 0.033852294414 0.003611 53.55
4 3320 42.378526 -71.085676 0.033862507294 0.003611 53.55
4 3321 42.378534 -71.085668 0.033872720292 0.003611 53.55
4 3322 42.378541 -71.085661 0.033882933291 0.003611 53.55
4 3323 42.378548 -71.085654 0.033893146289 0.003611 53.55
4 3324 42.378555 -71.085647 0.033903359287 0.003611 53.55
4 3325 42.378562 -71.085640 0.033913572286 0.003611 53.55
4 3326 42.378570 -71.085632 0.033923785398 0.003611 53.55
4 3327 42.378577 -71.085625 0.033933998510 0.003611 53.55
4 3328 42.378584 -71.085618 0.033944211622 0.003611 53.55
4 3329 42.378591 -71.085611 0.033954424734 0.003611 53.55
4 3330 42.378599 -71.085603 0.033964637845 0.003611 53.55
4 3331 42.378606 -71.085596 0.033974851067 0.003611 53.55
4 3332 42.378613 -71.085589 0.033985064288 0.003611 53.55
4 3333 42.378620 -71.085582 0.033995277510 0.003611 53.55
4 3334 42.378627 -71.085575 0.034005490731 0.003611 53.55
4 3335 42.378635 -71.085567 0.034015703953 0.003611 53.55
4 3336 42.378642 -71.085560 0.034025917280 0.003611 53.55
4 3337 42.378649 -71.085553 0.034036130607 0.003611 53.55
4 3338 42.378656 -71.085546 0.034046343934 0.003611 53.55
4 3339 42.378664 -71.085538 0.034056557261 0.003611 53.55
4 3340 42.378671 -71.085531 0.034066770588 0.003611 53.55
4 3341 42.378678 -71.085524 0.034076984016 0.003611 53.55
4 3342 42.378685 -71.085517 0.034087197444 0.003611 53.55
4 3343 42.378692 -71.085510 0.034097410873 0.003611 53.55
4 3344 42.378700 -71.085502 0.034107624301 0.003611 53.55
4 3345 42.378707 -71.085495 0.034117837729 0.003611 53.55
4 3346 42.378714 -71.085488 0.034128051255 0.003611 53.55
4 3347 42.378721 -71.085481 0.034138264780 0.003611 53.55
4 3348 42.378729 -71.085473 0.034148478306 0.003611 53.55
4 3349 42.378736 -71.085466 0.034158691831 0.003611 53.55
4 3350 42.378743 -71.085459 0.034168905357 0.003611 53.55
4 3351 42.378750 -71.085452 0.034179118976 0.003611 53.55
4 3352 42.378757 -71.085445 0.034189332594 0.003611 53.55
4 3353 42.378765 -71.085437 0.034199546213 0.003611 53.55
4 3354 42.378772 -71.085430 0.034209759832 0.003611 53.55
4 3355 42.378779 -71.085423 0.034219973450 0.003611 53.55
4 3356 42.378786 -71.085416 0.034230187158 0.003611 53.55
4 3357 42.378794 -71.085408 0.034240400866 0.003611 53.55
4 3358 42.378801 -71.085401 0.034250614574 0.003611 53.55
4 3359 42.378808 -71.085394 0.034260828281 0.003611 53.55
4 3360 42.378815 -71.085387 0.034271041989 0.003611 53.55
4 3361 42.378822 -71.085380 0.034281255782 0.003611 53.55
4 3362 42.378830 -71.085372 0.034291469575 0.003611 53.55
4 3363 42.378837 -71.085365 0.034301683367 0.003611 53.55
4 3364 42.378844 -71.085358 0.034311897160 0.003611 53.55
4 3365 42.378851 -71.085351 0.034322110953 0.003611 53.55
4 3366 42.378859 -71.085343 0.034332324826 0.003611 53.55
4 3367 42.378866 -71.085336 0.034342538700 0.003611 53.55
4 3368 42.378873 -71.085329 0.034352752574 0.003611 53.55
4 3369 42.378880 -71.085322 0.034362966447 0.003611 53.55
4 3370 42.378887 -71.085315 0.034373180321 0.003611 53.55
4 3371 42.378895 -71.085307 0.034383394271 0.003611 53.55
4 3372 42.378902 -71.085300 0.034393608221 0.003611 53.55
4 3373 42.378909 -71.085293 0.034403822172 0.003611 53.55
4 3374 42.378916 -71.085286 0.034414036122 0.003611 53.55
4 3375 42.378924 -71.085278 0.034424250073 0.003611 53.55
4 3376 42.378931 -71.085271 0.034434464096 0.003611 53.55
4 3377 42.378938 -71.085264 0.034444678119 0.003611 53.55
4 3378 42.378945 -71.085257 0.034454892142 0.003611 53.55
4 3379 42.378952 -71.085250 0.034465106165 0.003611 53.55
4 3380 42.378960 -71.085242 0.034475320188 0.003611 53.55
4 3381 42.378967 -71.085235 0.034485534279 0.003611 53.55
4 3382 42.378974 -71.085228 0.034495748371 0.003611 53.55
4 3383 42.378981 -71.085221 0.034505962463 0.003611 53.55
4 3384 42.378989 -71.085213 0.034516176554 0.003611 53.55
4 3385 42.378996 -71.085206 0.034526390646 0.003611 53.55
