1 2305 42.371208 -71.092994 0.023512982571 0.003609 53.54
1 2306 42.371215 -71.092987 0.023523191718 0.003609 53.54
1 2307 42.371223 -71.092979 0.023533400864 0.003609 53.54
1 2308 42.371230 -71.092972 0.023543610011 0.003609 53.54
1 2309 42.371237 -71.092965 0.023553819158 0.003609 53.54
1 2310 42.371244 -71.092958 0.023564028304 0.003609 53.54
1 2311 42.371251 -71.092951 0.023574237261 0.003609 53.54
1 2312 42.371259 -71.092943 0.023584446217 0.003609 53.54
1 2313 42.371266 -71.092936 0.023594655173 0.003609 53.54
1 2314 42.371273 -71.092929 0.023604864129 0.003609 53.54
1 2315 42.371280 -71.092922 0.023615073085 0.003609 53.54
1 2316 42.371288 -71.092914 0.023625281847 0.003609 53.54
1 2317 42.371295 -71.092907 0.023635490608 0.003609 53.54
1 2318 42.371302 -71.092900 0.023645699369 0.003609 53.54
1 2319 42.371309 -71.092893 0.023655908131 0.003609 53.54
1 2320 42.371316 -71.092886 0.023666116892 0.003609 53.54
1 2321 42.371324 -71.092878 0.023676325455 0.003609 53.54
1 2322 42.371331 -71.092871 0.023686534018 0.003609 53.54
1 2323 42.371338 -71.092864 0.023696742580 0.003609 53.54
1 2324 42.371345 -71.092857 0.023706951143 0.003609 53.54
1 2325 42.371353 -71.092849 0.023717159705 0.003609 53.54
1 2326 42.371360 -71.092842 0.023727368065 0.003609 53.54
1 2327 42.371367 -71.092835 0.023737576425 0.003609 53.54
1 2328 42.371374 -71.092828 0.023747784785 0.003609 53.54
1 2329 42.371381 -71.092821 0.023757993144 0.003609 53.54
1 2330 42.371389 -71.092813 0.023768201504 0.003609 53.54
1 2331 42.371396 -71.092806 0.023778409657 0.003609 53.54
1 2332 42.371403 -71.092799 0.023788617810 0.003609 53.54
1 2333 42.371410 -71.092792 0.023798825962 0.003609 53.54
1 2334 42.371417 -71.092785 0.023809034115 0.003609 53.54
1 2335 42.371425 -71.092777 0.023819242268 0.003609 53.54
1 2336 42.371432 -71.092770 0.023829450210 0.003609 53.54
1 2337 42.371439 -71.092763 0.023839658151 0.003609 53.54
1 2338 42.371446 -71.092756 0.023849866093 0.003609 53.54
1 2339 42.371454 -71.092748 0.023860074035 0.003609 53.54
1 2340 42.371461 -71.092741 0.023870281976 0.003609 53.54
1 2341 42.371468 -71.092734 0.023880489703 0.003609 53.54
1 2342 42.371475 -71.092727 0.023890697429 0.003609 53.54
1 2343 42.371482 -71.092720 0.023900905156 0.003609 53.54
1 2344 42.371490 -71.092712 0.023911112882 0.003609 53.54
1 2345 42.371497 -71.092705 0.023921320609 0.003609 53.54
1 2346 42.371504 -71.092698 0.023931528116 0.003609 53.54
1 2347 42.371511 -71.092691 0.023941735623 0.003609 53.54
1 2348 42.371519 -71.092683 0.023951943130 0.003609 53.54
1 2349 42.371526 -71.092676 0.023962150637 0.003609 53.54
1 2350 42.371533 -71.092669 0.023972358145 0.003609 53.54
1 2351 42.371540 -71.092662 0.023982565428 0.003609 53.54
1 2352 42.371547 -71.092655 0.023992772712 0.003609 53.54
1 2353 42.371555 -71.092647 0.024002979996 0.003609 53.54
1 2354 42.371562 -71.092640 0.024013187280 0.003609 53.54
1 2355 42.371569 -71.092633 0.024023394564 0.003609 53.54
1 2356 42.371576 -71.092626 0.024033601620 0.003609 53.54
1 2357 42.371584 -71.092618 0.024043808676 0.003609 53.54
1 2358 42.371591 -71.092611 0.024054015732 0.003609 53.54
1 2359 42.371598 -71.092604 0.024064222789 0.003609 53.54
1 2360 42.371605 -71.092597 0.024074429845 0.003609 53.54
1 2361 42.371612 -71.092590 0.024084636670 0.003609 53.54
1 2362 42.371620 -71.092582 0.024094843495 0.003609 53.54
1 2363 42.371627 -71.092575 0.024105050319 0.003609 53.54
1 2364 42.371634 -71.092568 0.024115257144 0.003609 53.54
1 2365 42.371641 -71.092561 0.024125463969 0.003609 53.54
1 2366 42.371648 -71.092554 0.024135670558 0.003609 53.54
1 2367 42.371656 -71.092546 0.024145877147 0.003609 53.54
1 2368 42.371663 -71.092539 0.024156083736 0.003609 53.54
1 2369 42.371670 -71.092532 0.024166290325 0.003609 53.54
1 2370 42.371677 -71.092525 0.024176496914 0.003608 53.54
1 2371 42.371685 -71.092517 0.024186703263 0.003608 53.54
1 2372 42.371692 -71.092510 0.024196909612 0.003608 53.54
1 2373 42.371699 -71.092503 0.024207115962 0.003608 53.54
1 2374 42.371706 -71.092496 0.024217322311 0.003608 53.54
1 2375 42.371713 -71.092489 0.024227528660 0.003608 53.54
1 2376 42.371721 -71.092481 0.024237734766 0.003608 53.54
1 2377 42.371728 -71.092474 0.024247940871 0.003608 53.54
1 2378 42.371735 -71.092467 0.024258146976 0.003608 53.54
1 2379 42.371742 -71.092460 0.024268353082 0.003608 53.54
1 2380 42.371750 -71.092452 0.024278559187 0.003608 53.54
1 2381 42.371757 -71.092445 0.024288765044 0.003608 53.54
1 2382 42.371764 -71.092438 0.024298970902 0.003608 53.54
1 2383 42.371771 -71.092431 0.024309176759 0.003608 53.54
1 2384 42.371778 -71.092424 0.024319382617 0.003608 53.54
1 2385 42.371786 -71.092416 0.024329588474 0.003608 53.54
1 2386 42.371793 -71.092409 0.024339794079 0.003608 53.54
1 2387 42.371800 -71.092402 0.024349999685 0.003608 53.54
1 2388 42.371807 -71.092395 0.024360205290 0.003608 53.54
1 2389 42.371814 -71.092388 0.024370410895 0.003608 53.54
1 2390 42.371822 -71.092380 0.024380616501 0.003608 53.54
1 2391 42.371829 -71.092373 0.024390821850 0.003608 53.54
1 2392 42.371836 -71.092366 0.024401027199 0.003608 53.54
1 2393 42.371843 -71.092359 0.024411232548 0.003608 53.54
1 2394 42.371851 -71.092351 0.024421437897 0.003608 53.54
1 2395 42.371858 -71.092344 0.024431643246 0.003608 53.54
1 2396 42.371865 -71.092337 0.024441848335 0.003608 53.54
1 2397 42.371872 -71.092330 0.024452053424 0.003608 53.54
1 2398 42.371879 -71.092323 0.024462258513 0.003608 53.54
1 2399 42.371887 -71.092315 0.024472463602 0.003608 53.54
1 2400 42.371894 -71.092308 0.024482668690 0.003608 53.54
1 2401 42.371901 -71.092301 0.024492873515 0.003608 53.54
1 2402 42.371908 -71.092294 0.024503078339 0.003608 53.54
1 2403 42.371915 -71.092287 0.024513283164 0.003608 53.54
1 2404 42.371923 -71.092279 0.024523487988 0.003608 53.54
1 2405 42.371930 -71.092272 0.024533692813 0.003608 53.54
1 2406 42.371937 -71.092265 0.024543897369 0.003608 53.54
1 2407 42.371944 -71.092258 0.024554101925 0.003608 53.54
1 2408 42.371952 -71.092250 0.024564306481 0.003608 53.54
1 2409 42.371959 -71.092243 0.024574511037 0.003608 53.54
1 2410 42.371966 -71.092236 0.024584715593 0.003608 53.54
1 2411 42.371973 -71.092229 0.024594919876 0.003608 53.54
1 2412 42.371980 -71.092222 0.024605124159 0.003608 53.54
1 2413 42.371988 -71.092214 0.024615328443 0.003608 53.54
1 2414 42.371995 -71.092207 0.024625532726 0.003608 53.54
2 2305 42.371208 -71.092994 0.023512982571 0.003609 53.54
2 2306 42.371215 -71.092987 0.023523191718 0.003609 53.54
2 2307 42.371223 -71.092979 0.023533400864 0.003609 53.54
2 2308 42.371230 -71.092972 0.023543610011 0.003609 53.54
2 2309 42.371237 -71.092965 0.023553819158 0.003609 53.54
2 2310 42.371244 -71.092958 0.023564028304 0.003609 53.54
2 2311 42.371251 -71.092951 0.023574237261 0.003609 53.54
2 2312 42.371259 -71.092943 0.023584446217 0.003609 53.54
2 2313 42.371266 -71.092936 0.023594655173 0.003609 53.54
2 2314 42.371273 -71.092929 0.023604864129 0.003609 53.54
2 2315 42.371280 -71.092922 0.023615073085 0.003609 53.54
2 2316 42.371288 -71.092914 0.023625281847 0.003609 53.54
2 2317 42.371295 -71.092907 0.023635490608 0.003609 53.54
2 2318 42.371302 -71.092900 0.023645699369 0.003609 53.54
2 2319 42.371309 -71.092893 0.023655908131 0.003609 53.54
2 2320 42.371316 -71.092886 0.023666116892 0.003609 53.54
2 2321 42.371324 -71.092878 0.023676325455 0.003609 53.54
2 2322 42.371331 -71.092871 0.023686534018 0.003609 53.54
2 2323 42.371338 -71.092864 0.023696742580 0.003609 53.54
2 2324 42.371345 -71.092857 0.023706951143 0.003609 53.54
2 2325 42.371353 -71.092849 0.023717159705 0.003609 53.54
2 2326 42.371360 -71.092842 0.023727368065 0.003609 53.54
2 2327 42.371367 -71.092835 0.023737576425 0.003609 53.54
2 2328 42.371374 -71.092828 0.023747784785 0.003609 53.54
2 2329 42.371381 -71.092821 0.023757993144 0.003609 53.54
2 2330 42.371389 -71.092813 0.023768201504 0.003609 53.54
2 2331 42.371396 -71.092806 0.023778409657 0.003609 53.54
2 2332 42.371403 -71.092799 0.023788617810 0.003609 53.54
2 2333 42.371410 -71.092792 0.023798825962 0.003609 53.54
2 2334 42.371417 -71.092785 0.023809034115 0.003609 53.54
2 2335 42.371425 -71.092777 0.023819242268 0.003609 53.54
2 2336 42.371432 -71.092770 0.023829450210 0.003609 53.54
2 2337 42.371439 -71.092763 0.023839658151 0.003609 53.54
2 2338 42.371446 -71.092756 0.023849866093 0.003609 53.54
2 2339 42.371454 -71.092748 0.023860074035 0.003609 53.54
2 2340 42.371461 -71.092741 0.023870281976 0.003609 53.54
2 2341 42.371468 -71.092734 0.023880489703 0.003609 53.54
2 2342 42.371475 -71.092727 0.023890697429 0.003609 53.54
2 2343 42.371482 -71.092720 0.023900905156 0.003609 53.54
2 2344 42.371490 -71.092712 0.023911112882 0.003609 53.54
2 2345 42.371497 -71.092705 0.023921320609 0.003609 53.54
2 2346 42.371504 -71.092698 0.023931528116 0.003609 53.54
2 2347 42.371511 -71.092691 0.023941735623 0.003609 53.54
2 2348 42.371519 -71.092683 0.023951943130 0.003609 53.54
2 2349 42.371526 -71.092676 0.023962150637 0.003609 53.54
2 2350 42.371533 -71.092669 0.023972358145 0.003609 53.54
2 2351 42.371540 -71.092662 0.023982565428 0.003609 53.54
2 2352 42.371547 -71.092655 0.023992772712 0.003609 53.54
2 2353 42.371555 -71.092647 0.024002979996 0.003609 53.54
2 2354 42.371562 -71.092640 0.024013187280 0.003609 53.54
2 2355 42.371569 -71.092633 0.024023394564 0.003609 53.54
2 2356 42.371576 -71.092626 0.024033601620 0.003609 53.54
2 2357 42.371584 -71.092618 0.024043808676 0.003609 53.54
2 2358 42.371591 -71.092611 0.024054015732 0.003609 53.54
2 2359 42.371598 -71.092604 0.024064222789 0.003609 53.54
2 2360 42.371605 -71.092597 0.024074429845 0.003609 53.54
2 2361 42.371612 -71.092590 0.024084636670 0.003609 53.54
2 2362 42.371620 -71.092582 0.024094843495 0.003609 53.54
2 2363 42.371627 -71.092575 0.024105050319 0.003609 53.54
2 2364 42.371634 -71.092568 0.024115257144 0.003609 53.54
2 2365 42.371641 -71.092561 0.024125463969 0.003609 53.54
2 2366 42.371648 -71.092554 0.024135670558 0.003609 53.54
2 2367 42.371656 -71.092546 0.024145877147 0.003609 53.54
2 2368 42.371663 -71.092539 0.024156083736 0.003609 53.54
2 2369 42.371670 -71.092532 0.024166290325 0.003609 53.54
2 2370 42.371677 -71.092525 0.024176496914 0.003608 53.54
2 2371 42.371685 -71.092517 0.024186703263 0.003608 53.54
2 2372 42.371692 -71.092510 0.024196909612 0.003608 53.54
2 2373 42.371699 -71.092503 0.024207115962 0.003608 53.54
2 2374 42.371706 -71.092496 0.024217322311 0.003608 53.54
2 2375 42.371713 -71.092489 0.024227528660 0.003608 53.54
2 2376 42.371721 -71.092481 0.024237734766 0.003608 53.54
2 2377 42.371728 -71.092474 0.024247940871 0.003608 53.54
2 2378 42.371735 -71.092467 0.024258146976 0.003608 53.54
2 2379 42.371742 -71.092460 0.024268353082 0.003608 53.54
2 2380 42.371750 -71.092452 0.024278559187 0.003608 53.54
2 2381 42.371757 -71.092445 0.024288765044 0.003608 53.54
2 2382 42.371764 -71.092438 0.024298970902 0.003608 53.54
2 2383 42.371771 -71.092431 0.024309176759 0.003608 53.54
2 2384 42.371778 -71.092424 0.024319382617 0.003608 53.54
2 2385 42.371786 -71.092416 0.024329588474 0.003608 53.54
2 2386 42.371793 -71.092409 0.024339794079 0.003608 53.54
2 2387 42.371800 -71.092402 0.024349999685 0.003608 53.54
2 2388 42.371807 -71.092395 0.024360205290 0.003608 53.54
2 2389 42.371814 -71.092388 0.024370410895 0.003608 53.54
2 2390 42.371822 -71.092380 0.024380616501 0.003608 53.54
2 2391 42.371829 -71.092373 0.024390821850 0.003608 53.54
2 2392 42.371836 -71.092366 0.024401027199 0.003608 53.54
2 2393 42.371843 -71.092359 0.024411232548 0.003608 53.54
2 2394 42.371851 -71.092351 0.024421437897 0.003608 53.54
2 2395 42.371858 -71.092344 0.024431643246 0.003608 53.54
2 2396 42.371865 -71.092337 0.024441848335 0.003608 53.54
2 2397 42.371872 -71.092330 0.024452053424 0.003608 53.54
2 2398 42.371879 -71.092323 0.024462258513 0.003608 53.54
2 2399 42.371887 -71.092315 0.024472463602 0.003608 53.54
2 2400 42.371894 -71.092308 0.024482668690 0.003608 53.54
2 2401 42.371901 -71.092301 0.024492873515 0.003608 53.54
2 2402 42.371908 -71.092294 0.024503078339 0.003608 53.54
2 2403 42.371915 -71.092287 0.024513283164 0.003608 53.54
2 2404 42.371923 -71.092279 0.024523487988 0.003608 53.54
2 2405 42.371930 -71.092272 0.024533692813 0.003608 53.54
2 2406 42.371937 -71.092265 0.024543897369 0.003608 53.54
2 2407 42.371944 -71.092258 0.024554101925 0.003608 53.54
2 2408 42.371952 -71.092250 0.024564306481 0.003608 53.54
2 2409 42.371959 -71.092243 0.024574511037 0.003608 53.54
2 2410 42.371966 -71.092236 0.024584715593 0.003608 53.54
2 2411 42.371973 -71.092229 0.024594919876 0.003608 53.54
2 2412 42.371980 -71.092222 0.024605124159 0.003608 53.54
2 2413 42.371988 -71.092214 0.024615328443 0.003608 53.54
2 2414 42.371995 -71.092207 0.024625532726 0.003608 53.54
3 2305 42.371208 -71.092994 0.023512982571 0.003609 53.54
3 2306 42.371215 -71.092987 0.023523191718 0.003609 53.54
3 2307 42.371223 -71.092979 0.023533400864 0.003609 53.54
3 2308 42.371230 -71.092972 0.023543610011 0.003609 53.54
3 2309 42.371237 -71.092965 0.023553819158 0.003609 53.54
3 2310 42.371244 -71.092958 0.023564028304 0.003609 53.54
3 2311 42.371251 -71.092951 0.023574237261 0.003609 53.54
3 2312 42.371259 -71.092943 0.023584446217 0.003609 53.54
3 2313 42.371266 -71.092936 0.023594655173 0.003609 53.54
3 2314 42.371273 -71.092929 0.023604864129 0.003609 53.54
3 2315 42.371280 -71.092922 0.023615073085 0.003609 53.54
3 2316 42.371288 -71.092914 0.023625281847 0.003609 53.54
3 2317 42.371295 -71.092907 0.023635490608 0.003609 53.54
3 2318 42.371302 -71.092900 0.023645699369 0.003609 53.54
3 2319 42.371309 -71.092893 0.023655908131 0.003609 53.54
3 2320 42.371316 -71.092886 0.023666116892 0.003609 53.54
3 2321 42.371324 -71.092878 0.023676325455 0.003609 53.54
3 2322 42.371331 -71.092871 0.023686534018 0.003609 53.54
3 2323 42.371338 -71.092864 0.023696742580 0.003609 53.54
3 2324 42.371345 -71.092857 0.023706951143 0.003609 53.54
3 2325 42.371353 -71.092849 0.023717159705 0.003609 53.54
3 2326 42.371360 -71.092842 0.023727368065 0.003609 53.54
3 2327 42.371367 -71.092835 0.023737576425 0.003609 53.54
3 2328 42.371374 -71.092828 0.023747784785 0.003609 53.54
3 2329 42.371381 -71.092821 0.023757993144 0.003609 53.54
3 2330 42.371389 -71.092813 0.023768201504 0.003609 53.54
3 2331 42.371396 -71.092806 0.023778409657 0.003609 53.54
3 2332 42.371403 -71.092799 0.023788617810 0.003609 53.54
3 2333 42.371410 -71.092792 0.023798825962 0.003609 53.54
3 2334 42.371417 -71.092785 0.023809034115 0.003609 53.54
3 2335 42.371425 -71.092777 0.023819242268 0.003609 53.54
3 2336 42.371432 -71.092770 0.023829450210 0.003609 53.54
3 2337 42.371439 -71.092763 0.023839658151 0.003609 53.54
3 2338 42.371446 -71.092756 0.023849866093 0.003609 53.54
3 2339 42.371454 -71.092748 0.023860074035 0.003609 53.54
3 2340 42.371461 -71.092741 0.023870281976 0.003609 53.54
3 2341 42.371468 -71.092734 0.023880489703 0.003609 53.54
3 2342 42.371475 -71.092727 0.023890697429 0.003609 53.54
3 2343 42.371482 -71.092720 0.023900905156 0.003609 53.54
3 2344 42.371490 -71.092712 0.023911112882 0.003609 53.54
3 2345 42.371497 -71.092705 0.023921320609 0.003609 53.54
3 2346 42.371504 -71.092698 0.023931528116 0.003609 53.54
3 2347 42.371511 -71.092691 0.023941735623 0.003609 53.54
3 2348 42.371519 -71.092683 0.023951943130 0.003609 53.54
3 2349 42.371526 -71.092676 0.023962150637 0.003609 53.54
3 2350 42.371533 -71.092669 0.023972358145 0.003609 53.54
3 2351 42.371540 -71.092662 0.023982565428 0.003609 53.54
3 2352 42.371547 -71.092655 0.023992772712 0.003609 53.54
3 2353 42.371555 -71.092647 0.024002979996 0.003609 53.54
3 2354 42.371562 -71.092640 0.024013187280 0.003609 53.54
3 2355 42.371569 -71.092633 0.024023394564 0.003609 53.54
3 2356 42.371576 -71.092626 0.024033601620 0.003609 53.54
3 2357 42.371584 -71.092618 0.024043808676 0.003609 53.54
3 2358 42.371591 -71.092611 0.024054015732 0.003609 53.54
3 2359 42.371598 -71.092604 0.024064222789 0.003609 53.54
3 2360 42.371605 -71.092597 0.024074429845 0.003609 53.54
3 2361 42.371612 -71.092590 0.024084636670 0.003609 53.54
3 2362 42.371620 -71.092582 0.024094843495 0.003609 53.54
3 2363 42.371627 -71.092575 0.024105050319 0.003609 53.54
3 2364 42.371634 -71.092568 0.024115257144 0.003609 53.54
3 2365 42.371641 -71.092561 0.024125463969 0.003609 53.54
3 2366 42.371648 -71.092554 0.024135670558 0.003609 53.54
3 2367 42.371656 -71.092546 0.024145877147 0.003609 53.54
3 2368 42.371663 -71.092539 0.024156083736 0.003609 53.54
3 2369 42.371670 -71.092532 0.024166290325 0.003609 53.54
3 2370 42.371677 -71.092525 0.024176496914 0.003608 53.54
3 2371 42.371685 -71.092517 0.024186703263 0.003608 53.54
3 2372 42.371692 -71.092510 0.024196909612 0.003608 53.54
3 2373 42.371699 -71.092503 0.024207115962 0.003608 53.54
3 2374 42.371706 -71.092496 0.024217322311 0.003608 53.54
3 2375 42.371713 -71.092489 0.024227528660 0.003608 53.54
3 2376 42.371721 -71.092481 0.024237734766 0.003608 53.54
3 2377 42.371728 -71.092474 0.024247940871 0.003608 53.54
3 2378 42.371735 -71.092467 0.024258146976 0.003608 53.54
3 2379 42.371742 -71.092460 0.024268353082 0.003608 53.54
3 2380 42.371750 -71.092452 0.024278559187 0.003608 53.54
3 2381 42.371757 -71.092445 0.024288765044 0.003608 53.54
3 2382 42.371764 -71.092438 0.024298970902 0.003608 53.54
3 2383 42.371771 -71.092431 0.024309176759 0.003608 53.54
3 2384 42.371778 -71.092424 0.024319382617 0.003608 53.54
3 2385 42.371786 -71.092416 0.024329588474 0.003608 53.54
3 2386 42.371793 -71.092409 0.024339794079 0.003608 53.54
3 2387 42.371800 -71.092402 0.024349999685 0.003608 53.54
3 2388 42.371807 -71.092395 0.024360205290 0.003608 53.54
3 2389 42.371814 -71.092388 0.024370410895 0.003608 53.54
3 2390 42.371822 -71.092380 0.024380616501 0.003608 53.54
3 2391 42.371829 -71.092373 0.024390821850 0.003608 53.54
3 2392 42.371836 -71.092366 0.024401027199 0.003608 53.54
3 2393 42.371843 -71.092359 0.024411232548 0.003608 53.54
3 2394 42.371851 -71.092351 0.024421437897 0.003608 53.54
3 2395 42.371858 -71.092344 0.024431643246 0.003608 53.54
3 2396 42.371865 -71.092337 0.024441848335 0.003608 53.54
3 2397 42.371872 -71.092330 0.024452053424 0.003608 53.54
3 2398 42.371879 -71.092323 0.024462258513 0.003608 53.54
3 2399 42.371887 -71.092315 0.024472463602 0.003608 53.54
3 2400 42.371894 -71.092308 0.024482668690 0.003608 53.54
3 2401 42.371901 -71.092301 0.024492873515 0.003608 53.54
3 2402 42.371908 -71.092294 0.024503078339 0.003608 53.54
3 2403 42.371915 -71.092287 0.024513283164 0.003608 53.54
3 2404 42.371923 -71.092279 0.024523487988 0.003608 53.54
3 2405 42.371930 -71.092272 0.024533692813 0.003608 53.54
3 2406 42.371937 -71.092265 0.024543897369 0.003608 53.54
3 2407 42.371944 -71.092258 0.024554101925 0.003608 53.54
3 2408 42.371952 -71.092250 0.024564306481 0.003608 53.54
3 2409 42.371959 -71.092243 0.024574511037 0.003608 53.54
3 2410 42.371966 -71.092236 0.024584715593 0.003608 53.54
3 2411 42.371973 -71.092229 0.024594919876 0.003608 53.54
3 2412 42.371980 -71.092222 0.024605124159 0.003608 53.54
3 2413 42.371988 -71.092214 0.024615328443 0.003608 53.54
3 2414 42.371995 -71.092207 0.024625532726 0.003608 53.54
4 2305 42.371208 -71.092994 0.023512982571 0.003609 53.54
4 2306 42.371215 -71.092987 0.023523191718 0.003609 53.54
4 2307 42.371223 -71.092979 0.023533400864 0.003609 53.54
4 2308 42.371230 -71.092972 0.023543610011 0.003609 53.54
4 2309 42.371237 -71.092965 0.023553819158 0.003609 53.54
4 2310 42.371244 -71.092958 0.023564028304 0.003609 53.54
4 2311 42.371251 -71.092951 0.023574237261 0.003609 53.54
4 2312 42.371259 -71.092943 0.023584446217 0.003609 53.54
4 2313 42.371266 -71.092936 0.023594655173 0.003609 53.54
4 2314 42.371273 -71.092929 0.023604864129 0.003609 53.54
4 2315 42.371280 -71.092922 0.023615073085 0.003609 53.54
4 2316 42.371288 -71.092914 0.023625281847 0.003609 53.54
4 2317 42.371295 -71.092907 0.023635490608 0.003609 53.54
4 2318 42.371302 -71.092900 0.023645699369 0.003609 53.54
4 2319 42.371309 -71.092893 0.023655908131 0.003609 53.54
4 2320 42.371316 -71.092886 0.023666116892 0.003609 53.54
4 2321 42.371324 -71.092878 0.023676325455 0.003609 53.54
4 2322 42.371331 -71.092871 0.023686534018 0.003609 53.54
4 2323 42.371338 -71.092864 0.023696742580 0.003609 53.54
4 2324 42.371345 -71.092857 0.023706951143 0.003609 53.54
4 2325 42.371353 -71.092849 0.023717159705 0.003609 53.54
4 2326 42.371360 -71.092842 0.023727368065 0.003609 53.54
4 2327 42.371367 -71.092835 0.023737576425 0.003609 53.54
4 2328 42.371374 -71.092828 0.023747784785 0.003609 53.54
4 2329 42.371381 -71.092821 0.023757993144 0.003609 53.54
4 2330 42.371389 -71.092813 0.023768201504 0.003609 53.54
4 2331 42.371396 -71.092806 0.023778409657 0.003609 53.54
4 2332 42.371403 -71.092799 0.023788617810 0.003609 53.54
4 2333 42.371410 -71.092792 0.023798825962 0.003609 53.54
4 2334 42.371417 -71.092785 0.023809034115 0.003609 53.54
4 2335 42.371425 -71.092777 0.023819242268 0.003609 53.54
4 2336 42.371432 -71.092770 0.023829450210 0.003609 53.54
4 2337 42.371439 -71.092763 0.023839658151 0.003609 53.54
4 2338 42.371446 -71.092756 0.023849866093 0.003609 53.54
4 2339 42.371454 -71.092748 0.023860074035 0.003609 53.54
4 2340 42.371461 -71.092741 0.023870281976 0.003609 53.54
4 2341 42.371468 -71.092734 0.023880489703 0.003609 53.54
4 2342 42.371475 -71.092727 0.023890697429 0.003609 53.54
4 2343 42.371482 -71.092720 0.023900905156 0.003609 53.54
4 2344 42.371490 -71.092712 0.023911112882 0.003609 53.54
4 2345 42.371497 -71.092705 0.023921320609 0.003609 53.54
4 2346 42.371504 -71.092698 0.023931528116 0.003609 53.54
4 2347 42.371511 -71.092691 0.023941735623 0.003609 53.54
4 2348 42.371519 -71.092683 0.023951943130 0.003609 53.54
4 2349 42.371526 -71.092676 0.023962150637 0.003609 53.54
4 2350 42.371533 -71.092669 0.023972358145 0.003609 53.54
4 2351 42.371540 -71.092662 0.023982565428 0.003609 53.54
4 2352 42.371547 -71.092655 0.023992772712 0.003609 53.54
4 2353 42.371555 -71.092647 0.024002979996 0.003609 53.54
4 2354 42.371562 -71.092640 0.024013187280 0.003609 53.54
4 2355 42.371569 -71.092633 0.024023394564 0.003609 53.54
4 2356 42.371576 -71.092626 0.024033601620 0.003609 53.54
4 2357 42.371584 -71.092618 0.024043808676 0.003609 53.54
4 2358 42.371591 -71.092611 0.024054015732 0.003609 53.54
4 2359 42.371598 -71.092604 0.024064222789 0.003609 53.54
4 2360 42.371605 -71.092597 0.024074429845 0.003609 53.54
4 2361 42.371612 -71.092590 0.024084636670 0.003609 53.54
4 2362 42.371620 -71.092582 0.024094843495 0.003609 53.54
4 2363 42.371627 -71.092575 0.024105050319 0.003609 53.54
4 2364 42.371634 -71.092568 0.024115257144 0.003609 53.54
4 2365 42.371641 -71.092561 0.024125463969 0.003609 53.54
4 2366 42.371648 -71.092554 0.024135670558 0.003609 53.54
4 2367 42.371656 -71.092546 0.024145877147 0.003609 53.54
4 2368 42.371663 -71.092539 0.024156083736 0.003609 53.54
4 2369 42.371670 -71.092532 0.024166290325 0.003609 53.54
4 2370 42.371677 -71.092525 0.024176496914 0.003608 53.54
4 2371 42.371685 -71.092517 0.024186703263 0.003608 53.54
4 2372 42.371692 -71.092510 0.024196909612 0.003608 53.54
4 2373 42.371699 -71.092503 0.024207115962 0.003608 53.54
4 2374 42.371706 -71.092496 0.024217322311 0.003608 53.54
4 2375 42.371713 -71.092489 0.024227528660 0.003608 53.54
4 2376 42.371721 -71.092481 0.024237734766 0.003608 53.54
4 2377 42.371728 -71.092474 0.024247940871 0.003608 53.54
4 2378 42.371735 -71.092467 0.024258146976 0.003608 53.54
4 2379 42.371742 -71.092460 0.024268353082 0.003608 53.54
4 2380 42.371750 -71.092452 0.024278559187 0.003608 53.54
4 2381 42.371757 -71.092445 0.024288765044 0.003608 53.54
4 2382 42.371764 -71.092438 0.024298970902 0.003608 53.54
4 2383 42.371771 -71.092431 0.024309176759 0.003608 53.54
4 2384 42.371778 -71.092424 0.024319382617 0.003608 53.54
4 2385 42.371786 -71.092416 0.024329588474 0.003608 53.54
4 2386 42.371793 -71.092409 0.024339794079 0.003608 53.54
4 2387 42.371800 -71.092402 0.024349999685 0.003608 53.54
4 2388 42.371807 -71.092395 0.024360205290 0.003608 53.54
4 2389 42.371814 -71.092388 0.024370410895 0.003608 53.54
4 2390 42.371822 -71.092380 0.024380616501 0.003608 53.54
4 2391 42.371829 -71.092373 0.024390821850 0.003608 53.54
4 2392 42.371836 -71.092366 0.024401027199 0.003608 53.54
4 2393 42.371843 -71.092359 0.024411232548 0.003608 53.54
4 2394 42.371851 -71.092351 0.024421437897 0.003608 53.54
4 2395 42.371858 -71.092344 0.024431643246 0.003608 53.54
4 2396 42.371865 -71.092337 0.024441848335 0.003608 53.54
4 2397 42.371872 -71.092330 0.024452053424 0.003608 53.54
4 2398 42.371879 -71.092323 0.024462258513 0.003608 53.54
4 2399 42.371887 -71.092315 0.024472463602 0.003608 53.54
4 2400 42.371894 -71.092308 0.024482668690 0.003608 53.54
4 2401 42.371901 -71.092301 0.024492873515 0.003608 53.54
4 2402 42.371908 -71.092294 0.024503078339 0.003608 53.54
4 2403 42.371915 -71.092287 0.024513283164 0.003608 53.54
4 2404 42.371923 -71.092279 0.024523487988 0.003608 53.54
4 2405 42.371930 -71.092272 0.024533692813 0.003608 53.54
4 2406 42.371937 -71.092265 0.024543897369 0.003608 53.54
4 2407 42.371944 -71.092258 0.024554101925 0.003608 53.54
4 2408 42.371952 -71.092250 0.024564306481 0.003608 53.54
4 2409 42.371959 -71.092243 0.024574511037 0.003608 53.54
4 2410 42.371966 -71.092236 0.024584715593 0.003608 53.54
4 2411 42.371973 -71.092229 0.024594919876 0.003608 53.54
4 2412 42.371980 -71.092222 0.024605124159 0.003608 53.54
4 2413 42.371988 -71.092214 0.024615328443 0.003608 53.54
4 2414 42.371995 -71.092207 0.024625532726 0.003608 53.54
