1 2832 42.375006 -71.089196 0.028884573305 0.003600 53.54
1 2833 42.375014 -71.089188 0.028894755272 0.003600 53.54
1 2834 42.375021 -71.089181 0.028904937238 0.003600 53.54
1 2835 42.375028 -71.089174 0.028915119205 0.003600 53.54
1 2836 42.375035 -71.089167 0.028925301687 0.003600 53.54
1 2837 42.375042 -71.089160 0.028935484170 0.003600 53.54
1 2838 42.375050 -71.089152 0.028945666652 0.003600 53.54
1 2839 42.375057 -71.089145 0.028955849135 0.003600 53.54
1 2840 42.375064 -71.089138 0.028966031617 0.003600 53.54
1 2841 42.375071 -71.089131 0.028976214611 0.003600 53.54
1 2842 42.375078 -71.089124 0.028986397605 0.003600 53.54
1 2843 42.375086 -71.089116 0.028996580600 0.003600 53.54
1 2844 42.375093 -71.089109 0.029006763594 0.003600 53.54
1 2845 42.375100 -71.089102 0.029016946588 0.003600 53.54
1 2846 42.375107 -71.089095 0.029027130090 0.003600 53.54
1 2847 42.375114 -71.089088 0.029037313591 0.003600 53.54
1 2848 42.375122 -71.089080 0.029047497093 0.003600 53.54
1 2849 42.375129 -71.089073 0.029057680595 0.003600 53.54
1 2850 42.375136 -71.089066 0.029067864097 0.003601 53.54
1 2851 42.375143 -71.089059 0.029078048102 0.003601 53.54
1 2852 42.375150 -71.089052 0.029088232107 0.003601 53.54
1 2853 42.375158 -71.089044 0.029098416112 0.003601 53.54
1 2854 42.375165 -71.089037 0.029108600117 0.003601 53.54
1 2855 42.375172 -71.089030 0.029118784123 0.003601 53.54
1 2856 42.375179 -71.089023 0.029128968627 0.003601 53.54
1 2857 42.375186 -71.089016 0.029139153132 0.003601 53.54
1 2858 42.375194 -71.089008 0.029149337636 0.003601 53.54
1 2859 42.375201 -71.089001 0.029159522141 0.003601 53.54
2 2832 42.375006 -71.089196 0.028884573305 0.003600 53.54
2 2833 42.375014 -71.089188 0.028894755272 0.003600 53.54
2 2834 42.375021 -71.089181 0.028904937238 0.003600 53.54
2 2835 42.375028 -71.089174 0.028915119205 0.003600 53.54
2 2836 42.375035 -71.089167 0.028925301687 0.003600 53.54
2 2837 42.375042 -71.089160 0.028935484170 0.003600 53.54
2 2838 42.375050 -71.089152 0.028945666652 0.003600 53.54
2 2839 42.375057 -71.089145 0.028955849135 0.003600 53.54
2 2840 42.375064 -71.089138 0.028966031617 0.003600 53.54
2 2841 42.375071 -71.089131 0.028976214611 0.003600 53.54
2 2842 42.375078 -71.089124 0.028986397605 0.003600 53.54
2 2843 42.375086 -71.089116 0.028996580600 0.003600 53.54
2 2844 42.375093 -71.089109 0.029006763594 0.003600 53.54
2 2845 42.375100 -71.089102 0.029016946588 0.003600 53.54
2 2846 42.375107 -71.089095 0.029027130090 0.003600 53.54
2 2847 42.375114 -71.089088 0.029037313591 0.003600 53.54
2 2848 42.375122 -71.089080 0.029047497093 0.003600 53.54
2 2849 42.375129 -71.089073 0.029057680595 0.003600 53.54
2 2850 42.375136 -71.089066 0.029067864097 0.003601 53.54
2 2851 42.375143 -71.089059 0.029078048102 0.003601 53.54
2 2852 42.375150 -71.089052 0.029088232107 0.003601 53.54
2 2853 42.375158 -71.089044 0.029098416112 0.003601 53.54
2 2854 42.375165 -71.089037 0.029108600117 0.003601 53.54
2 2855 42.375172 -71.089030 0.029118784123 0.003601 53.54
2 2856 42.375179 -71.089023 0.029128968627 0.003601 53.54
2 2857 42.375186 -71.089016 0.029139153132 0.003601 53.54
2 2858 42.375194 -71.089008 0.029149337636 0.003601 53.54
2 2859 42.375201 -71.089001 0.029159522141 0.003601 53.54
3 2832 42.375006 -71.089196 0.028884573305 0.003600 53.54
3 2833 42.375014 -71.089188 0.028894755272 0.003600 53.54
3 2834 42.375021 -71.089181 0.028904937238 0.003600 53.54
3 2835 42.375028 -71.089174 0.028915119205 0.003600 53.54
3 2836 42.375035 -71.089167 0.028925301687 0.003600 53.54
3 2837 42.375042 -71.089160 0.028935484170 0.003600 53.54
3 2838 42.375050 -71.089152 0.028945666652 0.003600 53.54
3 2839 42.375057 -71.089145 0.028955849135 0.003600 53.54
3 2840 42.375064 -71.089138 0.028966031617 0.003600 53.54
3 2841 42.375071 -71.089131 0.028976214611 0.003600 53.54
3 2842 42.375078 -71.089124 0.028986397605 0.003600 53.54
3 2843 42.375086 -71.089116 0.028996580600 0.003600 53.54
3 2844 42.375093 -71.089109 0.029006763594 0.003600 53.54
3 2845 42.375100 -71.089102 0.029016946588 0.003600 53.54
3 2846 42.375107 -71.089095 0.029027130090 0.003600 53.54
3 2847 42.375114 -71.089088 0.029037313591 0.003600 53.54
3 2848 42.375122 -71.089080 0.029047497093 0.003600 53.54
3 2849 42.375129 -71.089073 0.029057680595 0.003600 53.54
3 2850 42.375136 -71.089066 0.029067864097 0.003601 53.54
3 2851 42.375143 -71.089059 0.029078048102 0.003601 53.54
3 2852 42.375150 -71.089052 0.029088232107 0.003601 53.54
3 2853 42.375158 -71.089044 0.029098416112 0.003601 53.54
3 2854 42.375165 -71.089037 0.029108600117 0.003601 53.54
3 2855 42.375172 -71.089030 0.029118784123 0.003601 53.54
3 2856 42.375179 -71.089023 0.029128968627 0.003601 53.54
3 2857 42.375186 -71.089016 0.029139153132 0.003601 53.54
3 2858 42.375194 -71.089008 0.029149337636 0.003601 53.54
3 2859 42.375201 -71.089001 0.029159522141 0.003601 53.54
4 2832 42.375006 -71.089196 0.028884573305 0.003600 53.54
4 2833 42.375014 -71.089188 0.028894755272 0.003600 53.54
4 2834 42.375021 -71.089181 0.028904937238 0.003600 53.54
4 2835 42.375028 -71.089174 0.028915119205 0.003600 53.54
4 2836 42.375035 -71.089167 0.028925301687 0.003600 53.54
4 2837 42.375042 -71.089160 0.028935484170 0.003600 53.54
4 2838 42.375050 -71.089152 0.028945666652 0.003600 53.54
4 2839 42.375057 -71.089145 0.028955849135 0.003600 53.54
4 2840 42.375064 -71.089138 0.028966031617 0.003600 53.54
4 2841 42.375071 -71.089131 0.028976214611 0.003600 53.54
4 2842 42.375078 -71.089124 0.028986397605 0.003600 53.54
4 2843 42.375086 -71.089116 0.028996580600 0.003600 53.54
4 2844 42.375093 -71.089109 0.029006763594 0.003600 53.54
4 2845 42.375100 -71.089102 0.029016946588 0.003600 53.54
4 2846 42.375107 -71.089095 0.029027130090 0.003600 53.54
4 2847 42.375114 -71.089088 0.029037313591 0.003600 53.54
4 2848 42.375122 -71.089080 0.029047497093 0.003600 53.54
4 2849 42.375129 -71.089073 0.029057680595 0.003600 53.54
4 2850 42.375136 -71.089066 0.029067864097 0.003601 53.54
4 2851 42.375143 -71.089059 0.029078048102 0.003601 53.54
4 2852 42.375150 -71.089052 0.029088232107 0.003601 53.54
4 2853 42.375158 -71.089044 0.029098416112 0.003601 53.54
4 2854 42.375165 -71.089037 0.029108600117 0.003601 53.54
4 2855 42.375172 -71.089030 0.029118784123 0.003601 53.54
4 2856 42.375179 -71.089023 0.029128968627 0.003601 53.54
4 2857 42.375186 -71.089016 0.029139153132 0.003601 53.54
4 2858 42.375194 -71.089008 0.029149337636 0.003601 53.54
4 2859 42.375201 -71.089001 0.029159522141 0.003601 53.54
