1 3137 42.377205 -71.086997 0.031994101154 0.003608 53.55
1 3138 42.377212 -71.086990 0.032004307066 0.003608 53.55
1 3139 42.377220 -71.086982 0.032014512979 0.003608 53.55
1 3140 42.377227 -71.086975 0.032024718891 0.003608 53.55
1 3141 42.377234 -71.086968 0.032034925068 0.003608 53.55
1 3142 42.377241 -71.086961 0.032045131246 0.003608 53.55
1 3143 42.377249 -71.086953 0.032055337424 0.003608 53.55
1 3144 42.377256 -71.086946 0.032065543601 0.003608 53.55
1 3145 42.377263 -71.086939 0.032075749779 0.003609 53.55
1 3146 42.377270 -71.086932 0.032085956218 0.003609 53.55
1 3147 42.377277 -71.086925 0.032096162656 0.003609 53.55
1 3148 42.377285 -71.086917 0.032106369095 0.003609 53.55
1 3149 42.377292 -71.086910 0.032116575534 0.003609 53.55
1 3150 42.377299 -71.086903 0.032126781973 0.003609 53.55
1 3151 42.377306 -71.086896 0.032136988669 0.003609 53.55
1 3152 42.377313 -71.086889 0.032147195365 0.003609 53.55
1 3153 42.377321 -71.086881 0.032157402061 0.003609 53.55
1 3154 42.377328 -71.086874 0.032167608757 0.003609 53.55
1 3155 42.377335 -71.086867 0.032177815453 0.003609 53.55
1 3156 42.377342 -71.086860 0.032188022401 0.003609 53.55
1 3157 42.377350 -71.086852 0.032198229350 0.003609 53.55
1 3158 42.377357 -71.086845 0.032208436299 0.003609 53.55
1 3159 42.377364 -71.086838 0.032218643248 0.003609 53.55
1 3160 42.377371 -71.086831 0.032228850197 0.003609 53.55
1 3161 42.377378 -71.086824 0.032239057395 0.003609 53.55
1 3162 42.377386 -71.086816 0.032249264593 0.003609 53.55
1 3163 42.377393 -71.086809 0.032259471791 0.003609 53.55
1 3164 42.377400 -71.086802 0.032269678988 0.003609 53.55
1 3165 42.377407 -71.086795 0.032279886186 0.003609 53.55
1 3166 42.377415 -71.086787 0.032290093629 0.003609 53.55
1 3167 42.377422 -71.086780 0.032300301072 0.003609 53.55
1 3168 42.377429 -71.086773 0.032310508514 0.003609 53.55
1 3169 42.377436 -71.086766 0.032320715957 0.003609 53.55
1 3170 42.377443 -71.086759 0.032330923399 0.003609 53.55
1 3171 42.377451 -71.086751 0.032341131083 0.003609 53.55
1 3172 42.377458 -71.086744 0.032351338766 0.003609 53.55
1 3173 42.377465 -71.086737 0.032361546449 0.003609 53.55
1 3174 42.377472 -71.086730 0.032371754133 0.003609 53.55
1 3175 42.377479 -71.086723 0.032381961816 0.003609 53.55
1 3176 42.377487 -71.086715 0.032392169736 0.003609 53.55
1 3177 42.377494 -71.086708 0.032402377656 0.003609 53.55
1 3178 42.377501 -71.086701 0.032412585576 0.003609 53.55
1 3179 42.377508 -71.086694 0.032422793496 0.003609 53.55
1 3180 42.377516 -71.086686 0.032433001416 0.003609 53.55
1 3181 42.377523 -71.086679 0.032443209568 0.003609 53.55
1 3182 42.377530 -71.086672 0.032453417721 0.003609 53.55
1 3183 42.377537 -71.086665 0.032463625873 0.003609 53.55
1 3184 42.377544 -71.086658 0.032473834026 0.003609 53.55
1 3185 42.377552 -71.086650 0.032484042178 0.003609 53.55
1 3186 42.377559 -71.086643 0.032494250559 0.003609 53.55
1 3187 42.377566 -71.086636 0.032504458940 0.003609 53.55
1 3188 42.377573 -71.086629 0.032514667321 0.003609 53.55
1 3189 42.377581 -71.086621 0.032524875701 0.003609 53.55
1 3190 42.377588 -71.086614 0.032535084082 0.003609 53.55
1 3191 42.377595 -71.086607 0.032545292687 0.003609 53.55
1 3192 42.377602 -71.086600 0.032555501293 0.003609 53.55
1 3193 42.377609 -71.086593 0.032565709898 0.003609 53.55
1 3194 42.377617 -71.086585 0.032575918503 0.003609 53.55
1 3195 42.377624 -71.086578 0.032586127108 0.003609 53.55
1 3196 42.377631 -71.086571 0.032596335933 0.003609 53.55
1 3197 42.377638 -71.086564 0.032606544759 0.003609 53.55
1 3198 42.377645 -71.086557 0.032616753584 0.003609 53.55
1 3199 42.377653 -71.086549 0.032626962409 0.003609 53.55
1 3200 42.377660 -71.086542 0.032637171235 0.003609 53.55
1 3201 42.377667 -71.086535 0.032647380276 0.003609 53.55
1 3202 42.377674 -71.086528 0.032657589318 0.003609 53.55
1 3203 42.377682 -71.086520 0.032667798359 0.003609 53.55
1 3204 42.377689 -71.086513 0.032678007401 0.003609 53.55
1 3205 42.377696 -71.086506 0.032688216442 0.003610 53.55
1 3206 42.377703 -71.086499 0.032698425696 0.003610 53.55
1 3207 42.377710 -71.086492 0.032708634949 0.003610 53.55
1 3208 42.377718 -71.086484 0.032718844202 0.003610 53.55
1 3209 42.377725 -71.086477 0.032729053456 0.003610 53.55
1 3210 42.377732 -71.086470 0.032739262709 0.003610 53.55
1 3211 42.377739 -71.086463 0.032749472171 0.003610 53.55
1 3212 42.377747 -71.086455 0.032759681632 0.003610 53.55
1 3213 42.377754 -71.086448 0.032769891093 0.003610 53.55
1 3214 42.377761 -71.086441 0.032780100555 0.003610 53.55
1 3215 42.377768 -71.086434 0.032790310016 0.003610 53.55
1 3216 42.377775 -71.086427 0.032800519681 0.003610 53.55
1 3217 42.377783 -71.086419 0.032810729347 0.003610 53.55
1 3218 42.377790 -71.086412 0.032820939012 0.003610 53.55
1 3219 42.377797 -71.086405 0.032831148677 0.003610 53.55
1 3220 42.377804 -71.086398 0.032841358342 0.003610 53.55
1 3221 42.377812 -71.086390 0.032851568207 0.003610 53.55
1 3222 42.377819 -71.086383 0.032861778072 0.003610 53.55
1 3223 42.377826 -71.086376 0.032871987937 0.003610 53.55
1 3224 42.377833 -71.086369 0.032882197802 0.003610 53.55
1 3225 42.377840 -71.086362 0.032892407666 0.003610 53.55
1 3226 42.377848 -71.086354 0.032902617727 0.003610 53.55
1 3227 42.377855 -71.086347 0.032912827787 0.003610 53.55
1 3228 42.377862 -71.086340 0.032923037848 0.003610 53.55
1 3229 42.377869 -71.086333 0.032933247908 0.003610 53.55
1 3230 42.377877 -71.086325 0.032943457969 0.003610 53.55
1 3231 42.377884 -71.086318 0.032953668221 0.003610 53.55
1 3232 42.377891 -71.086311 0.032963878473 0.003610 53.55
1 3233 42.377898 -71.086304 0.032974088725 0.003610 53.55
1 3234 42.377905 -71.086297 0.032984298977 0.003610 53.55
1 3235 42.377913 -71.086289 0.032994509229 0.003610 53.55
1 3236 42.377920 -71.086282 0.033004719668 0.003610 53.55
1 3237 42.377927 -71.086275 0.033014930108 0.003610 53.55
1 3238 42.377934 -71.086268 0.033025140547 0.003610 53.55
1 3239 42.377941 -71.086261 0.033035350986 0.003610 53.55
1 3240 42.377949 -71.086253 0.033045561426 0.003610 53.55
1 3241 42.377956 -71.086246 0.033055772049 0.003610 53.55
1 3242 42.377963 -71.086239 0.033065982671 0.003610 53.55
1 3243 42.377970 -71.086232 0.033076193294 0.003610 53.55
1 3244 42.377978 -71.086224 0.033086403917 0.003610 53.55
1 3245 42.377985 -71.086217 0.033096614539 0.003610 53.55
1 3246 42.377992 -71.086210 0.033106825341 0.003610 53.55
1 3247 42.377999 -71.086203 0.033117036143 0.003610 53.55
2 3137 42.377205 -71.086997 0.031994101154 0.003608 53.55
2 3138 42.377212 -71.086990 0.032004307066 0.003608 53.55
2 3139 42.377220 -71.086982 0.032014512979 0.003608 53.55
2 3140 42.377227 -71.086975 0.032024718891 0.003608 53.55
2 3141 42.377234 -71.086968 0.032034925068 0.003608 53.55
2 3142 42.377241 -71.086961 0.032045131246 0.003608 53.55
2 3143 42.377249 -71.086953 0.032055337424 0.003608 53.55
2 3144 42.377256 -71.086946 0.032065543601 0.003608 53.55
2 3145 42.377263 -71.086939 0.032075749779 0.003609 53.55
2 3146 42.377270 -71.086932 0.032085956218 0.003609 53.55
2 3147 42.377277 -71.086925 0.032096162656 0.003609 53.55
2 3148 42.377285 -71.086917 0.032106369095 0.003609 53.55
2 3149 42.377292 -71.086910 0.032116575534 0.003609 53.55
2 3150 42.377299 -71.086903 0.032126781973 0.003609 53.55
2 3151 42.377306 -71.086896 0.032136988669 0.003609 53.55
2 3152 42.377313 -71.086889 0.032147195365 0.003609 53.55
2 3153 42.377321 -71.086881 0.032157402061 0.003609 53.55
2 3154 42.377328 -71.086874 0.032167608757 0.003609 53.55
2 3155 42.377335 -71.086867 0.032177815453 0.003609 53.55
2 3156 42.377342 -71.086860 0.032188022401 0.003609 53.55
2 3157 42.377350 -71.086852 0.032198229350 0.003609 53.55
2 3158 42.377357 -71.086845 0.032208436299 0.003609 53.55
2 3159 42.377364 -71.086838 0.032218643248 0.003609 53.55
2 3160 42.377371 -71.086831 0.032228850197 0.003609 53.55
2 3161 42.377378 -71.086824 0.032239057395 0.003609 53.55
2 3162 42.377386 -71.086816 0.032249264593 0.003609 53.55
2 3163 42.377393 -71.086809 0.032259471791 0.003609 53.55
2 3164 42.377400 -71.086802 0.032269678988 0.003609 53.55
2 3165 42.377407 -71.086795 0.032279886186 0.003609 53.55
2 3166 42.377415 -71.086787 0.032290093629 0.003609 53.55
2 3167 42.377422 -71.086780 0.032300301072 0.003609 53.55
2 3168 42.377429 -71.086773 0.032310508514 0.003609 53.55
2 3169 42.377436 -71.086766 0.032320715957 0.003609 53.55
2 3170 42.377443 -71.086759 0.032330923399 0.003609 53.55
2 3171 42.377451 -71.086751 0.032341131083 0.003609 53.55
2 3172 42.377458 -71.086744 0.032351338766 0.003609 53.55
2 3173 42.377465 -71.086737 0.032361546449 0.003609 53.55
2 3174 42.377472 -71.086730 0.032371754133 0.003609 53.55
2 3175 42.377479 -71.086723 0.032381961816 0.003609 53.55
2 3176 42.377487 -71.086715 0.032392169736 0.003609 53.55
2 3177 42.377494 -71.086708 0.032402377656 0.003609 53.55
2 3178 42.377501 -71.086701 0.032412585576 0.003609 53.55
2 3179 42.377508 -71.086694 0.032422793496 0.003609 53.55
2 3180 42.377516 -71.086686 0.032433001416 0.003609 53.55
2 3181 42.377523 -71.086679 0.032443209568 0.003609 53.55
2 3182 42.377530 -71.086672 0.032453417721 0.003609 53.55
2 3183 42.377537 -71.086665 0.032463625873 0.003609 53.55
2 3184 42.377544 -71.086658 0.032473834026 0.003609 53.55
2 3185 42.377552 -71.086650 0.032484042178 0.003609 53.55
2 3186 42.377559 -71.086643 0.032494250559 0.003609 53.55
2 3187 42.377566 -71.086636 0.032504458940 0.003609 53.55
2 3188 42.377573 -71.086629 0.032514667321 0.003609 53.55
2 3189 42.377581 -71.086621 0.032524875701 0.003609 53.55
2 3190 42.377588 -71.086614 0.032535084082 0.003609 53.55
2 3191 42.377595 -71.086607 0.032545292687 0.003609 53.55
2 3192 42.377602 -71.086600 0.032555501293 0.003609 53.55
2 3193 42.377609 -71.086593 0.032565709898 0.003609 53.55
2 3194 42.377617 -71.086585 0.032575918503 0.003609 53.55
2 3195 42.377624 -71.086578 0.032586127108 0.003609 53.55
2 3196 42.377631 -71.086571 0.032596335933 0.003609 53.55
2 3197 42.377638 -71.086564 0.032606544759 0.003609 53.55
2 3198 42.377645 -71.086557 0.032616753584 0.003609 53.55
2 3199 42.377653 -71.086549 0.032626962409 0.003609 53.55
2 3200 42.377660 -71.086542 0.032637171235 0.003609 53.55
2 3201 42.377667 -71.086535 0.032647380276 0.003609 53.55
2 3202 42.377674 -71.086528 0.032657589318 0.003609 53.55
2 3203 42.377682 -71.086520 0.032667798359 0.003609 53.55
2 3204 42.377689 -71.086513 0.032678007401 0.003609 53.55
2 3205 42.377696 -71.086506 0.032688216442 0.003610 53.55
2 3206 42.377703 -71.086499 0.032698425696 0.003610 53.55
2 3207 42.377710 -71.086492 0.032708634949 0.003610 53.55
2 3208 42.377718 -71.086484 0.032718844202 0.003610 53.55
2 3209 42.377725 -71.086477 0.032729053456 0.003610 53.55
2 3210 42.377732 -71.086470 0.032739262709 0.003610 53.55
2 3211 42.377739 -71.086463 0.032749472171 0.003610 53.55
2 3212 42.377747 -71.086455 0.032759681632 0.003610 53.55
2 3213 42.377754 -71.086448 0.032769891093 0.003610 53.55
2 3214 42.377761 -71.086441 0.032780100555 0.003610 53.55
2 3215 42.377768 -71.086434 0.032790310016 0.003610 53.55
2 3216 42.377775 -71.086427 0.032800519681 0.003610 53.55
2 3217 42.377783 -71.086419 0.032810729347 0.003610 53.55
2 3218 42.377790 -71.086412 0.032820939012 0.003610 53.55
2 3219 42.377797 -71.086405 0.032831148677 0.003610 53.55
2 3220 42.377804 -71.086398 0.032841358342 0.003610 53.55
2 3221 42.377812 -71.086390 0.032851568207 0.003610 53.55
2 3222 42.377819 -71.086383 0.032861778072 0.003610 53.55
2 3223 42.377826 -71.086376 0.032871987937 0.003610 53.55
2 3224 42.377833 -71.086369 0.032882197802 0.003610 53.55
2 3225 42.377840 -71.086362 0.032892407666 0.003610 53.55
2 3226 42.377848 -71.086354 0.032902617727 0.003610 53.55
2 3227 42.377855 -71.086347 0.032912827787 0.003610 53.55
2 3228 42.377862 -71.086340 0.032923037848 0.003610 53.55
2 3229 42.377869 -71.086333 0.032933247908 0.003610 53.55
2 3230 42.377877 -71.086325 0.032943457969 0.003610 53.55
2 3231 42.377884 -71.086318 0.032953668221 0.003610 53.55
2 3232 42.377891 -71.086311 0.032963878473 0.003610 53.55
2 3233 42.377898 -71.086304 0.032974088725 0.003610 53.55
2 3234 42.377905 -71.086297 0.032984298977 0.003610 53.55
2 3235 42.377913 -71.086289 0.032994509229 0.003610 53.55
2 3236 42.377920 -71.086282 0.033004719668 0.003610 53.55
2 3237 42.377927 -71.086275 0.033014930108 0.003610 53.55
2 3238 42.377934 -71.086268 0.033025140547 0.003610 53.55
2 3239 42.377941 -71.086261 0.033035350986 0.003610 53.55
2 3240 42.377949 -71.086253 0.033045561426 0.003610 53.55
2 3241 42.377956 -71.086246 0.033055772049 0.003610 53.55
2 3242 42.377963 -71.086239 0.033065982671 0.003610 53.55
2 3243 42.377970 -71.086232 0.033076193294 0.003610 53.55
2 3244 42.377978 -71.086224 0.033086403917 0.003610 53.55
2 3245 42.377985 -71.086217 0.033096614539 0.003610 53.55
2 3246 42.377992 -71.086210 0.033106825341 0.003610 53.55
2 3247 42.377999 -71.086203 0.033117036143 0.003610 53.55
3 3137 42.377205 -71.086997 0.031994101154 0.003608 53.55
3 3138 42.377212 -71.086990 0.032004307066 0.003608 53.55
3 3139 42.377220 -71.086982 0.032014512979 0.003608 53.55
3 3140 42.377227 -71.086975 0.032024718891 0.003608 53.55
3 3141 42.377234 -71.086968 0.032034925068 0.003608 53.55
3 3142 42.377241 -71.086961 0.032045131246 0.003608 53.55
3 3143 42.377249 -71.086953 0.032055337424 0.003608 53.55
3 3144 42.377256 -71.086946 0.032065543601 0.003608 53.55
3 3145 42.377263 -71.086939 0.032075749779 0.003609 53.55
3 3146 42.377270 -71.086932 0.032085956218 0.003609 53.55
3 3147 42.377277 -71.086925 0.032096162656 0.003609 53.55
3 3148 42.377285 -71.086917 0.032106369095 0.003609 53.55
3 3149 42.377292 -71.086910 0.032116575534 0.003609 53.55
3 3150 42.377299 -71.086903 0.032126781973 0.003609 53.55
3 3151 42.377306 -71.086896 0.032136988669 0.003609 53.55
3 3152 42.377313 -71.086889 0.032147195365 0.003609 53.55
3 3153 42.377321 -71.086881 0.032157402061 0.003609 53.55
3 3154 42.377328 -71.086874 0.032167608757 0.003609 53.55
3 3155 42.377335 -71.086867 0.032177815453 0.003609 53.55
3 3156 42.377342 -71.086860 0.032188022401 0.003609 53.55
3 3157 42.377350 -71.086852 0.032198229350 0.003609 53.55
3 3158 42.377357 -71.086845 0.032208436299 0.003609 53.55
3 3159 42.377364 -71.086838 0.032218643248 0.003609 53.55
3 3160 42.377371 -71.086831 0.032228850197 0.003609 53.55
3 3161 42.377378 -71.086824 0.032239057395 0.003609 53.55
3 3162 42.377386 -71.086816 0.032249264593 0.003609 53.55
3 3163 42.377393 -71.086809 0.032259471791 0.003609 53.55
3 3164 42.377400 -71.086802 0.032269678988 0.003609 53.55
3 3165 42.377407 -71.086795 0.032279886186 0.003609 53.55
3 3166 42.377415 -71.086787 0.032290093629 0.003609 53.55
3 3167 42.377422 -71.086780 0.032300301072 0.003609 53.55
3 3168 42.377429 -71.086773 0.032310508514 0.003609 53.55
3 3169 42.377436 -71.086766 0.032320715957 0.003609 53.55
3 3170 42.377443 -71.086759 0.032330923399 0.003609 53.55
3 3171 42.377451 -71.086751 0.032341131083 0.003609 53.55
3 3172 42.377458 -71.086744 0.032351338766 0.003609 53.55
3 3173 42.377465 -71.086737 0.032361546449 0.003609 53.55
3 3174 42.377472 -71.086730 0.032371754133 0.003609 53.55
3 3175 42.377479 -71.086723 0.032381961816 0.003609 53.55
3 3176 42.377487 -71.086715 0.032392169736 0.003609 53.55
3 3177 42.377494 -71.086708 0.032402377656 0.003609 53.55
3 3178 42.377501 -71.086701 0.032412585576 0.003609 53.55
3 3179 42.377508 -71.086694 0.032422793496 0.003609 53.55
3 3180 42.377516 -71.086686 0.032433001416 0.003609 53.55
3 3181 42.377523 -71.086679 0.032443209568 0.003609 53.55
3 3182 42.377530 -71.086672 0.032453417721 0.003609 53.55
3 3183 42.377537 -71.086665 0.032463625873 0.003609 53.55
3 3184 42.377544 -71.086658 0.032473834026 0.003609 53.55
3 3185 42.377552 -71.086650 0.032484042178 0.003609 53.55
3 3186 42.377559 -71.086643 0.032494250559 0.003609 53.55
3 3187 42.377566 -71.086636 0.032504458940 0.003609 53.55
3 3188 42.377573 -71.086629 0.032514667321 0.003609 53.55
3 3189 42.377581 -71.086621 0.032524875701 0.003609 53.55
3 3190 42.377588 -71.086614 0.032535084082 0.003609 53.55
3 3191 42.377595 -71.086607 0.032545292687 0.003609 53.55
3 3192 42.377602 -71.086600 0.032555501293 0.003609 53.55
3 3193 42.377609 -71.086593 0.032565709898 0.003609 53.55
3 3194 42.377617 -71.086585 0.032575918503 0.003609 53.55
3 3195 42.377624 -71.086578 0.032586127108 0.003609 53.55
3 3196 42.377631 -71.086571 0.032596335933 0.003609 53.55
3 3197 42.377638 -71.086564 0.032606544759 0.003609 53.55
3 3198 42.377645 -71.086557 0.032616753584 0.003609 53.55
3 3199 42.377653 -71.086549 0.032626962409 0.003609 53.55
3 3200 42.377660 -71.086542 0.032637171235 0.003609 53.55
3 3201 42.377667 -71.086535 0.032647380276 0.003609 53.55
3 3202 42.377674 -71.086528 0.032657589318 0.003609 53.55
3 3203 42.377682 -71.086520 0.032667798359 0.003609 53.55
3 3204 42.377689 -71.086513 0.032678007401 0.003609 53.55
3 3205 42.377696 -71.086506 0.032688216442 0.003610 53.55
3 3206 42.377703 -71.086499 0.032698425696 0.003610 53.55
3 3207 42.377710 -71.086492 0.032708634949 0.003610 53.55
3 3208 42.377718 -71.086484 0.032718844202 0.003610 53.55
3 3209 42.377725 -71.086477 0.032729053456 0.003610 53.55
3 3210 42.377732 -71.086470 0.032739262709 0.003610 53.55
3 3211 42.377739 -71.086463 0.032749472171 0.003610 53.55
3 3212 42.377747 -71.086455 0.032759681632 0.003610 53.55
3 3213 42.377754 -71.086448 0.032769891093 0.003610 53.55
3 3214 42.377761 -71.086441 0.032780100555 0.003610 53.55
3 3215 42.377768 -71.086434 0.032790310016 0.003610 53.55
3 3216 42.377775 -71.086427 0.032800519681 0.003610 53.55
3 3217 42.377783 -71.086419 0.032810729347 0.003610 53.55
3 3218 42.377790 -71.086412 0.032820939012 0.003610 53.55
3 3219 42.377797 -71.086405 0.032831148677 0.003610 53.55
3 3220 42.377804 -71.086398 0.032841358342 0.003610 53.55
3 3221 42.377812 -71.086390 0.032851568207 0.003610 53.55
3 3222 42.377819 -71.086383 0.032861778072 0.003610 53.55
3 3223 42.377826 -71.086376 0.032871987937 0.003610 53.55
3 3224 42.377833 -71.086369 0.032882197802 0.003610 53.55
3 3225 42.377840 -71.086362 0.032892407666 0.003610 53.55
3 3226 42.377848 -71.086354 0.032902617727 0.003610 53.55
3 3227 42.377855 -71.086347 0.032912827787 0.003610 53.55
3 3228 42.377862 -71.086340 0.032923037848 0.003610 53.55
3 3229 42.377869 -71.086333 0.032933247908 0.003610 53.55
3 3230 42.377877 -71.086325 0.032943457969 0.003610 53.55
3 3231 42.377884 -71.086318 0.032953668221 0.003610 53.55
3 3232 42.377891 -71.086311 0.032963878473 0.003610 53.55
3 3233 42.377898 -71.086304 0.032974088725 0.003610 53.55
3 3234 42.377905 -71.086297 0.032984298977 0.003610 53.55
3 3235 42.377913 -71.086289 0.032994509229 0.003610 53.55
3 3236 42.377920 -71.086282 0.033004719668 0.003610 53.55
3 3237 42.377927 -71.086275 0.033014930108 0.003610 53.55
3 3238 42.377934 -71.086268 0.033025140547 0.003610 53.55
3 3239 42.377941 -71.086261 0.033035350986 0.003610 53.55
3 3240 42.377949 -71.086253 0.033045561426 0.003610 53.55
3 3241 42.377956 -71.086246 0.033055772049 0.003610 53.55
3 3242 42.377963 -71.086239 0.033065982671 0.003610 53.55
3 3243 42.377970 -71.086232 0.033076193294 0.003610 53.55
3 3244 42.377978 -71.086224 0.033086403917 0.003610 53.55
3 3245 42.377985 -71.086217 0.033096614539 0.003610 53.55
3 3246 42.377992 -71.086210 0.033106825341 0.003610 53.55
3 3247 42.377999 -71.086203 0.033117036143 0.003610 53.55
4 3137 42.377205 -71.086997 0.031994101154 0.003608 53.55
4 3138 42.377212 -71.086990 0.032004307066 0.003608 53.55
4 3139 42.377220 -71.086982 0.032014512979 0.003608 53.55
4 3140 42.377227 -71.086975 0.032024718891 0.003608 53.55
4 3141 42.377234 -71.086968 0.032034925068 0.003608 53.55
4 3142 42.377241 -71.086961 0.032045131246 0.003608 53.55
4 3143 42.377249 -71.086953 0.032055337424 0.003608 53.55
4 3144 42.377256 -71.086946 0.032065543601 0.003608 53.55
4 3145 42.377263 -71.086939 0.032075749779 0.003609 53.55
4 3146 42.377270 -71.086932 0.032085956218 0.003609 53.55
4 3147 42.377277 -71.086925 0.032096162656 0.003609 53.55
4 3148 42.377285 -71.086917 0.032106369095 0.003609 53.55
4 3149 42.377292 -71.086910 0.032116575534 0.003609 53.55
4 3150 42.377299 -71.086903 0.032126781973 0.003609 53.55
4 3151 42.377306 -71.086896 0.032136988669 0.003609 53.55
4 3152 42.377313 -71.086889 0.032147195365 0.003609 53.55
4 3153 42.377321 -71.086881 0.032157402061 0.003609 53.55
4 3154 42.377328 -71.086874 0.032167608757 0.003609 53.55
4 3155 42.377335 -71.086867 0.032177815453 0.003609 53.55
4 3156 42.377342 -71.086860 0.032188022401 0.003609 53.55
4 3157 42.377350 -71.086852 0.032198229350 0.003609 53.55
4 3158 42.377357 -71.086845 0.032208436299 0.003609 53.55
4 3159 42.377364 -71.086838 0.032218643248 0.003609 53.55
4 3160 42.377371 -71.086831 0.032228850197 0.003609 53.55
4 3161 42.377378 -71.086824 0.032239057395 0.003609 53.55
4 3162 42.377386 -71.086816 0.032249264593 0.003609 53.55
4 3163 42.377393 -71.086809 0.032259471791 0.003609 53.55
4 3164 42.377400 -71.086802 0.032269678988 0.003609 53.55
4 3165 42.377407 -71.086795 0.032279886186 0.003609 53.55
4 3166 42.377415 -71.086787 0.032290093629 0.003609 53.55
4 3167 42.377422 -71.086780 0.032300301072 0.003609 53.55
4 3168 42.377429 -71.086773 0.032310508514 0.003609 53.55
4 3169 42.377436 -71.086766 0.032320715957 0.003609 53.55
4 3170 42.377443 -71.086759 0.032330923399 0.003609 53.55
4 3171 42.377451 -71.086751 0.032341131083 0.003609 53.55
4 3172 42.377458 -71.086744 0.032351338766 0.003609 53.55
4 3173 42.377465 -71.086737 0.032361546449 0.003609 53.55
4 3174 42.377472 -71.086730 0.032371754133 0.003609 53.55
4 3175 42.377479 -71.086723 0.032381961816 0.003609 53.55
4 3176 42.377487 -71.086715 0.032392169736 0.003609 53.55
4 3177 42.377494 -71.086708 0.032402377656 0.003609 53.55
4 3178 42.377501 -71.086701 0.032412585576 0.003609 53.55
4 3179 42.377508 -71.086694 0.032422793496 0.003609 53.55
4 3180 42.377516 -71.086686 0.032433001416 0.003609 53.55
4 3181 42.377523 -71.086679 0.032443209568 0.003609 53.55
4 3182 42.377530 -71.086672 0.032453417721 0.003609 53.55
4 3183 42.377537 -71.086665 0.032463625873 0.003609 53.55
4 3184 42.377544 -71.086658 0.032473834026 0.003609 53.55
4 3185 42.377552 -71.086650 0.032484042178 0.003609 53.55
4 3186 42.377559 -71.086643 0.032494250559 0.003609 53.55
4 3187 42.377566 -71.086636 0.032504458940 0.003609 53.55
4 3188 42.377573 -71.086629 0.032514667321 0.003609 53.55
4 3189 42.377581 -71.086621 0.032524875701 0.003609 53.55
4 3190 42.377588 -71.086614 0.032535084082 0.003609 53.55
4 3191 42.377595 -71.086607 0.032545292687 0.003609 53.55
4 3192 42.377602 -71.086600 0.032555501293 0.003609 53.55
4 3193 42.377609 -71.086593 0.032565709898 0.003609 53.55
4 3194 42.377617 -71.086585 0.032575918503 0.003609 53.55
4 3195 42.377624 -71.086578 0.032586127108 0.003609 53.55
4 3196 42.377631 -71.086571 0.032596335933 0.003609 53.55
4 3197 42.377638 -71.086564 0.032606544759 0.003609 53.55
4 3198 42.377645 -71.086557 0.032616753584 0.003609 53.55
4 3199 42.377653 -71.086549 0.032626962409 0.003609 53.55
4 3200 42.377660 -71.086542 0.032637171235 0.003609 53.55
4 3201 42.377667 -71.086535 0.032647380276 0.003609 53.55
4 3202 42.377674 -71.086528 0.032657589318 0.003609 53.55
4 3203 42.377682 -71.086520 0.032667798359 0.003609 53.55
4 3204 42.377689 -71.086513 0.032678007401 0.003609 53.55
4 3205 42.377696 -71.086506 0.032688216442 0.003610 53.55
4 3206 42.377703 -71.086499 0.032698425696 0.003610 53.55
4 3207 42.377710 -71.086492 0.032708634949 0.003610 53.55
4 3208 42.377718 -71.086484 0.032718844202 0.003610 53.55
4 3209 42.377725 -71.086477 0.032729053456 0.003610 53.55
4 3210 42.377732 -71.086470 0.032739262709 0.003610 53.55
4 3211 42.377739 -71.086463 0.032749472171 0.003610 53.55
4 3212 42.377747 -71.086455 0.032759681632 0.003610 53.55
4 3213 42.377754 -71.086448 0.032769891093 0.003610 53.55
4 3214 42.377761 -71.086441 0.032780100555 0.003610 53.55
4 3215 42.377768 -71.086434 0.032790310016 0.003610 53.55
4 3216 42.377775 -71.086427 0.032800519681 0.003610 53.55
4 3217 42.377783 -71.086419 0.032810729347 0.003610 53.55
4 3218 42.377790 -71.086412 0.032820939012 0.003610 53.55
4 3219 42.377797 -71.086405 0.032831148677 0.003610 53.55
4 3220 42.377804 -71.086398 0.032841358342 0.003610 53.55
4 3221 42.377812 -71.086390 0.032851568207 0.003610 53.55
4 3222 42.377819 -71.086383 0.032861778072 0.003610 53.55
4 3223 42.377826 -71.086376 0.032871987937 0.003610 53.55
4 3224 42.377833 -71.086369 0.032882197802 0.003610 53.55
4 3225 42.377840 -71.086362 0.032892407666 0.003610 53.55
4 3226 42.377848 -71.086354 0.032902617727 0.003610 53.55
4 3227 42.377855 -71.086347 0.032912827787 0.003610 53.55
4 3228 42.377862 -71.086340 0.032923037848 0.003610 53.55
4 3229 42.377869 -71.086333 0.032933247908 0.003610 53.55
4 3230 42.377877 -71.086325 0.032943457969 0.003610 53.55
4 3231 42.377884 -71.086318 0.032953668221 0.003610 53.55
4 3232 42.377891 -71.086311 0.032963878473 0.003610 53.55
4 3233 42.377898 -71.086304 0.032974088725 0.003610 53.55
4 3234 42.377905 -71.086297 0.032984298977 0.003610 53.55
4 3235 42.377913 -71.086289 0.032994509229 0.003610 53.55
4 3236 42.377920 -71.086282 0.033004719668 0.003610 53.55
4 3237 42.377927 -71.086275 0.033014930108 0.003610 53.55
4 3238 42.377934 -71.086268 0.033025140547 0.003610 53.55
4 3239 42.377941 -71.086261 0.033035350986 0.003610 53.55
4 3240 42.377949 -71.086253 0.033045561426 0.003610 53.55
4 3241 42.377956 -71.086246 0.033055772049 0.003610 53.55
4 3242 42.377963 -71.086239 0.033065982671 0.003610 53.55
4 3243 42.377970 -71.086232 0.033076193294 0.003610 53.55
4 3244 42.377978 -71.086224 0.033086403917 0.003610 53.55
4 3245 42.377985 -71.086217 0.033096614539 0.003610 53.55
4 3246 42.377992 -71.086210 0.033106825341 0.003610 53.55
4 3247 42.377999 -71.086203 0.033117036143 0.003610 53.55
