1 3414 42.379205 -71.084997 0.034822605030 0.003611 53.55
1 3415 42.379212 -71.084990 0.034832819447 0.003611 53.55
1 3416 42.379220 -71.084982 0.034843033904 0.003611 53.55
1 3417 42.379227 -71.084975 0.034853248361 0.003611 53.55
1 3418 42.379234 -71.084968 0.034863462818 0.003611 53.55
1 3419 42.379241 -71.084961 0.034873677275 0.003611 53.55
1 3420 42.379249 -71.084953 0.034883891731 0.003611 53.55
1 3421 42.379256 -71.084946 0.034894106224 0.003611 53.55
1 3422 42.379263 -71.084939 0.034904320717 0.003611 53.55
1 3423 42.379270 -71.084932 0.034914535210 0.003611 53.55
1 3424 42.379277 -71.084925 0.034924749702 0.003611 53.55
1 3425 42.379285 -71.084917 0.034934964195 0.003611 53.55
1 3426 42.379292 -71.084910 0.034945178719 0.003611 53.55
1 3427 42.379299 -71.084903 0.034955393244 0.003611 53.55
1 3428 42.379306 -71.084896 0.034965607768 0.003611 53.55
1 3429 42.379314 -71.084888 0.034975822293 0.003611 53.55
1 3430 42.379321 -71.084881 0.034986036817 0.003611 53.55
1 3431 42.379328 -71.084874 0.034996251369 0.003611 53.55
1 3432 42.379335 -71.084867 0.035006465921 0.003611 53.55
1 3433 42.379342 -71.084860 0.035016680473 0.003611 53.55
1 3434 42.379350 -71.084852 0.035026895025 0.003611 53.55
1 3435 42.379357 -71.084845 0.035037109577 0.003611 53.55
1 3436 42.379364 -71.084838 0.035047324153 0.003611 53.55
1 3437 42.379371 -71.084831 0.035057538728 0.003611 53.55
1 3438 42.379379 -71.084823 0.035067753304 0.003611 53.55
1 3439 42.379386 -71.084816 0.035077967879 0.003611 53.55
1 3440 42.379393 -71.084809 0.035088182455 0.003611 53.55
1 3441 42.379400 -71.084802 0.035098397050 0.003611 53.55
1 3442 42.379408 -71.084794 0.035108611645 0.003611 53.55
1 3443 42.379415 -71.084787 0.035118826239 0.003611 53.55
1 3444 42.379422 -71.084780 0.035129040834 0.003611 53.55
1 3445 42.379429 -71.084773 0.035139255429 0.003611 53.55
1 3446 42.379436 -71.084766 0.035149470040 0.003611 53.55
1 3447 42.379444 -71.084758 0.035159684650 0.003611 53.55
1 3448 42.379451 -71.084751 0.035169899260 0.003611 53.55
1 3449 42.379458 -71.084744 0.035180113870 0.003611 53.55
1 3450 42.379465 -71.084737 0.035190328481 0.003611 53.55
1 3451 42.379473 -71.084729 0.035200543102 0.003611 53.55
1 3452 42.379480 -71.084722 0.035210757724 0.003611 53.55
1 3453 42.379487 -71.084715 0.035220972345 0.003611 53.55
1 3454 42.379494 -71.084708 0.035231186966 0.003611 53.55
1 3455 42.379501 -71.084701 0.035241401588 0.003611 53.55
1 3456 42.379509 -71.084693 0.035251616216 0.003611 53.55
1 3457 42.379516 -71.084686 0.035261830845 0.003611 53.55
1 3458 42.379523 -71.084679 0.035272045474 0.003611 53.55
1 3459 42.379530 -71.084672 0.035282260102 0.003611 53.55
1 3460 42.379538 -71.084664 0.035292474731 0.003611 53.55
1 3461 42.379545 -71.084657 0.035302689362 0.003611 53.55
1 3462 42.379552 -71.084650 0.035312903994 0.003611 53.55
1 3463 42.379559 -71.084643 0.035323118626 0.003611 53.55
1 3464 42.379566 -71.084636 0.035333333257 0.003611 53.55
1 3465 42.379574 -71.084628 0.035343547889 0.003611 53.55
1 3466 42.379581 -71.084621 0.035353762519 0.003611 53.55
1 3467 42.379588 -71.084614 0.035363977150 0.003611 53.55
1 3468 42.379595 -71.084607 0.035374191781 0.003611 53.55
1 3469 42.379603 -71.084599 0.035384406411 0.003611 53.55
1 3470 42.379610 -71.084592 0.035394621042 0.003611 53.55
1 3471 42.379617 -71.084585 0.035404835667 0.003611 53.55
1 3472 42.379624 -71.084578 0.035415050292 0.003611 53.55
1 3473 42.379631 -71.084571 0.035425264918 0.003611 53.55
1 3474 42.379639 -71.084563 0.035435479543 0.003611 53.55
1 3475 42.379646 -71.084556 0.035445694168 0.003611 53.55
1 3476 42.379653 -71.084549 0.035455908785 0.003611 53.55
1 3477 42.379660 -71.084542 0.035466123401 0.003611 53.55
1 3478 42.379668 -71.084534 0.035476338017 0.003611 53.55
1 3479 42.379675 -71.084527 0.035486552633 0.003611 53.55
1 3480 42.379682 -71.084520 0.035496767249 0.003611 53.55
1 3481 42.379689 -71.084513 0.035506981852 0.003611 53.55
1 3482 42.379696 -71.084506 0.035517196454 0.003611 53.55
1 3483 42.379704 -71.084498 0.035527411057 0.003611 53.55
1 3484 42.379711 -71.084491 0.035537625660 0.003611 53.55
1 3485 42.379718 -71.084484 0.035547840263 0.003611 53.55
1 3486 42.379725 -71.084477 0.035558054848 0.003611 53.55
1 3487 42.379733 -71.084469 0.035568269433 0.003611 53.55
1 3488 42.379740 -71.084462 0.035578484019 0.003611 53.55
1 3489 42.379747 -71.084455 0.035588698604 0.003611 53.55
1 3490 42.379754 -71.084448 0.035598913189 0.003611 53.55
1 3491 42.379761 -71.084441 0.035609127753 0.003611 53.55
1 3492 42.379769 -71.084433 0.035619342317 0.003611 53.55
1 3493 42.379776 -71.084426 0.035629556880 0.003611 53.55
1 3494 42.379783 -71.084419 0.035639771444 0.003611 53.55
1 3495 42.379790 -71.084412 0.035649986008 0.003611 53.55
1 3496 42.379798 -71.084404 0.035660200546 0.003611 53.55
1 3497 42.379805 -71.084397 0.035670415084 0.003611 53.55
1 3498 42.379812 -71.084390 0.035680629622 0.003611 53.55
1 3499 42.379819 -71.084383 0.035690844160 0.003611 53.55
1 3500 42.379826 -71.084376 0.035701058698 0.003611 53.55
1 3501 42.379834 -71.084368 0.035711273206 0.003611 53.55
1 3502 42.379841 -71.084361 0.035721487715 0.003611 53.55
1 3503 42.379848 -71.084354 0.035731702223 0.003611 53.55
1 3504 42.379855 -71.084347 0.035741916731 0.003611 53.55
1 3505 42.379863 -71.084339 0.035752131240 0.003611 53.55
1 3506 42.379870 -71.084332 0.035762345714 0.003611 53.55
1 3507 42.379877 -71.084325 0.035772560189 0.003611 53.55
1 3508 42.379884 -71.084318 0.035782774663 0.003611 53.55
1 3509 42.379891 -71.084311 0.035792989138 0.003611 53.55
1 3510 42.379899 -71.084303 0.035803203612 0.003611 53.55
1 3511 42.379906 -71.084296 0.035813418049 0.003611 53.55
1 3512 42.379913 -71.084289 0.035823632485 0.003611 53.55
1 3513 42.379920 -71.084282 0.035833846922 0.003611 53.55
1 3514 42.379928 -71.084274 0.035844061358 0.003611 53.55
1 3515 42.379935 -71.084267 0.035854275795 0.003611 53.55
1 3516 42.379942 -71.084260 0.035864490189 0.003611 53.55
1 3517 42.379949 -71.084253 0.035874704584 0.003611 53.55
1 3518 42.379956 -71.084246 0.035884918978 0.003611 53.55
1 3519 42.379964 -71.084238 0.035895133373 0.003611 53.55
1 3520 42.379971 -71.084231 0.035905347767 0.003611 53.55
1 3521 42.379978 -71.084224 0.035915562116 0.003611 53.55
1 3522 42.379985 -71.084217 0.035925776464 0.003611 53.55
1 3523 42.379993 -71.084209 0.035935990812 0.003611 53.55
1 3524 42.380000 -71.084202 0.035946205161 0.003611 53.55
2 3414 42.379205 -71.084997 0.034822605030 0.003611 53.55
2 3415 42.379212 -71.084990 0.034832819447 0.003611 53.55
2 3416 42.379220 -71.084982 0.034843033904 0.003611 53.55
2 3417 42.379227 -71.084975 0.034853248361 0.003611 53.55
2 3418 42.379234 -71.084968 0.034863462818 0.003611 53.55
2 3419 42.379241 -71.084961 0.034873677275 0.003611 53.55
2 3420 42.379249 -71.084953 0.034883891731 0.003611 53.55
2 3421 42.379256 -71.084946 0.034894106224 0.003611 53.55
2 3422 42.379263 -71.084939 0.034904320717 0.003611 53.55
2 3423 42.379270 -71.084932 0.034914535210 0.003611 53.55
2 3424 42.379277 -71.084925 0.034924749702 0.003611 53.55
2 3425 42.379285 -71.084917 0.034934964195 0.003611 53.55
2 3426 42.379292 -71.084910 0.034945178719 0.003611 53.55
2 3427 42.379299 -71.084903 0.034955393244 0.003611 53.55
2 3428 42.379306 -71.084896 0.034965607768 0.003611 53.55
2 3429 42.379314 -71.084888 0.034975822293 0.003611 53.55
2 3430 42.379321 -71.084881 0.034986036817 0.003611 53.55
2 3431 42.379328 -71.084874 0.034996251369 0.003611 53.55
2 3432 42.379335 -71.084867 0.035006465921 0.003611 53.55
2 3433 42.379342 -71.084860 0.035016680473 0.003611 53.55
2 3434 42.379350 -71.084852 0.035026895025 0.003611 53.55
2 3435 42.379357 -71.084845 0.035037109577 0.003611 53.55
2 3436 42.379364 -71.084838 0.035047324153 0.003611 53.55
2 3437 42.379371 -71.084831 0.035057538728 0.003611 53.55
2 3438 42.379379 -71.084823 0.035067753304 0.003611 53.55
2 3439 42.379386 -71.084816 0.035077967879 0.003611 53.55
2 3440 42.379393 -71.084809 0.035088182455 0.003611 53.55
2 3441 42.379400 -71.084802 0.035098397050 0.003611 53.55
2 3442 42.379408 -71.084794 0.035108611645 0.003611 53.55
2 3443 42.379415 -71.084787 0.035118826239 0.003611 53.55
2 3444 42.379422 -71.084780 0.035129040834 0.003611 53.55
2 3445 42.379429 -71.084773 0.035139255429 0.003611 53.55
2 3446 42.379436 -71.084766 0.035149470040 0.003611 53.55
2 3447 42.379444 -71.084758 0.035159684650 0.003611 53.55
2 3448 42.379451 -71.084751 0.035169899260 0.003611 53.55
2 3449 42.379458 -71.084744 0.035180113870 0.003611 53.55
2 3450 42.379465 -71.084737 0.035190328481 0.003611 53.55
2 3451 42.379473 -71.084729 0.035200543102 0.003611 53.55
2 3452 42.379480 -71.084722 0.035210757724 0.003611 53.55
2 3453 42.379487 -71.084715 0.035220972345 0.003611 53.55
2 3454 42.379494 -71.084708 0.035231186966 0.003611 53.55
2 3455 42.379501 -71.084701 0.035241401588 0.003611 53.55
2 3456 42.379509 -71.084693 0.035251616216 0.003611 53.55
2 3457 42.379516 -71.084686 0.035261830845 0.003611 53.55
2 3458 42.379523 -71.084679 0.035272045474 0.003611 53.55
2 3459 42.379530 -71.084672 0.035282260102 0.003611 53.55
2 3460 42.379538 -71.084664 0.035292474731 0.003611 53.55
2 3461 42.379545 -71.084657 0.035302689362 0.003611 53.55
2 3462 42.379552 -71.084650 0.035312903994 0.003611 53.55
2 3463 42.379559 -71.084643 0.035323118626 0.003611 53.55
2 3464 42.379566 -71.084636 0.035333333257 0.003611 53.55
2 3465 42.379574 -71.084628 0.035343547889 0.003611 53.55
2 3466 42.379581 -71.084621 0.035353762519 0.003611 53.55
2 3467 42.379588 -71.084614 0.035363977150 0.003611 53.55
2 3468 42.379595 -71.084607 0.035374191781 0.003611 53.55
2 3469 42.379603 -71.084599 0.035384406411 0.003611 53.55
2 3470 42.379610 -71.084592 0.035394621042 0.003611 53.55
2 3471 42.379617 -71.084585 0.035404835667 0.003611 53.55
2 3472 42.379624 -71.084578 0.035415050292 0.003611 53.55
2 3473 42.379631 -71.084571 0.035425264918 0.003611 53.55
2 3474 42.379639 -71.084563 0.035435479543 0.003611 53.55
2 3475 42.379646 -71.084556 0.035445694168 0.003611 53.55
2 3476 42.379653 -71.084549 0.035455908785 0.003611 53.55
2 3477 42.379660 -71.084542 0.035466123401 0.003611 53.55
2 3478 42.379668 -71.084534 0.035476338017 0.003611 53.55
2 3479 42.379675 -71.084527 0.035486552633 0.003611 53.55
2 3480 42.379682 -71.084520 0.035496767249 0.003611 53.55
2 3481 42.379689 -71.084513 0.035506981852 0.003611 53.55
2 3482 42.379696 -71.084506 0.035517196454 0.003611 53.55
2 3483 42.379704 -71.084498 0.035527411057 0.003611 53.55
2 3484 42.379711 -71.084491 0.035537625660 0.003611 53.55
2 3485 42.379718 -71.084484 0.035547840263 0.003611 53.55
2 3486 42.379725 -71.084477 0.035558054848 0.003611 53.55
2 3487 42.379733 -71.084469 0.035568269433 0.003611 53.55
2 3488 42.379740 -71.084462 0.035578484019 0.003611 53.55
2 3489 42.379747 -71.084455 0.035588698604 0.003611 53.55
2 3490 42.379754 -71.084448 0.035598913189 0.003611 53.55
2 3491 42.379761 -71.084441 0.035609127753 0.003611 53.55
2 3492 42.379769 -71.084433 0.035619342317 0.003611 53.55
2 3493 42.379776 -71.084426 0.035629556880 0.003611 53.55
2 3494 42.379783 -71.084419 0.035639771444 0.003611 53.55
2 3495 42.379790 -71.084412 0.035649986008 0.003611 53.55
2 3496 42.379798 -71.084404 0.035660200546 0.003611 53.55
2 3497 42.379805 -71.084397 0.035670415084 0.003611 53.55
2 3498 42.379812 -71.084390 0.035680629622 0.003611 53.55
2 3499 42.379819 -71.084383 0.035690844160 0.003611 53.55
2 3500 42.379826 -71.084376 0.035701058698 0.003611 53.55
2 3501 42.379834 -71.084368 0.035711273206 0.003611 53.55
2 3502 42.379841 -71.084361 0.035721487715 0.003611 53.55
2 3503 42.379848 -71.084354 0.035731702223 0.003611 53.55
2 3504 42.379855 -71.084347 0.035741916731 0.003611 53.55
2 3505 42.379863 -71.084339 0.035752131240 0.003611 53.55
2 3506 42.379870 -71.084332 0.035762345714 0.003611 53.55
2 3507 42.379877 -71.084325 0.035772560189 0.003611 53.55
2 3508 42.379884 -71.084318 0.035782774663 0.003611 53.55
2 3509 42.379891 -71.084311 0.035792989138 0.003611 53.55
2 3510 42.379899 -71.084303 0.035803203612 0.003611 53.55
2 3511 42.379906 -71.084296 0.035813418049 0.003611 53.55
2 3512 42.379913 -71.084289 0.035823632485 0.003611 53.55
2 3513 42.379920 -71.084282 0.035833846922 0.003611 53.55
2 3514 42.379928 -71.084274 0.035844061358 0.003611 53.55
2 3515 42.379935 -71.084267 0.035854275795 0.003611 53.55
2 3516 42.379942 -71.084260 0.035864490189 0.003611 53.55
2 3517 42.379949 -71.084253 0.035874704584 0.003611 53.55
2 3518 42.379956 -71.084246 0.035884918978 0.003611 53.55
2 3519 42.379964 -71.084238 0.035895133373 0.003611 53.55
2 3520 42.379971 -71.084231 0.035905347767 0.003611 53.55
2 3521 42.379978 -71.084224 0.035915562116 0.003611 53.55
2 3522 42.379985 -71.084217 0.035925776464 0.003611 53.55
2 3523 42.379993 -71.084209 0.035935990812 0.003611 53.55
2 3524 42.380000 -71.084202 0.035946205161 0.003611 53.55
3 3414 42.379205 -71.084997 0.034822605030 0.003611 53.55
3 3415 42.379212 -71.084990 0.034832819447 0.003611 53.55
3 3416 42.379220 -71.084982 0.034843033904 0.003611 53.55
3 3417 42.379227 -71.084975 0.034853248361 0.003611 53.55
3 3418 42.379234 -71.084968 0.034863462818 0.003611 53.55
3 3419 42.379241 -71.084961 0.034873677275 0.003611 53.55
3 3420 42.379249 -71.084953 0.034883891731 0.003611 53.55
3 3421 42.379256 -71.084946 0.034894106224 0.003611 53.55
3 3422 42.379263 -71.084939 0.034904320717 0.003611 53.55
3 3423 42.379270 -71.084932 0.034914535210 0.003611 53.55
3 3424 42.379277 -71.084925 0.034924749702 0.003611 53.55
3 3425 42.379285 -71.084917 0.034934964195 0.003611 53.55
3 3426 42.379292 -71.084910 0.034945178719 0.003611 53.55
3 3427 42.379299 -71.084903 0.034955393244 0.003611 53.55
3 3428 42.379306 -71.084896 0.034965607768 0.003611 53.55
3 3429 42.379314 -71.084888 0.034975822293 0.003611 53.55
3 3430 42.379321 -71.084881 0.034986036817 0.003611 53.55
3 3431 42.379328 -71.084874 0.034996251369 0.003611 53.55
3 3432 42.379335 -71.084867 0.035006465921 0.003611 53.55
3 3433 42.379342 -71.084860 0.035016680473 0.003611 53.55
3 3434 42.379350 -71.084852 0.035026895025 0.003611 53.55
3 3435 42.379357 -71.084845 0.035037109577 0.003611 53.55
3 3436 42.379364 -71.084838 0.035047324153 0.003611 53.55
3 3437 42.379371 -71.084831 0.035057538728 0.003611 53.55
3 3438 42.379379 -71.084823 0.035067753304 0.003611 53.55
3 3439 42.379386 -71.084816 0.035077967879 0.003611 53.55
3 3440 42.379393 -71.084809 0.035088182455 0.003611 53.55
3 3441 42.379400 -71.084802 0.035098397050 0.003611 53.55
3 3442 42.379408 -71.084794 0.035108611645 0.003611 53.55
3 3443 42.379415 -71.084787 0.035118826239 0.003611 53.55
3 3444 42.379422 -71.084780 0.035129040834 0.003611 53.55
3 3445 42.379429 -71.084773 0.035139255429 0.003611 53.55
3 3446 42.379436 -71.084766 0.035149470040 0.003611 53.55
3 3447 42.379444 -71.084758 0.035159684650 0.003611 53.55
3 3448 42.379451 -71.084751 0.035169899260 0.003611 53.55
3 3449 42.379458 -71.084744 0.035180113870 0.003611 53.55
3 3450 42.379465 -71.084737 0.035190328481 0.003611 53.55
3 3451 42.379473 -71.084729 0.035200543102 0.003611 53.55
3 3452 42.379480 -71.084722 0.035210757724 0.003611 53.55
3 3453 42.379487 -71.084715 0.035220972345 0.003611 53.55
3 3454 42.379494 -71.084708 0.035231186966 0.003611 53.55
3 3455 42.379501 -71.084701 0.035241401588 0.003611 53.55
3 3456 42.379509 -71.084693 0.035251616216 0.003611 53.55
3 3457 42.379516 -71.084686 0.035261830845 0.003611 53.55
3 3458 42.379523 -71.084679 0.035272045474 0.003611 53.55
3 3459 42.379530 -71.084672 0.035282260102 0.003611 53.55
3 3460 42.379538 -71.084664 0.035292474731 0.003611 53.55
3 3461 42.379545 -71.084657 0.035302689362 0.003611 53.55
3 3462 42.379552 -71.084650 0.035312903994 0.003611 53.55
3 3463 42.379559 -71.084643 0.035323118626 0.003611 53.55
3 3464 42.379566 -71.084636 0.035333333257 0.003611 53.55
3 3465 42.379574 -71.084628 0.035343547889 0.003611 53.55
3 3466 42.379581 -71.084621 0.035353762519 0.003611 53.55
3 3467 42.379588 -71.084614 0.035363977150 0.003611 53.55
3 3468 42.379595 -71.084607 0.035374191781 0.003611 53.55
3 3469 42.379603 -71.084599 0.035384406411 0.003611 53.55
3 3470 42.379610 -71.084592 0.035394621042 0.003611 53.55
3 3471 42.379617 -71.084585 0.035404835667 0.003611 53.55
3 3472 42.379624 -71.084578 0.035415050292 0.003611 53.55
3 3473 42.379631 -71.084571 0.035425264918 0.003611 53.55
3 3474 42.379639 -71.084563 0.035435479543 0.003611 53.55
3 3475 42.379646 -71.084556 0.035445694168 0.003611 53.55
3 3476 42.379653 -71.084549 0.035455908785 0.003611 53.55
3 3477 42.379660 -71.084542 0.035466123401 0.003611 53.55
3 3478 42.379668 -71.084534 0.035476338017 0.003611 53.55
3 3479 42.379675 -71.084527 0.035486552633 0.003611 53.55
3 3480 42.379682 -71.084520 0.035496767249 0.003611 53.55
3 3481 42.379689 -71.084513 0.035506981852 0.003611 53.55
3 3482 42.379696 -71.084506 0.035517196454 0.003611 53.55
3 3483 42.379704 -71.084498 0.035527411057 0.003611 53.55
3 3484 42.379711 -71.084491 0.035537625660 0.003611 53.55
3 3485 42.379718 -71.084484 0.035547840263 0.003611 53.55
3 3486 42.379725 -71.084477 0.035558054848 0.003611 53.55
3 3487 42.379733 -71.084469 0.035568269433 0.003611 53.55
3 3488 42.379740 -71.084462 0.035578484019 0.003611 53.55
3 3489 42.379747 -71.084455 0.035588698604 0.003611 53.55
3 3490 42.379754 -71.084448 0.035598913189 0.003611 53.55
3 3491 42.379761 -71.084441 0.035609127753 0.003611 53.55
3 3492 42.379769 -71.084433 0.035619342317 0.003611 53.55
3 3493 42.379776 -71.084426 0.035629556880 0.003611 53.55
3 3494 42.379783 -71.084419 0.035639771444 0.003611 53.55
3 3495 42.379790 -71.084412 0.035649986008 0.003611 53.55
3 3496 42.379798 -71.084404 0.035660200546 0.003611 53.55
3 3497 42.379805 -71.084397 0.035670415084 0.003611 53.55
3 3498 42.379812 -71.084390 0.035680629622 0.003611 53.55
3 3499 42.379819 -71.084383 0.035690844160 0.003611 53.55
3 3500 42.379826 -71.084376 0.035701058698 0.003611 53.55
3 3501 42.379834 -71.084368 0.035711273206 0.003611 53.55
3 3502 42.379841 -71.084361 0.035721487715 0.003611 53.55
3 3503 42.379848 -71.084354 0.035731702223 0.003611 53.55
3 3504 42.379855 -71.084347 0.035741916731 0.003611 53.55
3 3505 42.379863 -71.084339 0.035752131240 0.003611 53.55
3 3506 42.379870 -71.084332 0.035762345714 0.003611 53.55
3 3507 42.379877 -71.084325 0.035772560189 0.003611 53.55
3 3508 42.379884 -71.084318 0.035782774663 0.003611 53.55
3 3509 42.379891 -71.084311 0.035792989138 0.003611 53.55
3 3510 42.379899 -71.084303 0.035803203612 0.003611 53.55
3 3511 42.379906 -71.084296 0.035813418049 0.003611 53.55
3 3512 42.379913 -71.084289 0.035823632485 0.003611 53.55
3 3513 42.379920 -71.084282 0.035833846922 0.003611 53.55
3 3514 42.379928 -71.084274 0.035844061358 0.003611 53.55
3 3515 42.379935 -71.084267 0.035854275795 0.003611 53.55
3 3516 42.379942 -71.084260 0.035864490189 0.003611 53.55
3 3517 42.379949 -71.084253 0.035874704584 0.003611 53.55
3 3518 42.379956 -71.084246 0.035884918978 0.003611 53.55
3 3519 42.379964 -71.084238 0.035895133373 0.003611 53.55
3 3520 42.379971 -71.084231 0.035905347767 0.003611 53.55
3 3521 42.379978 -71.084224 0.035915562116 0.003611 53.55
3 3522 42.379985 -71.084217 0.035925776464 0.003611 53.55
3 3523 42.379993 -71.084209 0.035935990812 0.003611 53.55
3 3524 42.380000 -71.084202 0.035946205161 0.003611 53.55
4 3414 42.379205 -71.084997 0.034822605030 0.003611 53.55
4 3415 42.379212 -71.084990 0.034832819447 0.003611 53.55
4 3416 42.379220 -71.084982 0.034843033904 0.003611 53.55
4 3417 42.379227 -71.084975 0.034853248361 0.003611 53.55
4 3418 42.379234 -71.084968 0.034863462818 0.003611 53.55
4 3419 42.379241 -71.084961 0.034873677275 0.003611 53.55
4 3420 42.379249 -71.084953 0.034883891731 0.003611 53.55
4 3421 42.379256 -71.084946 0.034894106224 0.003611 53.55
4 3422 42.379263 -71.084939 0.034904320717 0.003611 53.55
4 3423 42.379270 -71.084932 0.034914535210 0.003611 53.55
4 3424 42.379277 -71.084925 0.034924749702 0.003611 53.55
4 3425 42.379285 -71.084917 0.034934964195 0.003611 53.55
4 3426 42.379292 -71.084910 0.034945178719 0.003611 53.55
4 3427 42.379299 -71.084903 0.034955393244 0.003611 53.55
4 3428 42.379306 -71.084896 0.034965607768 0.003611 53.55
4 3429 42.379314 -71.084888 0.034975822293 0.003611 53.55
4 3430 42.379321 -71.084881 0.034986036817 0.003611 53.55
4 3431 42.379328 -71.084874 0.034996251369 0.003611 53.55
4 3432 42.379335 -71.084867 0.035006465921 0.003611 53.55
4 3433 42.379342 -71.084860 0.035016680473 0.003611 53.55
4 3434 42.379350 -71.084852 0.035026895025 0.003611 53.55
4 3435 42.379357 -71.084845 0.035037109577 0.003611 53.55
4 3436 42.379364 -71.084838 0.035047324153 0.003611 53.55
4 3437 42.379371 -71.084831 0.035057538728 0.003611 53.55
4 3438 42.379379 -71.084823 0.035067753304 0.003611 53.55
4 3439 42.379386 -71.084816 0.035077967879 0.003611 53.55
4 3440 42.379393 -71.084809 0.035088182455 0.003611 53.55
4 3441 42.379400 -71.084802 0.035098397050 0.003611 53.55
4 3442 42.379408 -71.084794 0.035108611645 0.003611 53.55
4 3443 42.379415 -71.084787 0.035118826239 0.003611 53.55
4 3444 42.379422 -71.084780 0.035129040834 0.003611 53.55
4 3445 42.379429 -71.084773 0.035139255429 0.003611 53.55
4 3446 42.379436 -71.084766 0.035149470040 0.003611 53.55
4 3447 42.379444 -71.084758 0.035159684650 0.003611 53.55
4 3448 42.379451 -71.084751 0.035169899260 0.003611 53.55
4 3449 42.379458 -71.084744 0.035180113870 0.003611 53.55
4 3450 42.379465 -71.084737 0.035190328481 0.003611 53.55
4 3451 42.379473 -71.084729 0.035200543102 0.003611 53.55
4 3452 42.379480 -71.084722 0.035210757724 0.003611 53.55
4 3453 42.379487 -71.084715 0.035220972345 0.003611 53.55
4 3454 42.379494 -71.084708 0.035231186966 0.003611 53.55
4 3455 42.379501 -71.084701 0.035241401588 0.003611 53.55
4 3456 42.379509 -71.084693 0.035251616216 0.003611 53.55
4 3457 42.379516 -71.084686 0.035261830845 0.003611 53.55
4 3458 42.379523 -71.084679 0.035272045474 0.003611 53.55
4 3459 42.379530 -71.084672 0.035282260102 0.003611 53.55
4 3460 42.379538 -71.084664 0.035292474731 0.003611 53.55
4 3461 42.379545 -71.084657 0.035302689362 0.003611 53.55
4 3462 42.379552 -71.084650 0.035312903994 0.003611 53.55
4 3463 42.379559 -71.084643 0.035323118626 0.003611 53.55
4 3464 42.379566 -71.084636 0.035333333257 0.003611 53.55
4 3465 42.379574 -71.084628 0.035343547889 0.003611 53.55
4 3466 42.379581 -71.084621 0.035353762519 0.003611 53.55
4 3467 42.379588 -71.084614 0.035363977150 0.003611 53.55
4 3468 42.379595 -71.084607 0.035374191781 0.003611 53.55
4 3469 42.379603 -71.084599 0.035384406411 0.003611 53.55
4 3470 42.379610 -71.084592 0.035394621042 0.003611 53.55
4 3471 42.379617 -71.084585 0.035404835667 0.003611 53.55
4 3472 42.379624 -71.084578 0.035415050292 0.003611 53.55
4 3473 42.379631 -71.084571 0.035425264918 0.003611 53.55
4 3474 42.379639 -71.084563 0.035435479543 0.003611 53.55
4 3475 42.379646 -71.084556 0.035445694168 0.003611 53.55
4 3476 42.379653 -71.084549 0.035455908785 0.003611 53.55
4 3477 42.379660 -71.084542 0.035466123401 0.003611 53.55
4 3478 42.379668 -71.084534 0.035476338017 0.003611 53.55
4 3479 42.379675 -71.084527 0.035486552633 0.003611 53.55
4 3480 42.379682 -71.084520 0.035496767249 0.003611 53.55
4 3481 42.379689 -71.084513 0.035506981852 0.003611 53.55
4 3482 42.379696 -71.084506 0.035517196454 0.003611 53.55
4 3483 42.379704 -71.084498 0.035527411057 0.003611 53.55
4 3484 42.379711 -71.084491 0.035537625660 0.003611 53.55
4 3485 42.379718 -71.084484 0.035547840263 0.003611 53.55
4 3486 42.379725 -71.084477 0.035558054848 0.003611 53.55
4 3487 42.379733 -71.084469 0.035568269433 0.003611 53.55
4 3488 42.379740 -71.084462 0.035578484019 0.003611 53.55
4 3489 42.379747 -71.084455 0.035588698604 0.003611 53.55
4 3490 42.379754 -71.084448 0.035598913189 0.003611 53.55
4 3491 42.379761 -71.084441 0.035609127753 0.003611 53.55
4 3492 42.379769 -71.084433 0.035619342317 0.003611 53.55
4 3493 42.379776 -71.084426 0.035629556880 0.003611 53.55
4 3494 42.379783 -71.084419 0.035639771444 0.003611 53.55
4 3495 42.379790 -71.084412 0.035649986008 0.003611 53.55
4 3496 42.379798 -71.084404 0.035660200546 0.003611 53.55
4 3497 42.379805 -71.084397 0.035670415084 0.003611 53.55
4 3498 42.379812 -71.084390 0.035680629622 0.003611 53.55
4 3499 42.379819 -71.084383 0.035690844160 0.003611 53.55
4 3500 42.379826 -71.084376 0.035701058698 0.003611 53.55
4 3501 42.379834 -71.084368 0.035711273206 0.003611 53.55
4 3502 42.379841 -71.084361 0.035721487715 0.003611 53.55
4 3503 42.379848 -71.084354 0.035731702223 0.003611 53.55
4 3504 42.379855 -71.084347 0.035741916731 0.003611 53.55
4 3505 42.379863 -71.084339 0.035752131240 0.003611 53.55
4 3506 42.379870 -71.084332 0.035762345714 0.003611 53.55
4 3507 42.379877 -71.084325 0.035772560189 0.003611 53.55
4 3508 42.379884 -71.084318 0.035782774663 0.003611 53.55
4 3509 42.379891 -71.084311 0.035792989138 0.003611 53.55
4 3510 42.379899 -71.084303 0.035803203612 0.003611 53.55
4 3511 42.379906 -71.084296 0.035813418049 0.003611 53.55
4 3512 42.379913 -71.084289 0.035823632485 0.003611 53.55
4 3513 42.379920 -71.084282 0.035833846922 0.003611 53.55
4 3514 42.379928 -71.084274 0.035844061358 0.003611 53.55
4 3515 42.379935 -71.084267 0.035854275795 0.003611 53.55
4 3516 42.379942 -71.084260 0.035864490189 0.003611 53.55
4 3517 42.379949 -71.084253 0.035874704584 0.003611 53.55
4 3518 42.379956 -71.084246 0.035884918978 0.003611 53.55
4 3519 42.379964 -71.084238 0.035895133373 0.003611 53.55
4 3520 42.379971 -71.084231 0.035905347767 0.003611 53.55
4 3521 42.379978 -71.084224 0.035915562116 0.003611 53.55
4 3522 42.379985 -71.084217 0.035925776464 0.003611 53.55
4 3523 42.379993 -71.084209 0.035935990812 0.003611 53.55
4 3524 42.380000 -71.084202 0.035946205161 0.003611 53.55
