1 2582 42.373206 -71.090996 0.026338930088 0.003604 53.54
1 2583 42.373214 -71.090988 0.026349122663 0.003604 53.54
1 2584 42.373221 -71.090981 0.026359315237 0.003604 53.54
1 2585 42.373228 -71.090974 0.026369507812 0.003603 53.54
1 2586 42.373235 -71.090967 0.026379699970 0.003603 53.54
1 2587 42.373242 -71.090960 0.026389892129 0.003603 53.54
1 2588 42.373250 -71.090952 0.026400084287 0.003603 53.54
1 2589 42.373257 -71.090945 0.026410276446 0.003603 53.54
1 2590 42.373264 -71.090938 0.026420468604 0.003603 53.54
1 2591 42.373271 -71.090931 0.026430660342 0.003603 53.54
1 2592 42.373278 -71.090924 0.026440852080 0.003603 53.54
1 2593 42.373286 -71.090916 0.026451043818 0.003603 53.54
1 2594 42.373293 -71.090909 0.026461235556 0.003603 53.54
1 2595 42.373300 -71.090902 0.026471427294 0.003603 53.54
1 2596 42.373307 -71.090895 0.026481618608 0.003603 53.54
1 2597 42.373315 -71.090887 0.026491809921 0.003603 53.54
1 2598 42.373322 -71.090880 0.026502001235 0.003603 53.54
1 2599 42.373329 -71.090873 0.026512192549 0.003603 53.54
1 2600 42.373336 -71.090866 0.026522383862 0.003603 53.54
1 2601 42.373343 -71.090859 0.026532574747 0.003603 53.54
1 2602 42.373351 -71.090851 0.026542765632 0.003603 53.54
1 2603 42.373358 -71.090844 0.026552956517 0.003603 53.54
1 2604 42.373365 -71.090837 0.026563147403 0.003603 53.54
1 2605 42.373372 -71.090830 0.026573338288 0.003603 53.54
1 2606 42.373379 -71.090823 0.026583528740 0.003603 53.54
1 2607 42.373387 -71.090815 0.026593719193 0.003603 53.54
1 2608 42.373394 -71.090808 0.026603909645 0.003603 53.54
1 2609 42.373401 -71.090801 0.026614100097 0.003603 53.54
1 2610 42.373408 -71.090794 0.026624290550 0.003603 53.54
1 2611 42.373415 -71.090787 0.026634480566 0.003603 53.54
1 2612 42.373423 -71.090779 0.026644670581 0.003603 53.54
1 2613 42.373430 -71.090772 0.026654860597 0.003603 53.54
1 2614 42.373437 -71.090765 0.026665050613 0.003603 53.54
1 2615 42.373444 -71.090758 0.026675240628 0.003603 53.54
1 2616 42.373451 -71.090751 0.026685430203 0.003603 53.54
1 2617 42.373459 -71.090743 0.026695619778 0.003603 53.54
1 2618 42.373466 -71.090736 0.026705809353 0.003603 53.54
1 2619 42.373473 -71.090729 0.026715998928 0.003603 53.54
1 2620 42.373480 -71.090722 0.026726188502 0.003602 53.54
1 2621 42.373487 -71.090715 0.026736377632 0.003602 53.54
1 2622 42.373495 -71.090707 0.026746566762 0.003602 53.54
1 2623 42.373502 -71.090700 0.026756755892 0.003602 53.54
1 2624 42.373509 -71.090693 0.026766945022 0.003602 53.54
1 2625 42.373516 -71.090686 0.026777134152 0.003602 53.54
1 2626 42.373523 -71.090679 0.026787322833 0.003602 53.54
1 2627 42.373531 -71.090671 0.026797511513 0.003602 53.54
1 2628 42.373538 -71.090664 0.026807700194 0.003602 53.54
1 2629 42.373545 -71.090657 0.026817888875 0.003602 53.54
1 2630 42.373552 -71.090650 0.026828077556 0.003602 53.54
1 2631 42.373559 -71.090643 0.026838265783 0.003602 53.54
1 2632 42.373567 -71.090635 0.026848454011 0.003602 53.54
1 2633 42.373574 -71.090628 0.026858642238 0.003602 53.54
1 2634 42.373581 -71.090621 0.026868830466 0.003602 53.54
1 2635 42.373588 -71.090614 0.026879018694 0.003602 53.54
1 2636 42.373596 -71.090606 0.026889206464 0.003602 53.54
1 2637 42.373603 -71.090599 0.026899394234 0.003602 53.54
1 2638 42.373610 -71.090592 0.026909582005 0.003602 53.54
1 2639 42.373617 -71.090585 0.026919769775 0.003602 53.54
1 2640 42.373624 -71.090578 0.026929957545 0.003602 53.54
1 2641 42.373632 -71.090570 0.026940144854 0.003602 53.54
1 2642 42.373639 -71.090563 0.026950332163 0.003602 53.54
1 2643 42.373646 -71.090556 0.026960519472 0.003602 53.54
1 2644 42.373653 -71.090549 0.026970706781 0.003602 53.54
1 2645 42.373660 -71.090542 0.026980894090 0.003602 53.54
1 2646 42.373668 -71.090534 0.026991080933 0.003602 53.54
1 2647 42.373675 -71.090527 0.027001267776 0.003602 53.54
1 2648 42.373682 -71.090520 0.027011454620 0.003602 53.54
1 2649 42.373689 -71.090513 0.027021641463 0.003602 53.54
1 2650 42.373696 -71.090506 0.027031828307 0.003601 53.54
1 2651 42.373704 -71.090498 0.027042014680 0.003601 53.54
1 2652 42.373711 -71.090491 0.027052201054 0.003601 53.54
1 2653 42.373718 -71.090484 0.027062387428 0.003601 53.54
1 2654 42.373725 -71.090477 0.027072573802 0.003601 53.54
1 2655 42.373732 -71.090470 0.027082760175 0.003601 53.54
1 2656 42.373740 -71.090462 0.027092946075 0.003601 53.54
1 2657 42.373747 -71.090455 0.027103131975 0.003601 53.54
1 2658 42.373754 -71.090448 0.027113317875 0.003601 53.54
1 2659 42.373761 -71.090441 0.027123503775 0.003601 53.54
1 2660 42.373768 -71.090434 0.027133689675 0.003601 53.54
1 2661 42.373776 -71.090426 0.027143875097 0.003601 53.54
1 2662 42.373783 -71.090419 0.027154060520 0.003601 53.54
1 2663 42.373790 -71.090412 0.027164245942 0.003601 53.54
1 2664 42.373797 -71.090405 0.027174431364 0.003601 53.54
1 2665 42.373804 -71.090398 0.027184616786 0.003601 53.54
1 2666 42.373812 -71.090390 0.027194801726 0.003601 53.54
1 2667 42.373819 -71.090383 0.027204986667 0.003601 53.54
1 2668 42.373826 -71.090376 0.027215171607 0.003601 53.54
1 2669 42.373833 -71.090369 0.027225356547 0.003601 53.54
1 2670 42.373840 -71.090362 0.027235541487 0.003601 53.54
1 2671 42.373848 -71.090354 0.027245725941 0.003601 53.54
1 2672 42.373855 -71.090347 0.027255910395 0.003601 53.54
1 2673 42.373862 -71.090340 0.027266094850 0.003601 53.54
1 2674 42.373869 -71.090333 0.027276279304 0.003601 53.54
1 2675 42.373876 -71.090326 0.027286463758 0.003601 53.54
1 2676 42.373884 -71.090318 0.027296647722 0.003601 53.54
1 2677 42.373891 -71.090311 0.027306831686 0.003601 53.54
1 2678 42.373898 -71.090304 0.027317015650 0.003601 53.54
1 2679 42.373905 -71.090297 0.027327199614 0.003601 53.54
1 2680 42.373912 -71.090290 0.027337383578 0.003600 53.54
1 2681 42.373920 -71.090282 0.027347567047 0.003600 53.54
1 2682 42.373927 -71.090275 0.027357750517 0.003600 53.54
1 2683 42.373934 -71.090268 0.027367933987 0.003600 53.54
1 2684 42.373941 -71.090261 0.027378117456 0.003600 53.54
1 2685 42.373948 -71.090254 0.027388300926 0.003600 53.54
1 2686 42.373956 -71.090246 0.027398483897 0.003600 53.54
1 2687 42.373963 -71.090239 0.027408666868 0.003600 53.54
1 2688 42.373970 -71.090232 0.027418849840 0.003600 53.54
1 2689 42.373977 -71.090225 0.027429032811 0.003600 53.54
1 2690 42.373984 -71.090218 0.027439215782 0.003600 53.54
1 2691 42.373992 -71.090210 0.027449398251 0.003600 53.54
1 2692 42.373999 -71.090203 0.027459580720 0.003600 53.54
2 2582 42.373206 -71.090996 0.026338930088 0.003604 53.54
2 2583 42.373214 -71.090988 0.026349122663 0.003604 53.54
2 2584 42.373221 -71.090981 0.026359315237 0.003604 53.54
2 2585 42.373228 -71.090974 0.026369507812 0.003603 53.54
2 2586 42.373235 -71.090967 0.026379699970 0.003603 53.54
2 2587 42.373242 -71.090960 0.026389892129 0.003603 53.54
2 2588 42.373250 -71.090952 0.026400084287 0.003603 53.54
2 2589 42.373257 -71.090945 0.026410276446 0.003603 53.54
2 2590 42.373264 -71.090938 0.026420468604 0.003603 53.54
2 2591 42.373271 -71.090931 0.026430660342 0.003603 53.54
2 2592 42.373278 -71.090924 0.026440852080 0.003603 53.54
2 2593 42.373286 -71.090916 0.026451043818 0.003603 53.54
2 2594 42.373293 -71.090909 0.026461235556 0.003603 53.54
2 2595 42.373300 -71.090902 0.026471427294 0.003603 53.54
2 2596 42.373307 -71.090895 0.026481618608 0.003603 53.54
2 2597 42.373315 -71.090887 0.026491809921 0.003603 53.54
2 2598 42.373322 -71.090880 0.026502001235 0.003603 53.54
2 2599 42.373329 -71.090873 0.026512192549 0.003603 53.54
2 2600 42.373336 -71.090866 0.026522383862 0.003603 53.54
2 2601 42.373343 -71.090859 0.026532574747 0.003603 53.54
2 2602 42.373351 -71.090851 0.026542765632 0.003603 53.54
2 2603 42.373358 -71.090844 0.026552956517 0.003603 53.54
2 2604 42.373365 -71.090837 0.026563147403 0.003603 53.54
2 2605 42.373372 -71.090830 0.026573338288 0.003603 53.54
2 2606 42.373379 -71.090823 0.026583528740 0.003603 53.54
2 2607 42.373387 -71.090815 0.026593719193 0.003603 53.54
2 2608 42.373394 -71.090808 0.026603909645 0.003603 53.54
2 2609 42.373401 -71.090801 0.026614100097 0.003603 53.54
2 2610 42.373408 -71.090794 0.026624290550 0.003603 53.54
2 2611 42.373415 -71.090787 0.026634480566 0.003603 53.54
2 2612 42.373423 -71.090779 0.026644670581 0.003603 53.54
2 2613 42.373430 -71.090772 0.026654860597 0.003603 53.54
2 2614 42.373437 -71.090765 0.026665050613 0.003603 53.54
2 2615 42.373444 -71.090758 0.026675240628 0.003603 53.54
2 2616 42.373451 -71.090751 0.026685430203 0.003603 53.54
2 2617 42.373459 -71.090743 0.026695619778 0.003603 53.54
2 2618 42.373466 -71.090736 0.026705809353 0.003603 53.54
2 2619 42.373473 -71.090729 0.026715998928 0.003603 53.54
2 2620 42.373480 -71.090722 0.026726188502 0.003602 53.54
2 2621 42.373487 -71.090715 0.026736377632 0.003602 53.54
2 2622 42.373495 -71.090707 0.026746566762 0.003602 53.54
2 2623 42.373502 -71.090700 0.026756755892 0.003602 53.54
2 2624 42.373509 -71.090693 0.026766945022 0.003602 53.54
2 2625 42.373516 -71.090686 0.026777134152 0.003602 53.54
2 2626 42.373523 -71.090679 0.026787322833 0.003602 53.54
2 2627 42.373531 -71.090671 0.026797511513 0.003602 53.54
2 2628 42.373538 -71.090664 0.026807700194 0.003602 53.54
2 2629 42.373545 -71.090657 0.026817888875 0.003602 53.54
2 2630 42.373552 -71.090650 0.026828077556 0.003602 53.54
2 2631 42.373559 -71.090643 0.026838265783 0.003602 53.54
2 2632 42.373567 -71.090635 0.026848454011 0.003602 53.54
2 2633 42.373574 -71.090628 0.026858642238 0.003602 53.54
2 2634 42.373581 -71.090621 0.026868830466 0.003602 53.54
2 2635 42.373588 -71.090614 0.026879018694 0.003602 53.54
2 2636 42.373596 -71.090606 0.026889206464 0.003602 53.54
2 2637 42.373603 -71.090599 0.026899394234 0.003602 53.54
2 2638 42.373610 -71.090592 0.026909582005 0.003602 53.54
2 2639 42.373617 -71.090585 0.026919769775 0.003602 53.54
2 2640 42.373624 -71.090578 0.026929957545 0.003602 53.54
2 2641 42.373632 -71.090570 0.026940144854 0.003602 53.54
2 2642 42.373639 -71.090563 0.026950332163 0.003602 53.54
2 2643 42.373646 -71.090556 0.026960519472 0.003602 53.54
2 2644 42.373653 -71.090549 0.026970706781 0.003602 53.54
2 2645 42.373660 -71.090542 0.026980894090 0.003602 53.54
2 2646 42.373668 -71.090534 0.026991080933 0.003602 53.54
2 2647 42.373675 -71.090527 0.027001267776 0.003602 53.54
2 2648 42.373682 -71.090520 0.027011454620 0.003602 53.54
2 2649 42.373689 -71.090513 0.027021641463 0.003602 53.54
2 2650 42.373696 -71.090506 0.027031828307 0.003601 53.54
2 2651 42.373704 -71.090498 0.027042014680 0.003601 53.54
2 2652 42.373711 -71.090491 0.027052201054 0.003601 53.54
2 2653 42.373718 -71.090484 0.027062387428 0.003601 53.54
2 2654 42.373725 -71.090477 0.027072573802 0.003601 53.54
2 2655 42.373732 -71.090470 0.027082760175 0.003601 53.54
2 2656 42.373740 -71.090462 0.027092946075 0.003601 53.54
2 2657 42.373747 -71.090455 0.027103131975 0.003601 53.54
2 2658 42.373754 -71.090448 0.027113317875 0.003601 53.54
2 2659 42.373761 -71.090441 0.027123503775 0.003601 53.54
2 2660 42.373768 -71.090434 0.027133689675 0.003601 53.54
2 2661 42.373776 -71.090426 0.027143875097 0.003601 53.54
2 2662 42.373783 -71.090419 0.027154060520 0.003601 53.54
2 2663 42.373790 -71.090412 0.027164245942 0.003601 53.54
2 2664 42.373797 -71.090405 0.027174431364 0.003601 53.54
2 2665 42.373804 -71.090398 0.027184616786 0.003601 53.54
2 2666 42.373812 -71.090390 0.027194801726 0.003601 53.54
2 2667 42.373819 -71.090383 0.027204986667 0.003601 53.54
2 2668 42.373826 -71.090376 0.027215171607 0.003601 53.54
2 2669 42.373833 -71.090369 0.027225356547 0.003601 53.54
2 2670 42.373840 -71.090362 0.027235541487 0.003601 53.54
2 2671 42.373848 -71.090354 0.027245725941 0.003601 53.54
2 2672 42.373855 -71.090347 0.027255910395 0.003601 53.54
2 2673 42.373862 -71.090340 0.027266094850 0.003601 53.54
2 2674 42.373869 -71.090333 0.027276279304 0.003601 53.54
2 2675 42.373876 -71.090326 0.027286463758 0.003601 53.54
2 2676 42.373884 -71.090318 0.027296647722 0.003601 53.54
2 2677 42.373891 -71.090311 0.027306831686 0.003601 53.54
2 2678 42.373898 -71.090304 0.027317015650 0.003601 53.54
2 2679 42.373905 -71.090297 0.027327199614 0.003601 53.54
2 2680 42.373912 -71.090290 0.027337383578 0.003600 53.54
2 2681 42.373920 -71.090282 0.027347567047 0.003600 53.54
2 2682 42.373927 -71.090275 0.027357750517 0.003600 53.54
2 2683 42.373934 -71.090268 0.027367933987 0.003600 53.54
2 2684 42.373941 -71.090261 0.027378117456 0.003600 53.54
2 2685 42.373948 -71.090254 0.027388300926 0.003600 53.54
2 2686 42.373956 -71.090246 0.027398483897 0.003600 53.54
2 2687 42.373963 -71.090239 0.027408666868 0.003600 53.54
2 2688 42.373970 -71.090232 0.027418849840 0.003600 53.54
2 2689 42.373977 -71.090225 0.027429032811 0.003600 53.54
2 2690 42.373984 -71.090218 0.027439215782 0.003600 53.54
2 2691 42.373992 -71.090210 0.027449398251 0.003600 53.54
2 2692 42.373999 -71.090203 0.027459580720 0.003600 53.54
3 2582 42.373206 -71.090996 0.026338930088 0.003604 53.54
3 2583 42.373214 -71.090988 0.026349122663 0.003604 53.54
3 2584 42.373221 -71.090981 0.026359315237 0.003604 53.54
3 2585 42.373228 -71.090974 0.026369507812 0.003603 53.54
3 2586 42.373235 -71.090967 0.026379699970 0.003603 53.54
3 2587 42.373242 -71.090960 0.026389892129 0.003603 53.54
3 2588 42.373250 -71.090952 0.026400084287 0.003603 53.54
3 2589 42.373257 -71.090945 0.026410276446 0.003603 53.54
3 2590 42.373264 -71.090938 0.026420468604 0.003603 53.54
3 2591 42.373271 -71.090931 0.026430660342 0.003603 53.54
3 2592 42.373278 -71.090924 0.026440852080 0.003603 53.54
3 2593 42.373286 -71.090916 0.026451043818 0.003603 53.54
3 2594 42.373293 -71.090909 0.026461235556 0.003603 53.54
3 2595 42.373300 -71.090902 0.026471427294 0.003603 53.54
3 2596 42.373307 -71.090895 0.026481618608 0.003603 53.54
3 2597 42.373315 -71.090887 0.026491809921 0.003603 53.54
3 2598 42.373322 -71.090880 0.026502001235 0.003603 53.54
3 2599 42.373329 -71.090873 0.026512192549 0.003603 53.54
3 2600 42.373336 -71.090866 0.026522383862 0.003603 53.54
3 2601 42.373343 -71.090859 0.026532574747 0.003603 53.54
3 2602 42.373351 -71.090851 0.026542765632 0.003603 53.54
3 2603 42.373358 -71.090844 0.026552956517 0.003603 53.54
3 2604 42.373365 -71.090837 0.026563147403 0.003603 53.54
3 2605 42.373372 -71.090830 0.026573338288 0.003603 53.54
3 2606 42.373379 -71.090823 0.026583528740 0.003603 53.54
3 2607 42.373387 -71.090815 0.026593719193 0.003603 53.54
3 2608 42.373394 -71.090808 0.026603909645 0.003603 53.54
3 2609 42.373401 -71.090801 0.026614100097 0.003603 53.54
3 2610 42.373408 -71.090794 0.026624290550 0.003603 53.54
3 2611 42.373415 -71.090787 0.026634480566 0.003603 53.54
3 2612 42.373423 -71.090779 0.026644670581 0.003603 53.54
3 2613 42.373430 -71.090772 0.026654860597 0.003603 53.54
3 2614 42.373437 -71.090765 0.026665050613 0.003603 53.54
3 2615 42.373444 -71.090758 0.026675240628 0.003603 53.54
3 2616 42.373451 -71.090751 0.026685430203 0.003603 53.54
3 2617 42.373459 -71.090743 0.026695619778 0.003603 53.54
3 2618 42.373466 -71.090736 0.026705809353 0.003603 53.54
3 2619 42.373473 -71.090729 0.026715998928 0.003603 53.54
3 2620 42.373480 -71.090722 0.026726188502 0.003602 53.54
3 2621 42.373487 -71.090715 0.026736377632 0.003602 53.54
3 2622 42.373495 -71.090707 0.026746566762 0.003602 53.54
3 2623 42.373502 -71.090700 0.026756755892 0.003602 53.54
3 2624 42.373509 -71.090693 0.026766945022 0.003602 53.54
3 2625 42.373516 -71.090686 0.026777134152 0.003602 53.54
3 2626 42.373523 -71.090679 0.026787322833 0.003602 53.54
3 2627 42.373531 -71.090671 0.026797511513 0.003602 53.54
3 2628 42.373538 -71.090664 0.026807700194 0.003602 53.54
3 2629 42.373545 -71.090657 0.026817888875 0.003602 53.54
3 2630 42.373552 -71.090650 0.026828077556 0.003602 53.54
3 2631 42.373559 -71.090643 0.026838265783 0.003602 53.54
3 2632 42.373567 -71.090635 0.026848454011 0.003602 53.54
3 2633 42.373574 -71.090628 0.026858642238 0.003602 53.54
3 2634 42.373581 -71.090621 0.026868830466 0.003602 53.54
3 2635 42.373588 -71.090614 0.026879018694 0.003602 53.54
3 2636 42.373596 -71.090606 0.026889206464 0.003602 53.54
3 2637 42.373603 -71.090599 0.026899394234 0.003602 53.54
3 2638 42.373610 -71.090592 0.026909582005 0.003602 53.54
3 2639 42.373617 -71.090585 0.026919769775 0.003602 53.54
3 2640 42.373624 -71.090578 0.026929957545 0.003602 53.54
3 2641 42.373632 -71.090570 0.026940144854 0.003602 53.54
3 2642 42.373639 -71.090563 0.026950332163 0.003602 53.54
3 2643 42.373646 -71.090556 0.026960519472 0.003602 53.54
3 2644 42.373653 -71.090549 0.026970706781 0.003602 53.54
3 2645 42.373660 -71.090542 0.026980894090 0.003602 53.54
3 2646 42.373668 -71.090534 0.026991080933 0.003602 53.54
3 2647 42.373675 -71.090527 0.027001267776 0.003602 53.54
3 2648 42.373682 -71.090520 0.027011454620 0.003602 53.54
3 2649 42.373689 -71.090513 0.027021641463 0.003602 53.54
3 2650 42.373696 -71.090506 0.027031828307 0.003601 53.54
3 2651 42.373704 -71.090498 0.027042014680 0.003601 53.54
3 2652 42.373711 -71.090491 0.027052201054 0.003601 53.54
3 2653 42.373718 -71.090484 0.027062387428 0.003601 53.54
3 2654 42.373725 -71.090477 0.027072573802 0.003601 53.54
3 2655 42.373732 -71.090470 0.027082760175 0.003601 53.54
3 2656 42.373740 -71.090462 0.027092946075 0.003601 53.54
3 2657 42.373747 -71.090455 0.027103131975 0.003601 53.54
3 2658 42.373754 -71.090448 0.027113317875 0.003601 53.54
3 2659 42.373761 -71.090441 0.027123503775 0.003601 53.54
3 2660 42.373768 -71.090434 0.027133689675 0.003601 53.54
3 2661 42.373776 -71.090426 0.027143875097 0.003601 53.54
3 2662 42.373783 -71.090419 0.027154060520 0.003601 53.54
3 2663 42.373790 -71.090412 0.027164245942 0.003601 53.54
3 2664 42.373797 -71.090405 0.027174431364 0.003601 53.54
3 2665 42.373804 -71.090398 0.027184616786 0.003601 53.54
3 2666 42.373812 -71.090390 0.027194801726 0.003601 53.54
3 2667 42.373819 -71.090383 0.027204986667 0.003601 53.54
3 2668 42.373826 -71.090376 0.027215171607 0.003601 53.54
3 2669 42.373833 -71.090369 0.027225356547 0.003601 53.54
3 2670 42.373840 -71.090362 0.027235541487 0.003601 53.54
3 2671 42.373848 -71.090354 0.027245725941 0.003601 53.54
3 2672 42.373855 -71.090347 0.027255910395 0.003601 53.54
3 2673 42.373862 -71.090340 0.027266094850 0.003601 53.54
3 2674 42.373869 -71.090333 0.027276279304 0.003601 53.54
3 2675 42.373876 -71.090326 0.027286463758 0.003601 53.54
3 2676 42.373884 -71.090318 0.027296647722 0.003601 53.54
3 2677 42.373891 -71.090311 0.027306831686 0.003601 53.54
3 2678 42.373898 -71.090304 0.027317015650 0.003601 53.54
3 2679 42.373905 -71.090297 0.027327199614 0.003601 53.54
3 2680 42.373912 -71.090290 0.027337383578 0.003600 53.54
3 2681 42.373920 -71.090282 0.027347567047 0.003600 53.54
3 2682 42.373927 -71.090275 0.027357750517 0.003600 53.54
3 2683 42.373934 -71.090268 0.027367933987 0.003600 53.54
3 2684 42.373941 -71.090261 0.027378117456 0.003600 53.54
3 2685 42.373948 -71.090254 0.027388300926 0.003600 53.54
3 2686 42.373956 -71.090246 0.027398483897 0.003600 53.54
3 2687 42.373963 -71.090239 0.027408666868 0.003600 53.54
3 2688 42.373970 -71.090232 0.027418849840 0.003600 53.54
3 2689 42.373977 -71.090225 0.027429032811 0.003600 53.54
3 2690 42.373984 -71.090218 0.027439215782 0.003600 53.54
3 2691 42.373992 -71.090210 0.027449398251 0.003600 53.54
3 2692 42.373999 -71.090203 0.027459580720 0.003600 53.54
4 2582 42.373206 -71.090996 0.026338930088 0.003604 53.54
4 2583 42.373214 -71.090988 0.026349122663 0.003604 53.54
4 2584 42.373221 -71.090981 0.026359315237 0.003604 53.54
4 2585 42.373228 -71.090974 0.026369507812 0.003603 53.54
4 2586 42.373235 -71.090967 0.026379699970 0.003603 53.54
4 2587 42.373242 -71.090960 0.026389892129 0.003603 53.54
4 2588 42.373250 -71.090952 0.026400084287 0.003603 53.54
4 2589 42.373257 -71.090945 0.026410276446 0.003603 53.54
4 2590 42.373264 -71.090938 0.026420468604 0.003603 53.54
4 2591 42.373271 -71.090931 0.026430660342 0.003603 53.54
4 2592 42.373278 -71.090924 0.026440852080 0.003603 53.54
4 2593 42.373286 -71.090916 0.026451043818 0.003603 53.54
4 2594 42.373293 -71.090909 0.026461235556 0.003603 53.54
4 2595 42.373300 -71.090902 0.026471427294 0.003603 53.54
4 2596 42.373307 -71.090895 0.026481618608 0.003603 53.54
4 2597 42.373315 -71.090887 0.026491809921 0.003603 53.54
4 2598 42.373322 -71.090880 0.026502001235 0.003603 53.54
4 2599 42.373329 -71.090873 0.026512192549 0.003603 53.54
4 2600 42.373336 -71.090866 0.026522383862 0.003603 53.54
4 2601 42.373343 -71.090859 0.026532574747 0.003603 53.54
4 2602 42.373351 -71.090851 0.026542765632 0.003603 53.54
4 2603 42.373358 -71.090844 0.026552956517 0.003603 53.54
4 2604 42.373365 -71.090837 0.026563147403 0.003603 53.54
4 2605 42.373372 -71.090830 0.026573338288 0.003603 53.54
4 2606 42.373379 -71.090823 0.026583528740 0.003603 53.54
4 2607 42.373387 -71.090815 0.026593719193 0.003603 53.54
4 2608 42.373394 -71.090808 0.026603909645 0.003603 53.54
4 2609 42.373401 -71.090801 0.026614100097 0.003603 53.54
4 2610 42.373408 -71.090794 0.026624290550 0.003603 53.54
4 2611 42.373415 -71.090787 0.026634480566 0.003603 53.54
4 2612 42.373423 -71.090779 0.026644670581 0.003603 53.54
4 2613 42.373430 -71.090772 0.026654860597 0.003603 53.54
4 2614 42.373437 -71.090765 0.026665050613 0.003603 53.54
4 2615 42.373444 -71.090758 0.026675240628 0.003603 53.54
4 2616 42.373451 -71.090751 0.026685430203 0.003603 53.54
4 2617 42.373459 -71.090743 0.026695619778 0.003603 53.54
4 2618 42.373466 -71.090736 0.026705809353 0.003603 53.54
4 2619 42.373473 -71.090729 0.026715998928 0.003603 53.54
4 2620 42.373480 -71.090722 0.026726188502 0.003602 53.54
4 2621 42.373487 -71.090715 0.026736377632 0.003602 53.54
4 2622 42.373495 -71.090707 0.026746566762 0.003602 53.54
4 2623 42.373502 -71.090700 0.026756755892 0.003602 53.54
4 2624 42.373509 -71.090693 0.026766945022 0.003602 53.54
4 2625 42.373516 -71.090686 0.026777134152 0.003602 53.54
4 2626 42.373523 -71.090679 0.026787322833 0.003602 53.54
4 2627 42.373531 -71.090671 0.026797511513 0.003602 53.54
4 2628 42.373538 -71.090664 0.026807700194 0.003602 53.54
4 2629 42.373545 -71.090657 0.026817888875 0.003602 53.54
4 2630 42.373552 -71.090650 0.026828077556 0.003602 53.54
4 2631 42.373559 -71.090643 0.026838265783 0.003602 53.54
4 2632 42.373567 -71.090635 0.026848454011 0.003602 53.54
4 2633 42.373574 -71.090628 0.026858642238 0.003602 53.54
4 2634 42.373581 -71.090621 0.026868830466 0.003602 53.54
4 2635 42.373588 -71.090614 0.026879018694 0.003602 53.54
4 2636 42.373596 -71.090606 0.026889206464 0.003602 53.54
4 2637 42.373603 -71.090599 0.026899394234 0.003602 53.54
4 2638 42.373610 -71.090592 0.026909582005 0.003602 53.54
4 2639 42.373617 -71.090585 0.026919769775 0.003602 53.54
4 2640 42.373624 -71.090578 0.026929957545 0.003602 53.54
4 2641 42.373632 -71.090570 0.026940144854 0.003602 53.54
4 2642 42.373639 -71.090563 0.026950332163 0.003602 53.54
4 2643 42.373646 -71.090556 0.026960519472 0.003602 53.54
4 2644 42.373653 -71.090549 0.026970706781 0.003602 53.54
4 2645 42.373660 -71.090542 0.026980894090 0.003602 53.54
4 2646 42.373668 -71.090534 0.026991080933 0.003602 53.54
4 2647 42.373675 -71.090527 0.027001267776 0.003602 53.54
4 2648 42.373682 -71.090520 0.027011454620 0.003602 53.54
4 2649 42.373689 -71.090513 0.027021641463 0.003602 53.54
4 2650 42.373696 -71.090506 0.027031828307 0.003601 53.54
4 2651 42.373704 -71.090498 0.027042014680 0.003601 53.54
4 2652 42.373711 -71.090491 0.027052201054 0.003601 53.54
4 2653 42.373718 -71.090484 0.027062387428 0.003601 53.54
4 2654 42.373725 -71.090477 0.027072573802 0.003601 53.54
4 2655 42.373732 -71.090470 0.027082760175 0.003601 53.54
4 2656 42.373740 -71.090462 0.027092946075 0.003601 53.54
4 2657 42.373747 -71.090455 0.027103131975 0.003601 53.54
4 2658 42.373754 -71.090448 0.027113317875 0.003601 53.54
4 2659 42.373761 -71.090441 0.027123503775 0.003601 53.54
4 2660 42.373768 -71.090434 0.027133689675 0.003601 53.54
4 2661 42.373776 -71.090426 0.027143875097 0.003601 53.54
4 2662 42.373783 -71.090419 0.027154060520 0.003601 53.54
4 2663 42.373790 -71.090412 0.027164245942 0.003601 53.54
4 2664 42.373797 -71.090405 0.027174431364 0.003601 53.54
4 2665 42.373804 -71.090398 0.027184616786 0.003601 53.54
4 2666 42.373812 -71.090390 0.027194801726 0.003601 53.54
4 2667 42.373819 -71.090383 0.027204986667 0.003601 53.54
4 2668 42.373826 -71.090376 0.027215171607 0.003601 53.54
4 2669 42.373833 -71.090369 0.027225356547 0.003601 53.54
4 2670 42.373840 -71.090362 0.027235541487 0.003601 53.54
4 2671 42.373848 -71.090354 0.027245725941 0.003601 53.54
4 2672 42.373855 -71.090347 0.027255910395 0.003601 53.54
4 2673 42.373862 -71.090340 0.027266094850 0.003601 53.54
4 2674 42.373869 -71.090333 0.027276279304 0.003601 53.54
4 2675 42.373876 -71.090326 0.027286463758 0.003601 53.54
4 2676 42.373884 -71.090318 0.027296647722 0.003601 53.54
4 2677 42.373891 -71.090311 0.027306831686 0.003601 53.54
4 2678 42.373898 -71.090304 0.027317015650 0.003601 53.54
4 2679 42.373905 -71.090297 0.027327199614 0.003601 53.54
4 2680 42.373912 -71.090290 0.027337383578 0.003600 53.54
4 2681 42.373920 -71.090282 0.027347567047 0.003600 53.54
4 2682 42.373927 -71.090275 0.027357750517 0.003600 53.54
4 2683 42.373934 -71.090268 0.027367933987 0.003600 53.54
4 2684 42.373941 -71.090261 0.027378117456 0.003600 53.54
4 2685 42.373948 -71.090254 0.027388300926 0.003600 53.54
4 2686 42.373956 -71.090246 0.027398483897 0.003600 53.54
4 2687 42.373963 -71.090239 0.027408666868 0.003600 53.54
4 2688 42.373970 -71.090232 0.027418849840 0.003600 53.54
4 2689 42.373977 -71.090225 0.027429032811 0.003600 53.54
4 2690 42.373984 -71.090218 0.027439215782 0.003600 53.54
4 2691 42.373992 -71.090210 0.027449398251 0.003600 53.54
4 2692 42.373999 -71.090203 0.027459580720 0.003600 53.54
