1 3248 42.378006 -71.086196 0.033127246945 0.003610 53.55
1 3249 42.378014 -71.086188 0.033137457747 0.003610 53.55
1 3250 42.378021 -71.086181 0.033147668549 0.003610 53.55
1 3251 42.378028 -71.086174 0.033157879526 0.003610 53.55
1 3252 42.378035 -71.086167 0.033168090503 0.003610 53.55
1 3253 42.378043 -71.086159 0.033178301480 0.003610 53.55
1 3254 42.378050 -71.086152 0.033188512457 0.003610 53.55
1 3255 42.378057 -71.086145 0.033198723434 0.003610 53.55
1 3256 42.378064 -71.086138 0.033208934582 0.003610 53.55
1 3257 42.378071 -71.086131 0.033219145730 0.003610 53.55
1 3258 42.378079 -71.086123 0.033229356878 0.003610 53.55
1 3259 42.378086 -71.086116 0.033239568026 0.003610 53.55
1 3260 42.378093 -71.086109 0.033249779174 0.003610 53.55
1 3261 42.378100 -71.086102 0.033259990489 0.003610 53.55
1 3262 42.378108 -71.086094 0.033270201804 0.003610 53.55
1 3263 42.378115 -71.086087 0.033280413119 0.003610 53.55
1 3264 42.378122 -71.086080 0.033290624434 0.003610 53.55
1 3265 42.378129 -71.086073 0.033300835749 0.003610 53.55
1 3266 42.378136 -71.086066 0.033311047227 0.003610 53.55
1 3267 42.378144 -71.086058 0.033321258705 0.003610 53.55
1 3268 42.378151 -71.086051 0.033331470183 0.003610 53.55
1 3269 42.378158 -71.086044 0.033341681660 0.003610 53.55
1 3270 42.378165 -71.086037 0.033351893138 0.003610 53.55
1 3271 42.378173 -71.086029 0.033362104775 0.003610 53.55
1 3272 42.378180 -71.086022 0.033372316411 0.003610 53.55
1 3273 42.378187 -71.086015 0.033382528048 0.003610 53.55
1 3274 42.378194 -71.086008 0.033392739684 0.003610 53.55
1 3275 42.378201 -71.086001 0.033402951321 0.003610 53.55
2 3248 42.378006 -71.086196 0.033127246945 0.003610 53.55
2 3249 42.378014 -71.086188 0.033137457747 0.003610 53.55
2 3250 42.378021 -71.086181 0.033147668549 0.003610 53.55
2 3251 42.378028 -71.086174 0.033157879526 0.003610 53.55
2 3252 42.378035 -71.086167 0.033168090503 0.003610 53.55
2 3253 42.378043 -71.086159 0.033178301480 0.003610 53.55
2 3254 42.378050 -71.086152 0.033188512457 0.003610 53.55
2 3255 42.378057 -71.086145 0.033198723434 0.003610 53.55
2 3256 42.378064 -71.086138 0.033208934582 0.003610 53.55
2 3257 42.378071 -71.086131 0.033219145730 0.003610 53.55
2 3258 42.378079 -71.086123 0.033229356878 0.003610 53.55
2 3259 42.378086 -71.086116 0.033239568026 0.003610 53.55
2 3260 42.378093 -71.086109 0.033249779174 0.003610 53.55
2 3261 42.378100 -71.086102 0.033259990489 0.003610 53.55
2 3262 42.378108 -71.086094 0.033270201804 0.003610 53.55
2 3263 42.378115 -71.086087 0.033280413119 0.003610 53.55
2 3264 42.378122 -71.086080 0.033290624434 0.003610 53.55
2 3265 42.378129 -71.086073 0.033300835749 0.003610 53.55
2 3266 42.378136 -71.086066 0.033311047227 0.003610 53.55
2 3267 42.378144 -71.086058 0.033321258705 0.003610 53.55
2 3268 42.378151 -71.086051 0.033331470183 0.003610 53.55
2 3269 42.378158 -71.086044 0.033341681660 0.003610 53.55
2 3270 42.378165 -71.086037 0.033351893138 0.003610 53.55
2 3271 42.378173 -71.086029 0.033362104775 0.003610 53.55
2 3272 42.378180 -71.086022 0.033372316411 0.003610 53.55
2 3273 42.378187 -71.086015 0.033382528048 0.003610 53.55
2 3274 42.378194 -71.086008 0.033392739684 0.003610 53.55
2 3275 42.378201 -71.086001 0.033402951321 0.003610 53.55
3 3248 42.378006 -71.086196 0.033127246945 0.003610 53.55
3 3249 42.378014 -71.086188 0.033137457747 0.003610 53.55
3 3250 42.378021 -71.086181 0.033147668549 0.003610 53.55
3 3251 42.378028 -71.086174 0.033157879526 0.003610 53.55
3 3252 42.378035 -71.086167 0.033168090503 0.003610 53.55
3 3253 42.378043 -71.086159 0.033178301480 0.003610 53.55
3 3254 42.378050 -71.086152 0.033188512457 0.003610 53.55
3 3255 42.378057 -71.086145 0.033198723434 0.003610 53.55
3 3256 42.378064 -71.086138 0.033208934582 0.003610 53.55
3 3257 42.378071 -71.086131 0.033219145730 0.003610 53.55
3 3258 42.378079 -71.086123 0.033229356878 0.003610 53.55
3 3259 42.378086 -71.086116 0.033239568026 0.003610 53.55
3 3260 42.378093 -71.086109 0.033249779174 0.003610 53.55
3 3261 42.378100 -71.086102 0.033259990489 0.003610 53.55
3 3262 42.378108 -71.086094 0.033270201804 0.003610 53.55
3 3263 42.378115 -71.086087 0.033280413119 0.003610 53.55
3 3264 42.378122 -71.086080 0.033290624434 0.003610 53.55
3 3265 42.378129 -71.086073 0.033300835749 0.003610 53.55
3 3266 42.378136 -71.086066 0.033311047227 0.003610 53.55
3 3267 42.378144 -71.086058 0.033321258705 0.003610 53.55
3 3268 42.378151 -71.086051 0.033331470183 0.003610 53.55
3 3269 42.378158 -71.086044 0.033341681660 0.003610 53.55
3 3270 42.378165 -71.086037 0.033351893138 0.003610 53.55
3 3271 42.378173 -71.086029 0.033362104775 0.003610 53.55
3 3272 42.378180 -71.086022 0.033372316411 0.003610 53.55
3 3273 42.378187 -71.086015 0.033382528048 0.003610 53.55
3 3274 42.378194 -71.086008 0.033392739684 0.003610 53.55
3 3275 42.378201 -71.086001 0.033402951321 0.003610 53.55
4 3248 42.378006 -71.086196 0.033127246945 0.003610 53.55
4 3249 42.378014 -71.086188 0.033137457747 0.003610 53.55
4 3250 42.378021 -71.086181 0.033147668549 0.003610 53.55
4 3251 42.378028 -71.086174 0.033157879526 0.003610 53.55
4 3252 42.378035 -71.086167 0.033168090503 0.003610 53.55
4 3253 42.378043 -71.086159 0.033178301480 0.003610 53.55
4 3254 42.378050 -71.086152 0.033188512457 0.003610 53.55
4 3255 42.378057 -71.086145 0.033198723434 0.003610 53.55
4 3256 42.378064 -71.086138 0.033208934582 0.003610 53.55
4 3257 42.378071 -71.086131 0.033219145730 0.003610 53.55
4 3258 42.378079 -71.086123 0.033229356878 0.003610 53.55
4 3259 42.378086 -71.086116 0.033239568026 0.003610 53.55
4 3260 42.378093 -71.086109 0.033249779174 0.003610 53.55
4 3261 42.378100 -71.086102 0.033259990489 0.003610 53.55
4 3262 42.378108 -71.086094 0.033270201804 0.003610 53.55
4 3263 42.378115 -71.086087 0.033280413119 0.003610 53.55
4 3264 42.378122 -71.086080 0.033290624434 0.003610 53.55
4 3265 42.378129 -71.086073 0.033300835749 0.003610 53.55
4 3266 42.378136 -71.086066 0.033311047227 0.003610 53.55
4 3267 42.378144 -71.086058 0.033321258705 0.003610 53.55
4 3268 42.378151 -71.086051 0.033331470183 0.003610 53.55
4 3269 42.378158 -71.086044 0.033341681660 0.003610 53.55
4 3270 42.378165 -71.086037 0.033351893138 0.003610 53.55
4 3271 42.378173 -71.086029 0.033362104775 0.003610 53.55
4 3272 42.378180 -71.086022 0.033372316411 0.003610 53.55
4 3273 42.378187 -71.086015 0.033382528048 0.003610 53.55
4 3274 42.378194 -71.086008 0.033392739684 0.003610 53.55
4 3275 42.378201 -71.086001 0.033402951321 0.003610 53.55
