1 4107 42.384206 -71.079996 0.041894066273 0.003599 53.55
1 4108 42.384213 -71.079989 0.041904246915 0.003599 53.55
1 4109 42.384220 -71.079982 0.041914427557 0.003599 53.55
1 4110 42.384227 -71.079975 0.041924608199 0.003599 53.55
1 4111 42.384234 -71.079968 0.041934788311 0.003599 53.55
1 4112 42.384242 -71.079960 0.041944968422 0.003599 53.55
1 4113 42.384249 -71.079953 0.041955148534 0.003599 53.55
1 4114 42.384256 -71.079946 0.041965328645 0.003599 53.55
1 4115 42.384263 -71.079939 0.041975508756 0.003599 53.55
1 4116 42.384270 -71.079932 0.041985688333 0.003599 53.55
1 4117 42.384278 -71.079924 0.041995867910 0.003599 53.55
1 4118 42.384285 -71.079917 0.042006047487 0.003599 53.55
1 4119 42.384292 -71.079910 0.042016227064 0.003599 53.55
1 4120 42.384299 -71.079903 0.042026406641 0.003599 53.55
1 4121 42.384306 -71.079896 0.042036585680 0.003599 53.55
1 4122 42.384314 -71.079888 0.042046764718 0.003599 53.55
1 4123 42.384321 -71.079881 0.042056943756 0.003599 53.55
1 4124 42.384328 -71.079874 0.042067122794 0.003599 53.55
1 4125 42.384335 -71.079867 0.042077301833 0.003599 53.55
1 4126 42.384342 -71.079860 0.042087480328 0.003599 53.55
1 4127 42.384350 -71.079852 0.042097658824 0.003599 53.55
1 4128 42.384357 -71.079845 0.042107837319 0.003599 53.55
1 4129 42.384364 -71.079838 0.042118015815 0.003599 53.55
1 4130 42.384371 -71.079831 0.042128194310 0.003598 53.55
1 4131 42.384378 -71.079824 0.042138372259 0.003598 53.55
1 4132 42.384385 -71.079817 0.042148550208 0.003598 53.55
1 4133 42.384393 -71.079809 0.042158728156 0.003598 53.55
1 4134 42.384400 -71.079802 0.042168906105 0.003598 53.55
1 4135 42.384407 -71.079795 0.042179084054 0.003598 53.55
1 4136 42.384414 -71.079788 0.042189261451 0.003598 53.55
1 4137 42.384421 -71.079781 0.042199438849 0.003598 53.55
1 4138 42.384429 -71.079773 0.042209616246 0.003598 53.55
1 4139 42.384436 -71.079766 0.042219793644 0.003598 53.55
1 4140 42.384443 -71.079759 0.042229971042 0.003598 53.55
1 4141 42.384450 -71.079752 0.042240147884 0.003598 53.55
1 4142 42.384457 -71.079745 0.042250324727 0.003598 53.55
1 4143 42.384465 -71.079737 0.042260501569 0.003598 53.55
1 4144 42.384472 -71.079730 0.042270678412 0.003598 53.55
1 4145 42.384479 -71.079723 0.042280855254 0.003598 53.55
1 4146 42.384486 -71.079716 0.042291031537 0.003598 53.55
1 4147 42.384493 -71.079709 0.042301207821 0.003598 53.55
1 4148 42.384501 -71.079701 0.042311384104 0.003598 53.55
1 4149 42.384508 -71.079694 0.042321560387 0.003598 53.55
1 4150 42.384515 -71.079687 0.042331736670 0.000000 53.55
2 4107 42.384206 -71.079996 0.041894066273 0.003599 53.55
2 4108 42.384213 -71.079989 0.041904246915 0.003599 53.55
2 4109 42.384220 -71.079982 0.041914427557 0.003599 53.55
2 4110 42.384227 -71.079975 0.041924608199 0.003599 53.55
2 4111 42.384234 -71.079968 0.041934788311 0.003599 53.55
2 4112 42.384242 -71.079960 0.041944968422 0.003599 53.55
2 4113 42.384249 -71.079953 0.041955148534 0.003599 53.55
2 4114 42.384256 -71.079946 0.041965328645 0.003599 53.55
2 4115 42.384263 -71.079939 0.041975508756 0.003599 53.55
2 4116 42.384270 -71.079932 0.041985688333 0.003599 53.55
2 4117 42.384278 -71.079924 0.041995867910 0.003599 53.55
2 4118 42.384285 -71.079917 0.042006047487 0.003599 53.55
2 4119 42.384292 -71.079910 0.042016227064 0.003599 53.55
2 4120 42.384299 -71.079903 0.042026406641 0.003599 53.55
2 4121 42.384306 -71.079896 0.042036585680 0.003599 53.55
2 4122 42.384314 -71.079888 0.042046764718 0.003599 53.55
2 4123 42.384321 -71.079881 0.042056943756 0.003599 53.55
2 4124 42.384328 -71.079874 0.042067122794 0.003599 53.55
2 4125 42.384335 -71.079867 0.042077301833 0.003599 53.55
2 4126 42.384342 -71.079860 0.042087480328 0.003599 53.55
2 4127 42.384350 -71.079852 0.042097658824 0.003599 53.55
2 4128 42.384357 -71.079845 0.042107837319 0.003599 53.55
2 4129 42.384364 -71.079838 0.042118015815 0.003599 53.55
2 4130 42.384371 -71.079831 0.042128194310 0.003598 53.55
2 4131 42.384378 -71.079824 0.042138372259 0.003598 53.55
2 4132 42.384385 -71.079817 0.042148550208 0.003598 53.55
2 4133 42.384393 -71.079809 0.042158728156 0.003598 53.55
2 4134 42.384400 -71.079802 0.042168906105 0.003598 53.55
2 4135 42.384407 -71.079795 0.042179084054 0.003598 53.55
2 4136 42.384414 -71.079788 0.042189261451 0.003598 53.55
2 4137 42.384421 -71.079781 0.042199438849 0.003598 53.55
2 4138 42.384429 -71.079773 0.042209616246 0.003598 53.55
2 4139 42.384436 -71.079766 0.042219793644 0.003598 53.55
2 4140 42.384443 -71.079759 0.042229971042 0.003598 53.55
2 4141 42.384450 -71.079752 0.042240147884 0.003598 53.55
2 4142 42.384457 -71.079745 0.042250324727 0.003598 53.55
2 4143 42.384465 -71.079737 0.042260501569 0.003598 53.55
2 4144 42.384472 -71.079730 0.042270678412 0.003598 53.55
2 4145 42.384479 -71.079723 0.042280855254 0.003598 53.55
2 4146 42.384486 -71.079716 0.042291031537 0.003598 53.55
2 4147 42.384493 -71.079709 0.042301207821 0.003598 53.55
2 4148 42.384501 -71.079701 0.042311384104 0.003598 53.55
2 4149 42.384508 -71.079694 0.042321560387 0.003598 53.55
2 4150 42.384515 -71.079687 0.042331736670 0.000000 53.55
3 4107 42.384206 -71.079996 0.041894066273 0.003599 53.55
3 4108 42.384213 -71.079989 0.041904246915 0.003599 53.55
3 4109 42.384220 -71.079982 0.041914427557 0.003599 53.55
3 4110 42.384227 -71.079975 0.041924608199 0.003599 53.55
3 4111 42.384234 -71.079968 0.041934788311 0.003599 53.55
3 4112 42.384242 -71.079960 0.041944968422 0.003599 53.55
3 4113 42.384249 -71.079953 0.041955148534 0.003599 53.55
3 4114 42.384256 -71.079946 0.041965328645 0.003599 53.55
3 4115 42.384263 -71.079939 0.041975508756 0.003599 53.55
3 4116 42.384270 -71.079932 0.041985688333 0.003599 53.55
3 4117 42.384278 -71.079924 0.041995867910 0.003599 53.55
3 4118 42.384285 -71.079917 0.042006047487 0.003599 53.55
3 4119 42.384292 -71.079910 0.042016227064 0.003599 53.55
3 4120 42.384299 -71.079903 0.042026406641 0.003599 53.55
3 4121 42.384306 -71.079896 0.042036585680 0.003599 53.55
3 4122 42.384314 -71.079888 0.042046764718 0.003599 53.55
3 4123 42.384321 -71.079881 0.042056943756 0.003599 53.55
3 4124 42.384328 -71.079874 0.042067122794 0.003599 53.55
3 4125 42.384335 -71.079867 0.042077301833 0.003599 53.55
3 4126 42.384342 -71.079860 0.042087480328 0.003599 53.55
3 4127 42.384350 -71.079852 0.042097658824 0.003599 53.55
3 4128 42.384357 -71.079845 0.042107837319 0.003599 53.55
3 4129 42.384364 -71.079838 0.042118015815 0.003599 53.55
3 4130 42.384371 -71.079831 0.042128194310 0.003598 53.55
3 4131 42.384378 -71.079824 0.042138372259 0.003598 53.55
3 4132 42.384385 -71.079817 0.042148550208 0.003598 53.55
3 4133 42.384393 -71.079809 0.042158728156 0.003598 53.55
3 4134 42.384400 -71.079802 0.042168906105 0.003598 53.55
3 4135 42.384407 -71.079795 0.042179084054 0.003598 53.55
3 4136 42.384414 -71.079788 0.042189261451 0.003598 53.55
3 4137 42.384421 -71.079781 0.042199438849 0.003598 53.55
3 4138 42.384429 -71.079773 0.042209616246 0.003598 53.55
3 4139 42.384436 -71.079766 0.042219793644 0.003598 53.55
3 4140 42.384443 -71.079759 0.042229971042 0.003598 53.55
3 4141 42.384450 -71.079752 0.042240147884 0.003598 53.55
3 4142 42.384457 -71.079745 0.042250324727 0.003598 53.55
3 4143 42.384465 -71.079737 0.042260501569 0.003598 53.55
3 4144 42.384472 -71.079730 0.042270678412 0.003598 53.55
3 4145 42.384479 -71.079723 0.042280855254 0.003598 53.55
3 4146 42.384486 -71.079716 0.042291031537 0.003598 53.55
3 4147 42.384493 -71.079709 0.042301207821 0.003598 53.55
3 4148 42.384501 -71.079701 0.042311384104 0.003598 53.55
3 4149 42.384508 -71.079694 0.042321560387 0.003598 53.55
3 4150 42.384515 -71.079687 0.042331736670 0.000000 53.55
4 4107 42.384206 -71.079996 0.041894066273 0.003599 53.55
4 4108 42.384213 -71.079989 0.041904246915 0.003599 53.55
4 4109 42.384220 -71.079982 0.041914427557 0.003599 53.55
4 4110 42.384227 -71.079975 0.041924608199 0.003599 53.55
4 4111 42.384234 -71.079968 0.041934788311 0.003599 53.55
4 4112 42.384242 -71.079960 0.041944968422 0.003599 53.55
4 4113 42.384249 -71.079953 0.041955148534 0.003599 53.55
4 4114 42.384256 -71.079946 0.041965328645 0.003599 53.55
4 4115 42.384263 -71.079939 0.041975508756 0.003599 53.55
4 4116 42.384270 -71.079932 0.041985688333 0.003599 53.55
4 4117 42.384278 -71.079924 0.041995867910 0.003599 53.55
4 4118 42.384285 -71.079917 0.042006047487 0.003599 53.55
4 4119 42.384292 -71.079910 0.042016227064 0.003599 53.55
4 4120 42.384299 -71.079903 0.042026406641 0.003599 53.55
4 4121 42.384306 -71.079896 0.042036585680 0.003599 53.55
4 4122 42.384314 -71.079888 0.042046764718 0.003599 53.55
4 4123 42.384321 -71.079881 0.042056943756 0.003599 53.55
4 4124 42.384328 -71.079874 0.042067122794 0.003599 53.55
4 4125 42.384335 -71.079867 0.042077301833 0.003599 53.55
4 4126 42.384342 -71.079860 0.042087480328 0.003599 53.55
4 4127 42.384350 -71.079852 0.042097658824 0.003599 53.55
4 4128 42.384357 -71.079845 0.042107837319 0.003599 53.55
4 4129 42.384364 -71.079838 0.042118015815 0.003599 53.55
4 4130 42.384371 -71.079831 0.042128194310 0.003598 53.55
4 4131 42.384378 -71.079824 0.042138372259 0.003598 53.55
4 4132 42.384385 -71.079817 0.042148550208 0.003598 53.55
4 4133 42.384393 -71.079809 0.042158728156 0.003598 53.55
4 4134 42.384400 -71.079802 0.042168906105 0.003598 53.55
4 4135 42.384407 -71.079795 0.042179084054 0.003598 53.55
4 4136 42.384414 -71.079788 0.042189261451 0.003598 53.55
4 4137 42.384421 -71.079781 0.042199438849 0.003598 53.55
4 4138 42.384429 -71.079773 0.042209616246 0.003598 53.55
4 4139 42.384436 -71.079766 0.042219793644 0.003598 53.55
4 4140 42.384443 -71.079759 0.042229971042 0.003598 53.55
4 4141 42.384450 -71.079752 0.042240147884 0.003598 53.55
4 4142 42.384457 -71.079745 0.042250324727 0.003598 53.55
4 4143 42.384465 -71.079737 0.042260501569 0.003598 53.55
4 4144 42.384472 -71.079730 0.042270678412 0.003598 53.55
4 4145 42.384479 -71.079723 0.042280855254 0.003598 53.55
4 4146 42.384486 -71.079716 0.042291031537 0.003598 53.55
4 4147 42.384493 -71.079709 0.042301207821 0.003598 53.55
4 4148 42.384501 -71.079701 0.042311384104 0.003598 53.55
4 4149 42.384508 -71.079694 0.042321560387 0.003598 53.55
4 4150 42.384515 -71.079687 0.042331736670 0.000000 53.55
