1 3940 42.383002 -71.081200 0.040192545861 0.003605 53.55
1 3941 42.383010 -71.081192 0.040202741700 0.003605 53.55
1 3942 42.383017 -71.081185 0.040212937538 0.003605 53.55
1 3943 42.383024 -71.081178 0.040223133376 0.003605 53.55
1 3944 42.383031 -71.081171 0.040233329215 0.003605 53.55
1 3945 42.383038 -71.081164 0.040243525053 0.003605 53.55
1 3946 42.383046 -71.081156 0.040253720497 0.003605 53.55
1 3947 42.383053 -71.081149 0.040263915941 0.003605 53.55
1 3948 42.383060 -71.081142 0.040274111384 0.003605 53.55
1 3949 42.383067 -71.081135 0.040284306828 0.003605 53.55
1 3950 42.383074 -71.081128 0.040294502272 0.003604 53.55
1 3951 42.383082 -71.081120 0.040304697316 0.003604 53.55
1 3952 42.383089 -71.081113 0.040314892361 0.003604 53.55
1 3953 42.383096 -71.081106 0.040325087406 0.003604 53.55
1 3954 42.383103 -71.081099 0.040335282451 0.003604 53.55
1 3955 42.383111 -71.081091 0.040345477496 0.003604 53.55
1 3956 42.383118 -71.081084 0.040355672138 0.003604 53.55
1 3957 42.383125 -71.081077 0.040365866779 0.003604 53.55
1 3958 42.383132 -71.081070 0.040376061421 0.003604 53.55
1 3959 42.383139 -71.081063 0.040386256063 0.003604 53.55
1 3960 42.383147 -71.081055 0.040396450705 0.003604 53.55
1 3961 42.383154 -71.081048 0.040406644940 0.003604 53.55
1 3962 42.383161 -71.081041 0.040416839175 0.003604 53.55
1 3963 42.383168 -71.081034 0.040427033410 0.003604 53.55
1 3964 42.383175 -71.081027 0.040437227644 0.003604 53.55
1 3965 42.383183 -71.081019 0.040447421879 0.003604 53.55
1 3966 42.383190 -71.081012 0.040457615703 0.003604 53.55
1 3967 42.383197 -71.081005 0.040467809527 0.003604 53.55
2 3940 42.383002 -71.081200 0.040192545861 0.003605 53.55
2 3941 42.383010 -71.081192 0.040202741700 0.003605 53.55
2 3942 42.383017 -71.081185 0.040212937538 0.003605 53.55
2 3943 42.383024 -71.081178 0.040223133376 0.003605 53.55
2 3944 42.383031 -71.081171 0.040233329215 0.003605 53.55
2 3945 42.383038 -71.081164 0.040243525053 0.003605 53.55
2 3946 42.383046 -71.081156 0.040253720497 0.003605 53.55
2 3947 42.383053 -71.081149 0.040263915941 0.003605 53.55
2 3948 42.383060 -71.081142 0.040274111384 0.003605 53.55
2 3949 42.383067 -71.081135 0.040284306828 0.003605 53.55
2 3950 42.383074 -71.081128 0.040294502272 0.003604 53.55
2 3951 42.383082 -71.081120 0.040304697316 0.003604 53.55
2 3952 42.383089 -71.081113 0.040314892361 0.003604 53.55
2 3953 42.383096 -71.081106 0.040325087406 0.003604 53.55
2 3954 42.383103 -71.081099 0.040335282451 0.003604 53.55
2 3955 42.383111 -71.081091 0.040345477496 0.003604 53.55
2 3956 42.383118 -71.081084 0.040355672138 0.003604 53.55
2 3957 42.383125 -71.081077 0.040365866779 0.003604 53.55
2 3958 42.383132 -71.081070 0.040376061421 0.003604 53.55
2 3959 42.383139 -71.081063 0.040386256063 0.003604 53.55
2 3960 42.383147 -71.081055 0.040396450705 0.003604 53.55
2 3961 42.383154 -71.081048 0.040406644940 0.003604 53.55
2 3962 42.383161 -71.081041 0.040416839175 0.003604 53.55
2 3963 42.383168 -71.081034 0.040427033410 0.003604 53.55
2 3964 42.383175 -71.081027 0.040437227644 0.003604 53.55
2 3965 42.383183 -71.081019 0.040447421879 0.003604 53.55
2 3966 42.383190 -71.081012 0.040457615703 0.003604 53.55
2 3967 42.383197 -71.081005 0.040467809527 0.003604 53.55
3 3940 42.383002 -71.081200 0.040192545861 0.003605 53.55
3 3941 42.383010 -71.081192 0.040202741700 0.003605 53.55
3 3942 42.383017 -71.081185 0.040212937538 0.003605 53.55
3 3943 42.383024 -71.081178 0.040223133376 0.003605 53.55
3 3944 42.383031 -71.081171 0.040233329215 0.003605 53.55
3 3945 42.383038 -71.081164 0.040243525053 0.003605 53.55
3 3946 42.383046 -71.081156 0.040253720497 0.003605 53.55
3 3947 42.383053 -71.081149 0.040263915941 0.003605 53.55
3 3948 42.383060 -71.081142 0.040274111384 0.003605 53.55
3 3949 42.383067 -71.081135 0.040284306828 0.003605 53.55
3 3950 42.383074 -71.081128 0.040294502272 0.003604 53.55
3 3951 42.383082 -71.081120 0.040304697316 0.003604 53.55
3 3952 42.383089 -71.081113 0.040314892361 0.003604 53.55
3 3953 42.383096 -71.081106 0.040325087406 0.003604 53.55
3 3954 42.383103 -71.081099 0.040335282451 0.003604 53.55
3 3955 42.383111 -71.081091 0.040345477496 0.003604 53.55
3 3956 42.383118 -71.081084 0.040355672138 0.003604 53.55
3 3957 42.383125 -71.081077 0.040365866779 0.003604 53.55
3 3958 42.383132 -71.081070 0.040376061421 0.003604 53.55
3 3959 42.383139 -71.081063 0.040386256063 0.003604 53.55
3 3960 42.383147 -71.081055 0.040396450705 0.003604 53.55
3 3961 42.383154 -71.081048 0.040406644940 0.003604 53.55
3 3962 42.383161 -71.081041 0.040416839175 0.003604 53.55
3 3963 42.383168 -71.081034 0.040427033410 0.003604 53.55
3 3964 42.383175 -71.081027 0.040437227644 0.003604 53.55
3 3965 42.383183 -71.081019 0.040447421879 0.003604 53.55
3 3966 42.383190 -71.081012 0.040457615703 0.003604 53.55
3 3967 42.383197 -71.081005 0.040467809527 0.003604 53.55
4 3940 42.383002 -71.081200 0.040192545861 0.003605 53.55
4 3941 42.383010 -71.081192 0.040202741700 0.003605 53.55
4 3942 42.383017 -71.081185 0.040212937538 0.003605 53.55
4 3943 42.383024 -71.081178 0.040223133376 0.003605 53.55
4 3944 42.383031 -71.081171 0.040233329215 0.003605 53.55
4 3945 42.383038 -71.081164 0.040243525053 0.003605 53.55
4 3946 42.383046 -71.081156 0.040253720497 0.003605 53.55
4 3947 42.383053 -71.081149 0.040263915941 0.003605 53.55
4 3948 42.383060 -71.081142 0.040274111384 0.003605 53.55
4 3949 42.383067 -71.081135 0.040284306828 0.003605 53.55
4 3950 42.383074 -71.081128 0.040294502272 0.003604 53.55
4 3951 42.383082 -71.081120 0.040304697316 0.003604 53.55
4 3952 42.383089 -71.081113 0.040314892361 0.003604 53.55
4 3953 42.383096 -71.081106 0.040325087406 0.003604 53.55
4 3954 42.383103 -71.081099 0.040335282451 0.003604 53.55
4 3955 42.383111 -71.081091 0.040345477496 0.003604 53.55
4 3956 42.383118 -71.081084 0.040355672138 0.003604 53.55
4 3957 42.383125 -71.081077 0.040365866779 0.003604 53.55
4 3958 42.383132 -71.081070 0.040376061421 0.003604 53.55
4 3959 42.383139 -71.081063 0.040386256063 0.003604 53.55
4 3960 42.383147 -71.081055 0.040396450705 0.003604 53.55
4 3961 42.383154 -71.081048 0.040406644940 0.003604 53.55
4 3962 42.383161 -71.081041 0.040416839175 0.003604 53.55
4 3963 42.383168 -71.081034 0.040427033410 0.003604 53.55
4 3964 42.383175 -71.081027 0.040437227644 0.003604 53.55
4 3965 42.383183 -71.081019 0.040447421879 0.003604 53.55
4 3966 42.383190 -71.081012 0.040457615703 0.003604 53.55
4 3967 42.383197 -71.081005 0.040467809527 0.003604 53.55
