1 3525 42.380007 -71.084195 0.035956419509 0.003611 53.55
1 3526 42.380014 -71.084188 0.035966633807 0.003611 53.55
1 3527 42.380021 -71.084181 0.035976848105 0.003611 53.55
1 3528 42.380029 -71.084173 0.035987062403 0.003611 53.55
1 3529 42.380036 -71.084166 0.035997276702 0.003611 53.55
1 3530 42.380043 -71.084159 0.036007491000 0.003611 53.55
1 3531 42.380050 -71.084152 0.036017705243 0.003611 53.55
1 3532 42.380058 -71.084144 0.036027919487 0.003611 53.55
1 3533 42.380065 -71.084137 0.036038133731 0.003611 53.55
1 3534 42.380072 -71.084130 0.036048347975 0.003611 53.55
1 3535 42.380079 -71.084123 0.036058562219 0.003611 53.55
1 3536 42.380086 -71.084116 0.036068776404 0.003611 53.55
1 3537 42.380094 -71.084108 0.036078990589 0.003611 53.55
1 3538 42.380101 -71.084101 0.036089204775 0.003611 53.55
1 3539 42.380108 -71.084094 0.036099418960 0.003611 53.55
1 3540 42.380115 -71.084087 0.036109633145 0.003611 53.55
1 3541 42.380123 -71.084079 0.036119847268 0.003611 53.55
1 3542 42.380130 -71.084072 0.036130061391 0.003611 53.55
1 3543 42.380137 -71.084065 0.036140275514 0.003611 53.55
1 3544 42.380144 -71.084058 0.036150489637 0.003611 53.55
1 3545 42.380151 -71.084051 0.036160703760 0.003611 53.55
1 3546 42.380159 -71.084043 0.036170917816 0.003611 53.55
1 3547 42.380166 -71.084036 0.036181131872 0.003611 53.55
1 3548 42.380173 -71.084029 0.036191345928 0.003611 53.55
1 3549 42.380180 -71.084022 0.036201559984 0.003611 53.55
1 3550 42.380188 -71.084014 0.036211774041 0.003611 53.55
1 3551 42.380195 -71.084007 0.036221988026 0.003611 53.55
2 3525 42.380007 -71.084195 0.035956419509 0.003611 53.55
2 3526 42.380014 -71.084188 0.035966633807 0.003611 53.55
2 3527 42.380021 -71.084181 0.035976848105 0.003611 53.55
2 3528 42.380029 -71.084173 0.035987062403 0.003611 53.55
2 3529 42.380036 -71.084166 0.035997276702 0.003611 53.55
2 3530 42.380043 -71.084159 0.036007491000 0.003611 53.55
2 3531 42.380050 -71.084152 0.036017705243 0.003611 53.55
2 3532 42.380058 -71.084144 0.036027919487 0.003611 53.55
2 3533 42.380065 -71.084137 0.036038133731 0.003611 53.55
2 3534 42.380072 -71.084130 0.036048347975 0.003611 53.55
2 3535 42.380079 -71.084123 0.036058562219 0.003611 53.55
2 3536 42.380086 -71.084116 0.036068776404 0.003611 53.55
2 3537 42.380094 -71.084108 0.036078990589 0.003611 53.55
2 3538 42.380101 -71.084101 0.036089204775 0.003611 53.55
2 3539 42.380108 -71.084094 0.036099418960 0.003611 53.55
2 3540 42.380115 -71.084087 0.036109633145 0.003611 53.55
2 3541 42.380123 -71.084079 0.036119847268 0.003611 53.55
2 3542 42.380130 -71.084072 0.036130061391 0.003611 53.55
2 3543 42.380137 -71.084065 0.036140275514 0.003611 53.55
2 3544 42.380144 -71.084058 0.036150489637 0.003611 53.55
2 3545 42.380151 -71.084051 0.036160703760 0.003611 53.55
2 3546 42.380159 -71.084043 0.036170917816 0.003611 53.55
2 3547 42.380166 -71.084036 0.036181131872 0.003611 53.55
2 3548 42.380173 -71.084029 0.036191345928 0.003611 53.55
2 3549 42.380180 -71.084022 0.036201559984 0.003611 53.55
2 3550 42.380188 -71.084014 0.036211774041 0.003611 53.55
2 3551 42.380195 -71.084007 0.036221988026 0.003611 53.55
3 3525 42.380007 -71.084195 0.035956419509 0.003611 53.55
3 3526 42.380014 -71.084188 0.035966633807 0.003611 53.55
3 3527 42.380021 -71.084181 0.035976848105 0.003611 53.55
3 3528 42.380029 -71.084173 0.035987062403 0.003611 53.55
3 3529 42.380036 -71.084166 0.035997276702 0.003611 53.55
3 3530 42.380043 -71.084159 0.036007491000 0.003611 53.55
3 3531 42.380050 -71.084152 0.036017705243 0.003611 53.55
3 3532 42.380058 -71.084144 0.036027919487 0.003611 53.55
3 3533 42.380065 -71.084137 0.036038133731 0.003611 53.55
3 3534 42.380072 -71.084130 0.036048347975 0.003611 53.55
3 3535 42.380079 -71.084123 0.036058562219 0.003611 53.55
3 3536 42.380086 -71.084116 0.036068776404 0.003611 53.55
3 3537 42.380094 -71.084108 0.036078990589 0.003611 53.55
3 3538 42.380101 -71.084101 0.036089204775 0.003611 53.55
3 3539 42.380108 -71.084094 0.036099418960 0.003611 53.55
3 3540 42.380115 -71.084087 0.036109633145 0.003611 53.55
3 3541 42.380123 -71.084079 0.036119847268 0.003611 53.55
3 3542 42.380130 -71.084072 0.036130061391 0.003611 53.55
3 3543 42.380137 -71.084065 0.036140275514 0.003611 53.55
3 3544 42.380144 -71.084058 0.036150489637 0.003611 53.55
3 3545 42.380151 -71.084051 0.036160703760 0.003611 53.55
3 3546 42.380159 -71.084043 0.036170917816 0.003611 53.55
3 3547 42.380166 -71.084036 0.036181131872 0.003611 53.55
3 3548 42.380173 -71.084029 0.036191345928 0.003611 53.55
3 3549 42.380180 -71.084022 0.036201559984 0.003611 53.55
3 3550 42.380188 -71.084014 0.036211774041 0.003611 53.55
3 3551 42.380195 -71.084007 0.036221988026 0.003611 53.55
4 3525 42.380007 -71.084195 0.035956419509 0.003611 53.55
4 3526 42.380014 -71.084188 0.035966633807 0.003611 53.55
4 3527 42.380021 -71.084181 0.035976848105 0.003611 53.55
4 3528 42.380029 -71.084173 0.035987062403 0.003611 53.55
4 3529 42.380036 -71.084166 0.035997276702 0.003611 53.55
4 3530 42.380043 -71.084159 0.036007491000 0.003611 53.55
4 3531 42.380050 -71.084152 0.036017705243 0.003611 53.55
4 3532 42.380058 -71.084144 0.036027919487 0.003611 53.55
4 3533 42.380065 -71.084137 0.036038133731 0.003611 53.55
4 3534 42.380072 -71.084130 0.036048347975 0.003611 53.55
4 3535 42.380079 -71.084123 0.036058562219 0.003611 53.55
4 3536 42.380086 -71.084116 0.036068776404 0.003611 53.55
4 3537 42.380094 -71.084108 0.036078990589 0.003611 53.55
4 3538 42.380101 -71.084101 0.036089204775 0.003611 53.55
4 3539 42.380108 -71.084094 0.036099418960 0.003611 53.55
4 3540 42.380115 -71.084087 0.036109633145 0.003611 53.55
4 3541 42.380123 -71.084079 0.036119847268 0.003611 53.55
4 3542 42.380130 -71.084072 0.036130061391 0.003611 53.55
4 3543 42.380137 -71.084065 0.036140275514 0.003611 53.55
4 3544 42.380144 -71.084058 0.036150489637 0.003611 53.55
4 3545 42.380151 -71.084051 0.036160703760 0.003611 53.55
4 3546 42.380159 -71.084043 0.036170917816 0.003611 53.55
4 3547 42.380166 -71.084036 0.036181131872 0.003611 53.55
4 3548 42.380173 -71.084029 0.036191345928 0.003611 53.55
4 3549 42.380180 -71.084022 0.036201559984 0.003611 53.55
4 3550 42.380188 -71.084014 0.036211774041 0.003611 53.55
4 3551 42.380195 -71.084007 0.036221988026 0.003611 53.55
