1 3802 42.382007 -71.082195 0.038784820986 0.003608 53.55
1 3803 42.382014 -71.082188 0.038795026210 0.003608 53.55
1 3804 42.382021 -71.082181 0.038805231434 0.003608 53.55
1 3805 42.382029 -71.082173 0.038815436658 0.003608 53.55
1 3806 42.382036 -71.082166 0.038825641602 0.003608 53.55
1 3807 42.382043 -71.082159 0.038835846546 0.003608 53.55
1 3808 42.382050 -71.082152 0.038846051490 0.003608 53.55
1 3809 42.382057 -71.082145 0.038856256434 0.003608 53.55
1 3810 42.382065 -71.082137 0.038866461378 0.003608 53.55
1 3811 42.382072 -71.082130 0.038876666038 0.003608 53.55
1 3812 42.382079 -71.082123 0.038886870699 0.003608 53.55
1 3813 42.382086 -71.082116 0.038897075359 0.003608 53.55
1 3814 42.382094 -71.082108 0.038907280019 0.003608 53.55
1 3815 42.382101 -71.082101 0.038917484679 0.003608 53.55
1 3816 42.382108 -71.082094 0.038927689051 0.003608 53.55
1 3817 42.382115 -71.082087 0.038937893424 0.003608 53.55
1 3818 42.382122 -71.082080 0.038948097796 0.003608 53.55
1 3819 42.382130 -71.082072 0.038958302168 0.003608 53.55
1 3820 42.382137 -71.082065 0.038968506540 0.003608 53.55
1 3821 42.382144 -71.082058 0.038978710620 0.003608 53.55
1 3822 42.382151 -71.082051 0.038988914701 0.003608 53.55
1 3823 42.382159 -71.082043 0.038999118781 0.003608 53.55
1 3824 42.382166 -71.082036 0.039009322861 0.003608 53.55
1 3825 42.382173 -71.082029 0.039019526941 0.003608 53.55
1 3826 42.382180 -71.082022 0.039029730725 0.003608 53.55
1 3827 42.382187 -71.082015 0.039039934509 0.003608 53.55
1 3828 42.382195 -71.082007 0.039050138293 0.003608 53.55
1 3829 42.382202 -71.082000 0.039060342077 0.003608 53.55
2 3802 42.382007 -71.082195 0.038784820986 0.003608 53.55
2 3803 42.382014 -71.082188 0.038795026210 0.003608 53.55
2 3804 42.382021 -71.082181 0.038805231434 0.003608 53.55
2 3805 42.382029 -71.082173 0.038815436658 0.003608 53.55
2 3806 42.382036 -71.082166 0.038825641602 0.003608 53.55
2 3807 42.382043 -71.082159 0.038835846546 0.003608 53.55
2 3808 42.382050 -71.082152 0.038846051490 0.003608 53.55
2 3809 42.382057 -71.082145 0.038856256434 0.003608 53.55
2 3810 42.382065 -71.082137 0.038866461378 0.003608 53.55
2 3811 42.382072 -71.082130 0.038876666038 0.003608 53.55
2 3812 42.382079 -71.082123 0.038886870699 0.003608 53.55
2 3813 42.382086 -71.082116 0.038897075359 0.003608 53.55
2 3814 42.382094 -71.082108 0.038907280019 0.003608 53.55
2 3815 42.382101 -71.082101 0.038917484679 0.003608 53.55
2 3816 42.382108 -71.082094 0.038927689051 0.003608 53.55
2 3817 42.382115 -71.082087 0.038937893424 0.003608 53.55
2 3818 42.382122 -71.082080 0.038948097796 0.003608 53.55
2 3819 42.382130 -71.082072 0.038958302168 0.003608 53.55
2 3820 42.382137 -71.082065 0.038968506540 0.003608 53.55
2 3821 42.382144 -71.082058 0.038978710620 0.003608 53.55
2 3822 42.382151 -71.082051 0.038988914701 0.003608 53.55
2 3823 42.382159 -71.082043 0.038999118781 0.003608 53.55
2 3824 42.382166 -71.082036 0.039009322861 0.003608 53.55
2 3825 42.382173 -71.082029 0.039019526941 0.003608 53.55
2 3826 42.382180 -71.082022 0.039029730725 0.003608 53.55
2 3827 42.382187 -71.082015 0.039039934509 0.003608 53.55
2 3828 42.382195 -71.082007 0.039050138293 0.003608 53.55
2 3829 42.382202 -71.082000 0.039060342077 0.003608 53.55
3 3802 42.382007 -71.082195 0.038784820986 0.003608 53.55
3 3803 42.382014 -71.082188 0.038795026210 0.003608 53.55
3 3804 42.382021 -71.082181 0.038805231434 0.003608 53.55
3 3805 42.382029 -71.082173 0.038815436658 0.003608 53.55
3 3806 42.382036 -71.082166 0.038825641602 0.003608 53.55
3 3807 42.382043 -71.082159 0.038835846546 0.003608 53.55
3 3808 42.382050 -71.082152 0.038846051490 0.003608 53.55
3 3809 42.382057 -71.082145 0.038856256434 0.003608 53.55
3 3810 42.382065 -71.082137 0.038866461378 0.003608 53.55
3 3811 42.382072 -71.082130 0.038876666038 0.003608 53.55
3 3812 42.382079 -71.082123 0.038886870699 0.003608 53.55
3 3813 42.382086 -71.082116 0.038897075359 0.003608 53.55
3 3814 42.382094 -71.082108 0.038907280019 0.003608 53.55
3 3815 42.382101 -71.082101 0.038917484679 0.003608 53.55
3 3816 42.382108 -71.082094 0.038927689051 0.003608 53.55
3 3817 42.382115 -71.082087 0.038937893424 0.003608 53.55
3 3818 42.382122 -71.082080 0.038948097796 0.003608 53.55
3 3819 42.382130 -71.082072 0.038958302168 0.003608 53.55
3 3820 42.382137 -71.082065 0.038968506540 0.003608 53.55
3 3821 42.382144 -71.082058 0.038978710620 0.003608 53.55
3 3822 42.382151 -71.082051 0.038988914701 0.003608 53.55
3 3823 42.382159 -71.082043 0.038999118781 0.003608 53.55
3 3824 42.382166 -71.082036 0.039009322861 0.003608 53.55
3 3825 42.382173 -71.082029 0.039019526941 0.003608 53.55
3 3826 42.382180 -71.082022 0.039029730725 0.003608 53.55
3 3827 42.382187 -71.082015 0.039039934509 0.003608 53.55
3 3828 42.382195 -71.082007 0.039050138293 0.003608 53.55
3 3829 42.382202 -71.082000 0.039060342077 0.003608 53.55
4 3802 42.382007 -71.082195 0.038784820986 0.003608 53.55
4 3803 42.382014 -71.082188 0.038795026210 0.003608 53.55
4 3804 42.382021 -71.082181 0.038805231434 0.003608 53.55
4 3805 42.382029 -71.082173 0.038815436658 0.003608 53.55
4 3806 42.382036 -71.082166 0.038825641602 0.003608 53.55
4 3807 42.382043 -71.082159 0.038835846546 0.003608 53.55
4 3808 42.382050 -71.082152 0.038846051490 0.003608 53.55
4 3809 42.382057 -71.082145 0.038856256434 0.003608 53.55
4 3810 42.382065 -71.082137 0.038866461378 0.003608 53.55
4 3811 42.382072 -71.082130 0.038876666038 0.003608 53.55
4 3812 42.382079 -71.082123 0.038886870699 0.003608 53.55
4 3813 42.382086 -71.082116 0.038897075359 0.003608 53.55
4 3814 42.382094 -71.082108 0.038907280019 0.003608 53.55
4 3815 42.382101 -71.082101 0.038917484679 0.003608 53.55
4 3816 42.382108 -71.082094 0.038927689051 0.003608 53.55
4 3817 42.382115 -71.082087 0.038937893424 0.003608 53.55
4 3818 42.382122 -71.082080 0.038948097796 0.003608 53.55
4 3819 42.382130 -71.082072 0.038958302168 0.003608 53.55
4 3820 42.382137 -71.082065 0.038968506540 0.003608 53.55
4 3821 42.382144 -71.082058 0.038978710620 0.003608 53.55
4 3822 42.382151 -71.082051 0.038988914701 0.003608 53.55
4 3823 42.382159 -71.082043 0.038999118781 0.003608 53.55
4 3824 42.382166 -71.082036 0.039009322861 0.003608 53.55
4 3825 42.382173 -71.082029 0.039019526941 0.003608 53.55
4 3826 42.382180 -71.082022 0.039029730725 0.003608 53.55
4 3827 42.382187 -71.082015 0.039039934509 0.003608 53.55
4 3828 42.382195 -71.082007 0.039050138293 0.003608 53.55
4 3829 42.382202 -71.082000 0.039060342077 0.003608 53.55
