1 3830 42.382209 -71.081993 0.039070545861 0.003607 53.55
1 3831 42.382216 -71.081986 0.039080749344 0.003607 53.55
1 3832 42.382223 -71.081979 0.039090952828 0.003607 53.55
1 3833 42.382231 -71.081971 0.039101156311 0.003607 53.55
1 3834 42.382238 -71.081964 0.039111359795 0.003607 53.55
1 3835 42.382245 -71.081957 0.039121563279 0.003607 53.55
1 3836 42.382252 -71.081950 0.039131766458 0.003607 53.55
1 3837 42.382260 -71.081942 0.039141969637 0.003607 53.55
1 3838 42.382267 -71.081935 0.039152172816 0.003607 53.55
1 3839 42.382274 -71.081928 0.039162375995 0.003607 53.55
1 3840 42.382281 -71.081921 0.039172579175 0.003607 53.55
1 3841 42.382288 -71.081914 0.039182782045 0.003607 53.55
1 3842 42.382296 -71.081906 0.039192984916 0.003607 53.55
1 3843 42.382303 -71.081899 0.039203187787 0.003607 53.55
1 3844 42.382310 -71.081892 0.039213390657 0.003607 53.55
1 3845 42.382317 -71.081885 0.039223593528 0.003607 53.55
1 3846 42.382324 -71.081878 0.039233796086 0.003607 53.55
1 3847 42.382332 -71.081870 0.039243998644 0.003607 53.55
1 3848 42.382339 -71.081863 0.039254201202 0.003607 53.55
1 3849 42.382346 -71.081856 0.039264403760 0.003607 53.55
1 3850 42.382353 -71.081849 0.039274606318 0.003607 53.55
1 3851 42.382361 -71.081841 0.039284808560 0.003607 53.55
1 3852 42.382368 -71.081834 0.039295010801 0.003607 53.55
1 3853 42.382375 -71.081827 0.039305213042 0.003607 53.55
1 3854 42.382382 -71.081820 0.039315415284 0.003607 53.55
1 3855 42.382389 -71.081813 0.039325617525 0.003607 53.55
1 3856 42.382397 -71.081805 0.039335819446 0.003607 53.55
1 3857 42.382404 -71.081798 0.039346021366 0.003607 53.55
1 3858 42.382411 -71.081791 0.039356223287 0.003607 53.55
1 3859 42.382418 -71.081784 0.039366425207 0.003607 53.55
1 3860 42.382425 -71.081777 0.039376627128 0.003607 53.55
1 3861 42.382433 -71.081769 0.039386828723 0.003607 53.55
1 3862 42.382440 -71.081762 0.039397030319 0.003607 53.55
1 3863 42.382447 -71.081755 0.039407231915 0.003607 53.55
1 3864 42.382454 -71.081748 0.039417433510 0.003607 53.55
1 3865 42.382462 -71.081740 0.039427635106 0.003607 53.55
1 3866 42.382469 -71.081733 0.039437836372 0.003607 53.55
1 3867 42.382476 -71.081726 0.039448037639 0.003607 53.55
1 3868 42.382483 -71.081719 0.039458238906 0.003607 53.55
1 3869 42.382490 -71.081712 0.039468440172 0.003607 53.55
1 3870 42.382498 -71.081704 0.039478641439 0.003607 53.55
1 3871 42.382505 -71.081697 0.039488842372 0.003607 53.55
1 3872 42.382512 -71.081690 0.039499043306 0.003607 53.55
1 3873 42.382519 -71.081683 0.039509244239 0.003607 53.55
1 3874 42.382526 -71.081676 0.039519445172 0.003607 53.55
1 3875 42.382534 -71.081668 0.039529646106 0.003606 53.55
1 3876 42.382541 -71.081661 0.039539846702 0.003606 53.55
1 3877 42.382548 -71.081654 0.039550047298 0.003606 53.55
1 3878 42.382555 -71.081647 0.039560247894 0.003606 53.55
1 3879 42.382562 -71.081640 0.039570448491 0.003606 53.55
1 3880 42.382570 -71.081632 0.039580649087 0.003606 53.55
1 3881 42.382577 -71.081625 0.039590849342 0.003606 53.55
1 3882 42.382584 -71.081618 0.039601049597 0.003606 53.55
1 3883 42.382591 -71.081611 0.039611249851 0.003606 53.55
1 3884 42.382599 -71.081603 0.039621450106 0.003606 53.55
1 3885 42.382606 -71.081596 0.039631650361 0.003606 53.55
1 3886 42.382613 -71.081589 0.039641850270 0.003606 53.55
1 3887 42.382620 -71.081582 0.039652050180 0.003606 53.55
1 3888 42.382627 -71.081575 0.039662250089 0.003606 53.55
1 3889 42.382635 -71.081567 0.039672449999 0.003606 53.55
1 3890 42.382642 -71.081560 0.039682649908 0.003606 53.55
1 3891 42.382649 -71.081553 0.039692849468 0.003606 53.55
1 3892 42.382656 -71.081546 0.039703049028 0.003606 53.55
1 3893 42.382663 -71.081539 0.039713248587 0.003606 53.55
1 3894 42.382671 -71.081531 0.039723448147 0.003606 53.55
1 3895 42.382678 -71.081524 0.039733647707 0.003606 53.55
1 3896 42.382685 -71.081517 0.039743846913 0.003606 53.55
1 3897 42.382692 -71.081510 0.039754046119 0.003606 53.55
1 3898 42.382700 -71.081502 0.039764245326 0.003606 53.55
1 3899 42.382707 -71.081495 0.039774444532 0.003606 53.55
1 3900 42.382714 -71.081488 0.039784643738 0.003606 53.55
1 3901 42.382721 -71.081481 0.039794842586 0.003606 53.55
1 3902 42.382728 -71.081474 0.039805041435 0.003606 53.55
1 3903 42.382736 -71.081466 0.039815240283 0.003606 53.55
1 3904 42.382743 -71.081459 0.039825439132 0.003606 53.55
1 3905 42.382750 -71.081452 0.039835637980 0.003606 53.55
1 3906 42.382757 -71.081445 0.039845836466 0.003606 53.55
1 3907 42.382764 -71.081438 0.039856034953 0.003606 53.55
1 3908 42.382772 -71.081430 0.039866233439 0.003606 53.55
1 3909 42.382779 -71.081423 0.039876431926 0.003606 53.55
1 3910 42.382786 -71.081416 0.039886630413 0.003606 53.55
1 3911 42.382793 -71.081409 0.039896828533 0.003606 53.55
1 3912 42.382800 -71.081402 0.039907026654 0.003606 53.55
1 3913 42.382808 -71.081394 0.039917224774 0.003606 53.55
1 3914 42.382815 -71.081387 0.039927422895 0.003606 53.55
1 3915 42.382822 -71.081380 0.039937621015 0.003605 53.55
1 3916 42.382829 -71.081373 0.039947818766 0.003605 53.55
1 3917 42.382837 -71.081365 0.039958016516 0.003605 53.55
1 3918 42.382844 -71.081358 0.039968214267 0.003605 53.55
1 3919 42.382851 -71.081351 0.039978412017 0.003605 53.55
1 3920 42.382858 -71.081344 0.039988609767 0.003605 53.55
1 3921 42.382865 -71.081337 0.039998807144 0.003605 53.55
1 3922 42.382873 -71.081329 0.040009004520 0.003605 53.55
1 3923 42.382880 -71.081322 0.040019201896 0.003605 53.55
1 3924 42.382887 -71.081315 0.040029399272 0.003605 53.55
1 3925 42.382894 -71.081308 0.040039596649 0.003605 53.55
1 3926 42.382901 -71.081301 0.040049793647 0.003605 53.55
1 3927 42.382909 -71.081293 0.040059990645 0.003605 53.55
1 3928 42.382916 -71.081286 0.040070187643 0.003605 53.55
1 3929 42.382923 -71.081279 0.040080384641 0.003605 53.55
1 3930 42.382930 -71.081272 0.040090581638 0.003605 53.55
1 3931 42.382937 -71.081265 0.040100778254 0.003605 53.55
1 3932 42.382945 -71.081257 0.040110974870 0.003605 53.55
1 3933 42.382952 -71.081250 0.040121171485 0.003605 53.55
1 3934 42.382959 -71.081243 0.040131368101 0.003605 53.55
1 3935 42.382966 -71.081236 0.040141564716 0.003605 53.55
1 3936 42.382974 -71.081228 0.040151760945 0.003605 53.55
1 3937 42.382981 -71.081221 0.040161957174 0.003605 53.55
1 3938 42.382988 -71.081214 0.040172153403 0.003605 53.55
1 3939 42.382995 -71.081207 0.040182349632 0.003605 53.55
2 3830 42.382209 -71.081993 0.039070545861 0.003607 53.55
2 3831 42.382216 -71.081986 0.039080749344 0.003607 53.55
2 3832 42.382223 -71.081979 0.039090952828 0.003607 53.55
2 3833 42.382231 -71.081971 0.039101156311 0.003607 53.55
2 3834 42.382238 -71.081964 0.039111359795 0.003607 53.55
2 3835 42.382245 -71.081957 0.039121563279 0.003607 53.55
2 3836 42.382252 -71.081950 0.039131766458 0.003607 53.55
2 3837 42.382260 -71.081942 0.039141969637 0.003607 53.55
2 3838 42.382267 -71.081935 0.039152172816 0.003607 53.55
2 3839 42.382274 -71.081928 0.039162375995 0.003607 53.55
2 3840 42.382281 -71.081921 0.039172579175 0.003607 53.55
2 3841 42.382288 -71.081914 0.039182782045 0.003607 53.55
2 3842 42.382296 -71.081906 0.039192984916 0.003607 53.55
2 3843 42.382303 -71.081899 0.039203187787 0.003607 53.55
2 3844 42.382310 -71.081892 0.039213390657 0.003607 53.55
2 3845 42.382317 -71.081885 0.039223593528 0.003607 53.55
2 3846 42.382324 -71.081878 0.039233796086 0.003607 53.55
2 3847 42.382332 -71.081870 0.039243998644 0.003607 53.55
2 3848 42.382339 -71.081863 0.039254201202 0.003607 53.55
2 3849 42.382346 -71.081856 0.039264403760 0.003607 53.55
2 3850 42.382353 -71.081849 0.039274606318 0.003607 53.55
2 3851 42.382361 -71.081841 0.039284808560 0.003607 53.55
2 3852 42.382368 -71.081834 0.039295010801 0.003607 53.55
2 3853 42.382375 -71.081827 0.039305213042 0.003607 53.55
2 3854 42.382382 -71.081820 0.039315415284 0.003607 53.55
2 3855 42.382389 -71.081813 0.039325617525 0.003607 53.55
2 3856 42.382397 -71.081805 0.039335819446 0.003607 53.55
2 3857 42.382404 -71.081798 0.039346021366 0.003607 53.55
2 3858 42.382411 -71.081791 0.039356223287 0.003607 53.55
2 3859 42.382418 -71.081784 0.039366425207 0.003607 53.55
2 3860 42.382425 -71.081777 0.039376627128 0.003607 53.55
2 3861 42.382433 -71.081769 0.039386828723 0.003607 53.55
2 3862 42.382440 -71.081762 0.039397030319 0.003607 53.55
2 3863 42.382447 -71.081755 0.039407231915 0.003607 53.55
2 3864 42.382454 -71.081748 0.039417433510 0.003607 53.55
2 3865 42.382462 -71.081740 0.039427635106 0.003607 53.55
2 3866 42.382469 -71.081733 0.039437836372 0.003607 53.55
2 3867 42.382476 -71.081726 0.039448037639 0.003607 53.55
2 3868 42.382483 -71.081719 0.039458238906 0.003607 53.55
2 3869 42.382490 -71.081712 0.039468440172 0.003607 53.55
2 3870 42.382498 -71.081704 0.039478641439 0.003607 53.55
2 3871 42.382505 -71.081697 0.039488842372 0.003607 53.55
2 3872 42.382512 -71.081690 0.039499043306 0.003607 53.55
2 3873 42.382519 -71.081683 0.039509244239 0.003607 53.55
2 3874 42.382526 -71.081676 0.039519445172 0.003607 53.55
2 3875 42.382534 -71.081668 0.039529646106 0.003606 53.55
2 3876 42.382541 -71.081661 0.039539846702 0.003606 53.55
2 3877 42.382548 -71.081654 0.039550047298 0.003606 53.55
2 3878 42.382555 -71.081647 0.039560247894 0.003606 53.55
2 3879 42.382562 -71.081640 0.039570448491 0.003606 53.55
2 3880 42.382570 -71.081632 0.039580649087 0.003606 53.55
2 3881 42.382577 -71.081625 0.039590849342 0.003606 53.55
2 3882 42.382584 -71.081618 0.039601049597 0.003606 53.55
2 3883 42.382591 -71.081611 0.039611249851 0.003606 53.55
2 3884 42.382599 -71.081603 0.039621450106 0.003606 53.55
2 3885 42.382606 -71.081596 0.039631650361 0.003606 53.55
2 3886 42.382613 -71.081589 0.039641850270 0.003606 53.55
2 3887 42.382620 -71.081582 0.039652050180 0.003606 53.55
2 3888 42.382627 -71.081575 0.039662250089 0.003606 53.55
2 3889 42.382635 -71.081567 0.039672449999 0.003606 53.55
2 3890 42.382642 -71.081560 0.039682649908 0.003606 53.55
2 3891 42.382649 -71.081553 0.039692849468 0.003606 53.55
2 3892 42.382656 -71.081546 0.039703049028 0.003606 53.55
2 3893 42.382663 -71.081539 0.039713248587 0.003606 53.55
2 3894 42.382671 -71.081531 0.039723448147 0.003606 53.55
2 3895 42.382678 -71.081524 0.039733647707 0.003606 53.55
2 3896 42.382685 -71.081517 0.039743846913 0.003606 53.55
2 3897 42.382692 -71.081510 0.039754046119 0.003606 53.55
2 3898 42.382700 -71.081502 0.039764245326 0.003606 53.55
2 3899 42.382707 -71.081495 0.039774444532 0.003606 53.55
2 3900 42.382714 -71.081488 0.039784643738 0.003606 53.55
2 3901 42.382721 -71.081481 0.039794842586 0.003606 53.55
2 3902 42.382728 -71.081474 0.039805041435 0.003606 53.55
2 3903 42.382736 -71.081466 0.039815240283 0.003606 53.55
2 3904 42.382743 -71.081459 0.039825439132 0.003606 53.55
2 3905 42.382750 -71.081452 0.039835637980 0.003606 53.55
2 3906 42.382757 -71.081445 0.039845836466 0.003606 53.55
2 3907 42.382764 -71.081438 0.039856034953 0.003606 53.55
2 3908 42.382772 -71.081430 0.039866233439 0.003606 53.55
2 3909 42.382779 -71.081423 0.039876431926 0.003606 53.55
2 3910 42.382786 -71.081416 0.039886630413 0.003606 53.55
2 3911 42.382793 -71.081409 0.039896828533 0.003606 53.55
2 3912 42.382800 -71.081402 0.039907026654 0.003606 53.55
2 3913 42.382808 -71.081394 0.039917224774 0.003606 53.55
2 3914 42.382815 -71.081387 0.039927422895 0.003606 53.55
2 3915 42.382822 -71.081380 0.039937621015 0.003605 53.55
2 3916 42.382829 -71.081373 0.039947818766 0.003605 53.55
2 3917 42.382837 -71.081365 0.039958016516 0.003605 53.55
2 3918 42.382844 -71.081358 0.039968214267 0.003605 53.55
2 3919 42.382851 -71.081351 0.039978412017 0.003605 53.55
2 3920 42.382858 -71.081344 0.039988609767 0.003605 53.55
2 3921 42.382865 -71.081337 0.039998807144 0.003605 53.55
2 3922 42.382873 -71.081329 0.040009004520 0.003605 53.55
2 3923 42.382880 -71.081322 0.040019201896 0.003605 53.55
2 3924 42.382887 -71.081315 0.040029399272 0.003605 53.55
2 3925 42.382894 -71.081308 0.040039596649 0.003605 53.55
2 3926 42.382901 -71.081301 0.040049793647 0.003605 53.55
2 3927 42.382909 -71.081293 0.040059990645 0.003605 53.55
2 3928 42.382916 -71.081286 0.040070187643 0.003605 53.55
2 3929 42.382923 -71.081279 0.040080384641 0.003605 53.55
2 3930 42.382930 -71.081272 0.040090581638 0.003605 53.55
2 3931 42.382937 -71.081265 0.040100778254 0.003605 53.55
2 3932 42.382945 -71.081257 0.040110974870 0.003605 53.55
2 3933 42.382952 -71.081250 0.040121171485 0.003605 53.55
2 3934 42.382959 -71.081243 0.040131368101 0.003605 53.55
2 3935 42.382966 -71.081236 0.040141564716 0.003605 53.55
2 3936 42.382974 -71.081228 0.040151760945 0.003605 53.55
2 3937 42.382981 -71.081221 0.040161957174 0.003605 53.55
2 3938 42.382988 -71.081214 0.040172153403 0.003605 53.55
2 3939 42.382995 -71.081207 0.040182349632 0.003605 53.55
3 3830 42.382209 -71.081993 0.039070545861 0.003607 53.55
3 3831 42.382216 -71.081986 0.039080749344 0.003607 53.55
3 3832 42.382223 -71.081979 0.039090952828 0.003607 53.55
3 3833 42.382231 -71.081971 0.039101156311 0.003607 53.55
3 3834 42.382238 -71.081964 0.039111359795 0.003607 53.55
3 3835 42.382245 -71.081957 0.039121563279 0.003607 53.55
3 3836 42.382252 -71.081950 0.039131766458 0.003607 53.55
3 3837 42.382260 -71.081942 0.039141969637 0.003607 53.55
3 3838 42.382267 -71.081935 0.039152172816 0.003607 53.55
3 3839 42.382274 -71.081928 0.039162375995 0.003607 53.55
3 3840 42.382281 -71.081921 0.039172579175 0.003607 53.55
3 3841 42.382288 -71.081914 0.039182782045 0.003607 53.55
3 3842 42.382296 -71.081906 0.039192984916 0.003607 53.55
3 3843 42.382303 -71.081899 0.039203187787 0.003607 53.55
3 3844 42.382310 -71.081892 0.039213390657 0.003607 53.55
3 3845 42.382317 -71.081885 0.039223593528 0.003607 53.55
3 3846 42.382324 -71.081878 0.039233796086 0.003607 53.55
3 3847 42.382332 -71.081870 0.039243998644 0.003607 53.55
3 3848 42.382339 -71.081863 0.039254201202 0.003607 53.55
3 3849 42.382346 -71.081856 0.039264403760 0.003607 53.55
3 3850 42.382353 -71.081849 0.039274606318 0.003607 53.55
3 3851 42.382361 -71.081841 0.039284808560 0.003607 53.55
3 3852 42.382368 -71.081834 0.039295010801 0.003607 53.55
3 3853 42.382375 -71.081827 0.039305213042 0.003607 53.55
3 3854 42.382382 -71.081820 0.039315415284 0.003607 53.55
3 3855 42.382389 -71.081813 0.039325617525 0.003607 53.55
3 3856 42.382397 -71.081805 0.039335819446 0.003607 53.55
3 3857 42.382404 -71.081798 0.039346021366 0.003607 53.55
3 3858 42.382411 -71.081791 0.039356223287 0.003607 53.55
3 3859 42.382418 -71.081784 0.039366425207 0.003607 53.55
3 3860 42.382425 -71.081777 0.039376627128 0.003607 53.55
3 3861 42.382433 -71.081769 0.039386828723 0.003607 53.55
3 3862 42.382440 -71.081762 0.039397030319 0.003607 53.55
3 3863 42.382447 -71.081755 0.039407231915 0.003607 53.55
3 3864 42.382454 -71.081748 0.039417433510 0.003607 53.55
3 3865 42.382462 -71.081740 0.039427635106 0.003607 53.55
3 3866 42.382469 -71.081733 0.039437836372 0.003607 53.55
3 3867 42.382476 -71.081726 0.039448037639 0.003607 53.55
3 3868 42.382483 -71.081719 0.039458238906 0.003607 53.55
3 3869 42.382490 -71.081712 0.039468440172 0.003607 53.55
3 3870 42.382498 -71.081704 0.039478641439 0.003607 53.55
3 3871 42.382505 -71.081697 0.039488842372 0.003607 53.55
3 3872 42.382512 -71.081690 0.039499043306 0.003607 53.55
3 3873 42.382519 -71.081683 0.039509244239 0.003607 53.55
3 3874 42.382526 -71.081676 0.039519445172 0.003607 53.55
3 3875 42.382534 -71.081668 0.039529646106 0.003606 53.55
3 3876 42.382541 -71.081661 0.039539846702 0.003606 53.55
3 3877 42.382548 -71.081654 0.039550047298 0.003606 53.55
3 3878 42.382555 -71.081647 0.039560247894 0.003606 53.55
3 3879 42.382562 -71.081640 0.039570448491 0.003606 53.55
3 3880 42.382570 -71.081632 0.039580649087 0.003606 53.55
3 3881 42.382577 -71.081625 0.039590849342 0.003606 53.55
3 3882 42.382584 -71.081618 0.039601049597 0.003606 53.55
3 3883 42.382591 -71.081611 0.039611249851 0.003606 53.55
3 3884 42.382599 -71.081603 0.039621450106 0.003606 53.55
3 3885 42.382606 -71.081596 0.039631650361 0.003606 53.55
3 3886 42.382613 -71.081589 0.039641850270 0.003606 53.55
3 3887 42.382620 -71.081582 0.039652050180 0.003606 53.55
3 3888 42.382627 -71.081575 0.039662250089 0.003606 53.55
3 3889 42.382635 -71.081567 0.039672449999 0.003606 53.55
3 3890 42.382642 -71.081560 0.039682649908 0.003606 53.55
3 3891 42.382649 -71.081553 0.039692849468 0.003606 53.55
3 3892 42.382656 -71.081546 0.039703049028 0.003606 53.55
3 3893 42.382663 -71.081539 0.039713248587 0.003606 53.55
3 3894 42.382671 -71.081531 0.039723448147 0.003606 53.55
3 3895 42.382678 -71.081524 0.039733647707 0.003606 53.55
3 3896 42.382685 -71.081517 0.039743846913 0.003606 53.55
3 3897 42.382692 -71.081510 0.039754046119 0.003606 53.55
3 3898 42.382700 -71.081502 0.039764245326 0.003606 53.55
3 3899 42.382707 -71.081495 0.039774444532 0.003606 53.55
3 3900 42.382714 -71.081488 0.039784643738 0.003606 53.55
3 3901 42.382721 -71.081481 0.039794842586 0.003606 53.55
3 3902 42.382728 -71.081474 0.039805041435 0.003606 53.55
3 3903 42.382736 -71.081466 0.039815240283 0.003606 53.55
3 3904 42.382743 -71.081459 0.039825439132 0.003606 53.55
3 3905 42.382750 -71.081452 0.039835637980 0.003606 53.55
3 3906 42.382757 -71.081445 0.039845836466 0.003606 53.55
3 3907 42.382764 -71.081438 0.039856034953 0.003606 53.55
3 3908 42.382772 -71.081430 0.039866233439 0.003606 53.55
3 3909 42.382779 -71.081423 0.039876431926 0.003606 53.55
3 3910 42.382786 -71.081416 0.039886630413 0.003606 53.55
3 3911 42.382793 -71.081409 0.039896828533 0.003606 53.55
3 3912 42.382800 -71.081402 0.039907026654 0.003606 53.55
3 3913 42.382808 -71.081394 0.039917224774 0.003606 53.55
3 3914 42.382815 -71.081387 0.039927422895 0.003606 53.55
3 3915 42.382822 -71.081380 0.039937621015 0.003605 53.55
3 3916 42.382829 -71.081373 0.039947818766 0.003605 53.55
3 3917 42.382837 -71.081365 0.039958016516 0.003605 53.55
3 3918 42.382844 -71.081358 0.039968214267 0.003605 53.55
3 3919 42.382851 -71.081351 0.039978412017 0.003605 53.55
3 3920 42.382858 -71.081344 0.039988609767 0.003605 53.55
3 3921 42.382865 -71.081337 0.039998807144 0.003605 53.55
3 3922 42.382873 -71.081329 0.040009004520 0.003605 53.55
3 3923 42.382880 -71.081322 0.040019201896 0.003605 53.55
3 3924 42.382887 -71.081315 0.040029399272 0.003605 53.55
3 3925 42.382894 -71.081308 0.040039596649 0.003605 53.55
3 3926 42.382901 -71.081301 0.040049793647 0.003605 53.55
3 3927 42.382909 -71.081293 0.040059990645 0.003605 53.55
3 3928 42.382916 -71.081286 0.040070187643 0.003605 53.55
3 3929 42.382923 -71.081279 0.040080384641 0.003605 53.55
3 3930 42.382930 -71.081272 0.040090581638 0.003605 53.55
3 3931 42.382937 -71.081265 0.040100778254 0.003605 53.55
3 3932 42.382945 -71.081257 0.040110974870 0.003605 53.55
3 3933 42.382952 -71.081250 0.040121171485 0.003605 53.55
3 3934 42.382959 -71.081243 0.040131368101 0.003605 53.55
3 3935 42.382966 -71.081236 0.040141564716 0.003605 53.55
3 3936 42.382974 -71.081228 0.040151760945 0.003605 53.55
3 3937 42.382981 -71.081221 0.040161957174 0.003605 53.55
3 3938 42.382988 -71.081214 0.040172153403 0.003605 53.55
3 3939 42.382995 -71.081207 0.040182349632 0.003605 53.55
4 3830 42.382209 -71.081993 0.039070545861 0.003607 53.55
4 3831 42.382216 -71.081986 0.039080749344 0.003607 53.55
4 3832 42.382223 -71.081979 0.039090952828 0.003607 53.55
4 3833 42.382231 -71.081971 0.039101156311 0.003607 53.55
4 3834 42.382238 -71.081964 0.039111359795 0.003607 53.55
4 3835 42.382245 -71.081957 0.039121563279 0.003607 53.55
4 3836 42.382252 -71.081950 0.039131766458 0.003607 53.55
4 3837 42.382260 -71.081942 0.039141969637 0.003607 53.55
4 3838 42.382267 -71.081935 0.039152172816 0.003607 53.55
4 3839 42.382274 -71.081928 0.039162375995 0.003607 53.55
4 3840 42.382281 -71.081921 0.039172579175 0.003607 53.55
4 3841 42.382288 -71.081914 0.039182782045 0.003607 53.55
4 3842 42.382296 -71.081906 0.039192984916 0.003607 53.55
4 3843 42.382303 -71.081899 0.039203187787 0.003607 53.55
4 3844 42.382310 -71.081892 0.039213390657 0.003607 53.55
4 3845 42.382317 -71.081885 0.039223593528 0.003607 53.55
4 3846 42.382324 -71.081878 0.039233796086 0.003607 53.55
4 3847 42.382332 -71.081870 0.039243998644 0.003607 53.55
4 3848 42.382339 -71.081863 0.039254201202 0.003607 53.55
4 3849 42.382346 -71.081856 0.039264403760 0.003607 53.55
4 3850 42.382353 -71.081849 0.039274606318 0.003607 53.55
4 3851 42.382361 -71.081841 0.039284808560 0.003607 53.55
4 3852 42.382368 -71.081834 0.039295010801 0.003607 53.55
4 3853 42.382375 -71.081827 0.039305213042 0.003607 53.55
4 3854 42.382382 -71.081820 0.039315415284 0.003607 53.55
4 3855 42.382389 -71.081813 0.039325617525 0.003607 53.55
4 3856 42.382397 -71.081805 0.039335819446 0.003607 53.55
4 3857 42.382404 -71.081798 0.039346021366 0.003607 53.55
4 3858 42.382411 -71.081791 0.039356223287 0.003607 53.55
4 3859 42.382418 -71.081784 0.039366425207 0.003607 53.55
4 3860 42.382425 -71.081777 0.039376627128 0.003607 53.55
4 3861 42.382433 -71.081769 0.039386828723 0.003607 53.55
4 3862 42.382440 -71.081762 0.039397030319 0.003607 53.55
4 3863 42.382447 -71.081755 0.039407231915 0.003607 53.55
4 3864 42.382454 -71.081748 0.039417433510 0.003607 53.55
4 3865 42.382462 -71.081740 0.039427635106 0.003607 53.55
4 3866 42.382469 -71.081733 0.039437836372 0.003607 53.55
4 3867 42.382476 -71.081726 0.039448037639 0.003607 53.55
4 3868 42.382483 -71.081719 0.039458238906 0.003607 53.55
4 3869 42.382490 -71.081712 0.039468440172 0.003607 53.55
4 3870 42.382498 -71.081704 0.039478641439 0.003607 53.55
4 3871 42.382505 -71.081697 0.039488842372 0.003607 53.55
4 3872 42.382512 -71.081690 0.039499043306 0.003607 53.55
4 3873 42.382519 -71.081683 0.039509244239 0.003607 53.55
4 3874 42.382526 -71.081676 0.039519445172 0.003607 53.55
4 3875 42.382534 -71.081668 0.039529646106 0.003606 53.55
4 3876 42.382541 -71.081661 0.039539846702 0.003606 53.55
4 3877 42.382548 -71.081654 0.039550047298 0.003606 53.55
4 3878 42.382555 -71.081647 0.039560247894 0.003606 53.55
4 3879 42.382562 -71.081640 0.039570448491 0.003606 53.55
4 3880 42.382570 -71.081632 0.039580649087 0.003606 53.55
4 3881 42.382577 -71.081625 0.039590849342 0.003606 53.55
4 3882 42.382584 -71.081618 0.039601049597 0.003606 53.55
4 3883 42.382591 -71.081611 0.039611249851 0.003606 53.55
4 3884 42.382599 -71.081603 0.039621450106 0.003606 53.55
4 3885 42.382606 -71.081596 0.039631650361 0.003606 53.55
4 3886 42.382613 -71.081589 0.039641850270 0.003606 53.55
4 3887 42.382620 -71.081582 0.039652050180 0.003606 53.55
4 3888 42.382627 -71.081575 0.039662250089 0.003606 53.55
4 3889 42.382635 -71.081567 0.039672449999 0.003606 53.55
4 3890 42.382642 -71.081560 0.039682649908 0.003606 53.55
4 3891 42.382649 -71.081553 0.039692849468 0.003606 53.55
4 3892 42.382656 -71.081546 0.039703049028 0.003606 53.55
4 3893 42.382663 -71.081539 0.039713248587 0.003606 53.55
4 3894 42.382671 -71.081531 0.039723448147 0.003606 53.55
4 3895 42.382678 -71.081524 0.039733647707 0.003606 53.55
4 3896 42.382685 -71.081517 0.039743846913 0.003606 53.55
4 3897 42.382692 -71.081510 0.039754046119 0.003606 53.55
4 3898 42.382700 -71.081502 0.039764245326 0.003606 53.55
4 3899 42.382707 -71.081495 0.039774444532 0.003606 53.55
4 3900 42.382714 -71.081488 0.039784643738 0.003606 53.55
4 3901 42.382721 -71.081481 0.039794842586 0.003606 53.55
4 3902 42.382728 -71.081474 0.039805041435 0.003606 53.55
4 3903 42.382736 -71.081466 0.039815240283 0.003606 53.55
4 3904 42.382743 -71.081459 0.039825439132 0.003606 53.55
4 3905 42.382750 -71.081452 0.039835637980 0.003606 53.55
4 3906 42.382757 -71.081445 0.039845836466 0.003606 53.55
4 3907 42.382764 -71.081438 0.039856034953 0.003606 53.55
4 3908 42.382772 -71.081430 0.039866233439 0.003606 53.55
4 3909 42.382779 -71.081423 0.039876431926 0.003606 53.55
4 3910 42.382786 -71.081416 0.039886630413 0.003606 53.55
4 3911 42.382793 -71.081409 0.039896828533 0.003606 53.55
4 3912 42.382800 -71.081402 0.039907026654 0.003606 53.55
4 3913 42.382808 -71.081394 0.039917224774 0.003606 53.55
4 3914 42.382815 -71.081387 0.039927422895 0.003606 53.55
4 3915 42.382822 -71.081380 0.039937621015 0.003605 53.55
4 3916 42.382829 -71.081373 0.039947818766 0.003605 53.55
4 3917 42.382837 -71.081365 0.039958016516 0.003605 53.55
4 3918 42.382844 -71.081358 0.039968214267 0.003605 53.55
4 3919 42.382851 -71.081351 0.039978412017 0.003605 53.55
4 3920 42.382858 -71.081344 0.039988609767 0.003605 53.55
4 3921 42.382865 -71.081337 0.039998807144 0.003605 53.55
4 3922 42.382873 -71.081329 0.040009004520 0.003605 53.55
4 3923 42.382880 -71.081322 0.040019201896 0.003605 53.55
4 3924 42.382887 -71.081315 0.040029399272 0.003605 53.55
4 3925 42.382894 -71.081308 0.040039596649 0.003605 53.55
4 3926 42.382901 -71.081301 0.040049793647 0.003605 53.55
4 3927 42.382909 -71.081293 0.040059990645 0.003605 53.55
4 3928 42.382916 -71.081286 0.040070187643 0.003605 53.55
4 3929 42.382923 -71.081279 0.040080384641 0.003605 53.55
4 3930 42.382930 -71.081272 0.040090581638 0.003605 53.55
4 3931 42.382937 -71.081265 0.040100778254 0.003605 53.55
4 3932 42.382945 -71.081257 0.040110974870 0.003605 53.55
4 3933 42.382952 -71.081250 0.040121171485 0.003605 53.55
4 3934 42.382959 -71.081243 0.040131368101 0.003605 53.55
4 3935 42.382966 -71.081236 0.040141564716 0.003605 53.55
4 3936 42.382974 -71.081228 0.040151760945 0.003605 53.55
4 3937 42.382981 -71.081221 0.040161957174 0.003605 53.55
4 3938 42.382988 -71.081214 0.040172153403 0.003605 53.55
4 3939 42.382995 -71.081207 0.040182349632 0.003605 53.55
