1 3663 42.381004 -71.083198 0.037365828658 0.003610 53.55
1 3664 42.381011 -71.083191 0.037376040051 0.003610 53.55
1 3665 42.381018 -71.083184 0.037386251444 0.003610 53.55
1 3666 42.381025 -71.083177 0.037396462672 0.003610 53.55
1 3667 42.381032 -71.083170 0.037406673900 0.003610 53.55
1 3668 42.381040 -71.083162 0.037416885128 0.003610 53.55
1 3669 42.381047 -71.083155 0.037427096356 0.003610 53.55
1 3670 42.381054 -71.083148 0.037437307584 0.003610 53.55
1 3671 42.381061 -71.083141 0.037447518643 0.003610 53.55
1 3672 42.381069 -71.083133 0.037457729702 0.003610 53.55
1 3673 42.381076 -71.083126 0.037467940761 0.003610 53.55
1 3674 42.381083 -71.083119 0.037478151819 0.003610 53.55
1 3675 42.381090 -71.083112 0.037488362878 0.003610 53.55
1 3676 42.381097 -71.083105 0.037498573764 0.003610 53.55
1 3677 42.381105 -71.083097 0.037508784650 0.003610 53.55
1 3678 42.381112 -71.083090 0.037518995536 0.003610 53.55
1 3679 42.381119 -71.083083 0.037529206421 0.003610 53.55
1 3680 42.381126 -71.083076 0.037539417307 0.003610 53.55
1 3681 42.381134 -71.083068 0.037549628015 0.003610 53.55
1 3682 42.381141 -71.083061 0.037559838724 0.003610 53.55
1 3683 42.381148 -71.083054 0.037570049432 0.003610 53.55
1 3684 42.381155 -71.083047 0.037580260141 0.003610 53.55
1 3685 42.381162 -71.083040 0.037590470849 0.003610 53.55
1 3686 42.381170 -71.083032 0.037600681376 0.003610 53.55
1 3687 42.381177 -71.083025 0.037610891903 0.003610 53.55
1 3688 42.381184 -71.083018 0.037621102430 0.003610 53.55
1 3689 42.381191 -71.083011 0.037631312958 0.003610 53.55
1 3690 42.381199 -71.083003 0.037641523485 0.003610 53.55
2 3663 42.381004 -71.083198 0.037365828658 0.003610 53.55
2 3664 42.381011 -71.083191 0.037376040051 0.003610 53.55
2 3665 42.381018 -71.083184 0.037386251444 0.003610 53.55
2 3666 42.381025 -71.083177 0.037396462672 0.003610 53.55
2 3667 42.381032 -71.083170 0.037406673900 0.003610 53.55
2 3668 42.381040 -71.083162 0.037416885128 0.003610 53.55
2 3669 42.381047 -71.083155 0.037427096356 0.003610 53.55
2 3670 42.381054 -71.083148 0.037437307584 0.003610 53.55
2 3671 42.381061 -71.083141 0.037447518643 0.003610 53.55
2 3672 42.381069 -71.083133 0.037457729702 0.003610 53.55
2 3673 42.381076 -71.083126 0.037467940761 0.003610 53.55
2 3674 42.381083 -71.083119 0.037478151819 0.003610 53.55
2 3675 42.381090 -71.083112 0.037488362878 0.003610 53.55
2 3676 42.381097 -71.083105 0.037498573764 0.003610 53.55
2 3677 42.381105 -71.083097 0.037508784650 0.003610 53.55
2 3678 42.381112 -71.083090 0.037518995536 0.003610 53.55
2 3679 42.381119 -71.083083 0.037529206421 0.003610 53.55
2 3680 42.381126 -71.083076 0.037539417307 0.003610 53.55
2 3681 42.381134 -71.083068 0.037549628015 0.003610 53.55
2 3682 42.381141 -71.083061 0.037559838724 0.003610 53.55
2 3683 42.381148 -71.083054 0.037570049432 0.003610 53.55
2 3684 42.381155 -71.083047 0.037580260141 0.003610 53.55
2 3685 42.381162 -71.083040 0.037590470849 0.003610 53.55
2 3686 42.381170 -71.083032 0.037600681376 0.003610 53.55
2 3687 42.381177 -71.083025 0.037610891903 0.003610 53.55
2 3688 42.381184 -71.083018 0.037621102430 0.003610 53.55
2 3689 42.381191 -71.083011 0.037631312958 0.003610 53.55
2 3690 42.381199 -71.083003 0.037641523485 0.003610 53.55
3 3663 42.381004 -71.083198 0.037365828658 0.003610 53.55
3 3664 42.381011 -71.083191 0.037376040051 0.003610 53.55
3 3665 42.381018 -71.083184 0.037386251444 0.003610 53.55
3 3666 42.381025 -71.083177 0.037396462672 0.003610 53.55
3 3667 42.381032 -71.083170 0.037406673900 0.003610 53.55
3 3668 42.381040 -71.083162 0.037416885128 0.003610 53.55
3 3669 42.381047 -71.083155 0.037427096356 0.003610 53.55
3 3670 42.381054 -71.083148 0.037437307584 0.003610 53.55
3 3671 42.381061 -71.083141 0.037447518643 0.003610 53.55
3 3672 42.381069 -71.083133 0.037457729702 0.003610 53.55
3 3673 42.381076 -71.083126 0.037467940761 0.003610 53.55
3 3674 42.381083 -71.083119 0.037478151819 0.003610 53.55
3 3675 42.381090 -71.083112 0.037488362878 0.003610 53.55
3 3676 42.381097 -71.083105 0.037498573764 0.003610 53.55
3 3677 42.381105 -71.083097 0.037508784650 0.003610 53.55
3 3678 42.381112 -71.083090 0.037518995536 0.003610 53.55
3 3679 42.381119 -71.083083 0.037529206421 0.003610 53.55
3 3680 42.381126 -71.083076 0.037539417307 0.003610 53.55
3 3681 42.381134 -71.083068 0.037549628015 0.003610 53.55
3 3682 42.381141 -71.083061 0.037559838724 0.003610 53.55
3 3683 42.381148 -71.083054 0.037570049432 0.003610 53.55
3 3684 42.381155 -71.083047 0.037580260141 0.003610 53.55
3 3685 42.381162 -71.083040 0.037590470849 0.003610 53.55
3 3686 42.381170 -71.083032 0.037600681376 0.003610 53.55
3 3687 42.381177 -71.083025 0.037610891903 0.003610 53.55
3 3688 42.381184 -71.083018 0.037621102430 0.003610 53.55
3 3689 42.381191 -71.083011 0.037631312958 0.003610 53.55
3 3690 42.381199 -71.083003 0.037641523485 0.003610 53.55
4 3663 42.381004 -71.083198 0.037365828658 0.003610 53.55
4 3664 42.381011 -71.083191 0.037376040051 0.003610 53.55
4 3665 42.381018 -71.083184 0.037386251444 0.003610 53.55
4 3666 42.381025 -71.083177 0.037396462672 0.003610 53.55
4 3667 42.381032 -71.083170 0.037406673900 0.003610 53.55
4 3668 42.381040 -71.083162 0.037416885128 0.003610 53.55
4 3669 42.381047 -71.083155 0.037427096356 0.003610 53.55
4 3670 42.381054 -71.083148 0.037437307584 0.003610 53.55
4 3671 42.381061 -71.083141 0.037447518643 0.003610 53.55
4 3672 42.381069 -71.083133 0.037457729702 0.003610 53.55
4 3673 42.381076 -71.083126 0.037467940761 0.003610 53.55
4 3674 42.381083 -71.083119 0.037478151819 0.003610 53.55
4 3675 42.381090 -71.083112 0.037488362878 0.003610 53.55
4 3676 42.381097 -71.083105 0.037498573764 0.003610 53.55
4 3677 42.381105 -71.083097 0.037508784650 0.003610 53.55
4 3678 42.381112 -71.083090 0.037518995536 0.003610 53.55
4 3679 42.381119 -71.083083 0.037529206421 0.003610 53.55
4 3680 42.381126 -71.083076 0.037539417307 0.003610 53.55
4 3681 42.381134 -71.083068 0.037549628015 0.003610 53.55
4 3682 42.381141 -71.083061 0.037559838724 0.003610 53.55
4 3683 42.381148 -71.083054 0.037570049432 0.003610 53.55
4 3684 42.381155 -71.083047 0.037580260141 0.003610 53.55
4 3685 42.381162 -71.083040 0.037590470849 0.003610 53.55
4 3686 42.381170 -71.083032 0.037600681376 0.003610 53.55
4 3687 42.381177 -71.083025 0.037610891903 0.003610 53.55
4 3688 42.381184 -71.083018 0.037621102430 0.003610 53.55
4 3689 42.381191 -71.083011 0.037631312958 0.003610 53.55
4 3690 42.381199 -71.083003 0.037641523485 0.003610 53.55
