1 3552 42.380202 -71.084000 0.036232202012 0.003611 53.55
1 3553 42.380209 -71.083993 0.036242415997 0.003611 53.55
1 3554 42.380216 -71.083986 0.036252629983 0.003611 53.55
1 3555 42.380224 -71.083978 0.036262843968 0.003611 53.55
1 3556 42.380231 -71.083971 0.036273057879 0.003611 53.55
1 3557 42.380238 -71.083964 0.036283271790 0.003611 53.55
1 3558 42.380245 -71.083957 0.036293485700 0.003611 53.55
1 3559 42.380253 -71.083949 0.036303699611 0.003611 53.55
1 3560 42.380260 -71.083942 0.036313913522 0.003611 53.55
1 3561 42.380267 -71.083935 0.036324127353 0.003611 53.55
1 3562 42.380274 -71.083928 0.036334341185 0.003611 53.55
1 3563 42.380281 -71.083921 0.036344555017 0.003611 53.55
1 3564 42.380289 -71.083913 0.036354768849 0.003611 53.55
1 3565 42.380296 -71.083906 0.036364982680 0.003611 53.55
1 3566 42.380303 -71.083899 0.036375196429 0.003611 53.55
1 3567 42.380310 -71.083892 0.036385410178 0.003611 53.55
1 3568 42.380318 -71.083884 0.036395623927 0.003611 53.55
1 3569 42.380325 -71.083877 0.036405837675 0.003611 53.55
1 3570 42.380332 -71.083870 0.036416051424 0.003611 53.55
1 3571 42.380339 -71.083863 0.036426265086 0.003611 53.55
1 3572 42.380346 -71.083856 0.036436478747 0.003611 53.55
1 3573 42.380354 -71.083848 0.036446692409 0.003611 53.55
1 3574 42.380361 -71.083841 0.036456906071 0.003611 53.55
1 3575 42.380368 -71.083834 0.036467119732 0.003611 53.55
1 3576 42.380375 -71.083827 0.036477333303 0.003611 53.55
1 3577 42.380383 -71.083819 0.036487546873 0.003611 53.55
1 3578 42.380390 -71.083812 0.036497760444 0.003611 53.55
1 3579 42.380397 -71.083805 0.036507974014 0.003611 53.55
1 3580 42.380404 -71.083798 0.036518187584 0.003611 53.55
1 3581 42.380411 -71.083791 0.036528401060 0.003611 53.55
1 3582 42.380419 -71.083783 0.036538614535 0.003611 53.55
1 3583 42.380426 -71.083776 0.036548828010 0.003611 53.55
1 3584 42.380433 -71.083769 0.036559041485 0.003611 53.55
1 3585 42.380440 -71.083762 0.036569254960 0.003611 53.55
1 3586 42.380448 -71.083754 0.036579468336 0.003611 53.55
1 3587 42.380455 -71.083747 0.036589681712 0.003611 53.55
1 3588 42.380462 -71.083740 0.036599895087 0.003611 53.55
1 3589 42.380469 -71.083733 0.036610108463 0.003611 53.55
1 3590 42.380476 -71.083726 0.036620321839 0.003611 53.55
1 3591 42.380484 -71.083718 0.036630535111 0.003611 53.55
1 3592 42.380491 -71.083711 0.036640748383 0.003611 53.55
1 3593 42.380498 -71.083704 0.036650961655 0.003611 53.55
1 3594 42.380505 -71.083697 0.036661174928 0.003611 53.55
1 3595 42.380513 -71.083689 0.036671388200 0.003611 53.55
1 3596 42.380520 -71.083682 0.036681601364 0.003611 53.55
1 3597 42.380527 -71.083675 0.036691814529 0.003611 53.55
1 3598 42.380534 -71.083668 0.036702027694 0.003611 53.55
1 3599 42.380541 -71.083661 0.036712240858 0.003611 53.55
1 3600 42.380549 -71.083653 0.036722454023 0.003611 53.55
1 3601 42.380556 -71.083646 0.036732667076 0.003611 53.55
1 3602 42.380563 -71.083639 0.036742880129 0.003611 53.55
1 3603 42.380570 -71.083632 0.036753093182 0.003611 53.55
1 3604 42.380578 -71.083624 0.036763306235 0.003611 53.55
1 3605 42.380585 -71.083617 0.036773519288 0.003611 53.55
1 3606 42.380592 -71.083610 0.036783732225 0.003611 53.55
1 3607 42.380599 -71.083603 0.036793945162 0.003611 53.55
1 3608 42.380606 -71.083596 0.036804158099 0.003611 53.55
1 3609 42.380614 -71.083588 0.036814371036 0.003611 53.55
1 3610 42.380621 -71.083581 0.036824583973 0.003611 53.55
1 3611 42.380628 -71.083574 0.036834796791 0.003611 53.55
1 3612 42.380635 -71.083567 0.036845009608 0.003611 53.55
1 3613 42.380643 -71.083559 0.036855222425 0.003611 53.55
1 3614 42.380650 -71.083552 0.036865435242 0.003611 53.55
1 3615 42.380657 -71.083545 0.036875648060 0.003611 53.55
1 3616 42.380664 -71.083538 0.036885860753 0.003611 53.55
1 3617 42.380671 -71.083531 0.036896073446 0.003611 53.55
1 3618 42.380679 -71.083523 0.036906286139 0.003611 53.55
1 3619 42.380686 -71.083516 0.036916498833 0.003611 53.55
1 3620 42.380693 -71.083509 0.036926711526 0.003611 53.55
1 3621 42.380700 -71.083502 0.036936924091 0.003611 53.55
1 3622 42.380708 -71.083494 0.036947136656 0.003611 53.55
1 3623 42.380715 -71.083487 0.036957349221 0.003611 53.55
1 3624 42.380722 -71.083480 0.036967561787 0.003611 53.55
1 3625 42.380729 -71.083473 0.036977774352 0.003611 53.55
1 3626 42.380736 -71.083466 0.036987986785 0.003611 53.55
1 3627 42.380744 -71.083458 0.036998199218 0.003611 53.55
1 3628 42.380751 -71.083451 0.037008411651 0.003611 53.55
1 3629 42.380758 -71.083444 0.037018624084 0.003611 53.55
1 3630 42.380765 -71.083437 0.037028836517 0.003611 53.55
1 3631 42.380773 -71.083429 0.037039048813 0.003611 53.55
1 3632 42.380780 -71.083422 0.037049261110 0.003611 53.55
1 3633 42.380787 -71.083415 0.037059473407 0.003611 53.55
1 3634 42.380794 -71.083408 0.037069685704 0.003611 53.55
1 3635 42.380801 -71.083401 0.037079898000 0.003611 53.55
1 3636 42.380809 -71.083393 0.037090110157 0.003611 53.55
1 3637 42.380816 -71.083386 0.037100322313 0.003611 53.55
1 3638 42.380823 -71.083379 0.037110534469 0.003611 53.55
1 3639 42.380830 -71.083372 0.037120746626 0.003611 53.55
1 3640 42.380838 -71.083364 0.037130958782 0.003610 53.55
1 3641 42.380845 -71.083357 0.037141170794 0.003610 53.55
1 3642 42.380852 -71.083350 0.037151382806 0.003610 53.55
1 3643 42.380859 -71.083343 0.037161594817 0.003610 53.55
1 3644 42.380866 -71.083336 0.037171806829 0.003610 53.55
1 3645 42.380874 -71.083328 0.037182018841 0.003610 53.55
1 3646 42.380881 -71.083321 0.037192230704 0.003610 53.55
1 3647 42.380888 -71.083314 0.037202442568 0.003610 53.55
1 3648 42.380895 -71.083307 0.037212654431 0.003610 53.55
1 3649 42.380903 -71.083299 0.037222866294 0.003610 53.55
1 3650 42.380910 -71.083292 0.037233078157 0.003610 53.55
1 3651 42.380917 -71.083285 0.037243289868 0.003610 53.55
1 3652 42.380924 -71.083278 0.037253501579 0.003610 53.55
1 3653 42.380931 -71.083271 0.037263713289 0.003610 53.55
1 3654 42.380939 -71.083263 0.037273925000 0.003610 53.55
1 3655 42.380946 -71.083256 0.037284136710 0.003610 53.55
1 3656 42.380953 -71.083249 0.037294348264 0.003610 53.55
1 3657 42.380960 -71.083242 0.037304559818 0.003610 53.55
1 3658 42.380967 -71.083235 0.037314771372 0.003610 53.55
1 3659 42.380975 -71.083227 0.037324982926 0.003610 53.55
1 3660 42.380982 -71.083220 0.037335194479 0.003610 53.55
1 3661 42.380989 -71.083213 0.037345405872 0.003610 53.55
1 3662 42.380996 -71.083206 0.037355617265 0.003610 53.55
2 3552 42.380202 -71.084000 0.036232202012 0.003611 53.55
2 3553 42.380209 -71.083993 0.036242415997 0.003611 53.55
2 3554 42.380216 -71.083986 0.036252629983 0.003611 53.55
2 3555 42.380224 -71.083978 0.036262843968 0.003611 53.55
2 3556 42.380231 -71.083971 0.036273057879 0.003611 53.55
2 3557 42.380238 -71.083964 0.036283271790 0.003611 53.55
2 3558 42.380245 -71.083957 0.036293485700 0.003611 53.55
2 3559 42.380253 -71.083949 0.036303699611 0.003611 53.55
2 3560 42.380260 -71.083942 0.036313913522 0.003611 53.55
2 3561 42.380267 -71.083935 0.036324127353 0.003611 53.55
2 3562 42.380274 -71.083928 0.036334341185 0.003611 53.55
2 3563 42.380281 -71.083921 0.036344555017 0.003611 53.55
2 3564 42.380289 -71.083913 0.036354768849 0.003611 53.55
2 3565 42.380296 -71.083906 0.036364982680 0.003611 53.55
2 3566 42.380303 -71.083899 0.036375196429 0.003611 53.55
2 3567 42.380310 -71.083892 0.036385410178 0.003611 53.55
2 3568 42.380318 -71.083884 0.036395623927 0.003611 53.55
2 3569 42.380325 -71.083877 0.036405837675 0.003611 53.55
2 3570 42.380332 -71.083870 0.036416051424 0.003611 53.55
2 3571 42.380339 -71.083863 0.036426265086 0.003611 53.55
2 3572 42.380346 -71.083856 0.036436478747 0.003611 53.55
2 3573 42.380354 -71.083848 0.036446692409 0.003611 53.55
2 3574 42.380361 -71.083841 0.036456906071 0.003611 53.55
2 3575 42.380368 -71.083834 0.036467119732 0.003611 53.55
2 3576 42.380375 -71.083827 0.036477333303 0.003611 53.55
2 3577 42.380383 -71.083819 0.036487546873 0.003611 53.55
2 3578 42.380390 -71.083812 0.036497760444 0.003611 53.55
2 3579 42.380397 -71.083805 0.036507974014 0.003611 53.55
2 3580 42.380404 -71.083798 0.036518187584 0.003611 53.55
2 3581 42.380411 -71.083791 0.036528401060 0.003611 53.55
2 3582 42.380419 -71.083783 0.036538614535 0.003611 53.55
2 3583 42.380426 -71.083776 0.036548828010 0.003611 53.55
2 3584 42.380433 -71.083769 0.036559041485 0.003611 53.55
2 3585 42.380440 -71.083762 0.036569254960 0.003611 53.55
2 3586 42.380448 -71.083754 0.036579468336 0.003611 53.55
2 3587 42.380455 -71.083747 0.036589681712 0.003611 53.55
2 3588 42.380462 -71.083740 0.036599895087 0.003611 53.55
2 3589 42.380469 -71.083733 0.036610108463 0.003611 53.55
2 3590 42.380476 -71.083726 0.036620321839 0.003611 53.55
2 3591 42.380484 -71.083718 0.036630535111 0.003611 53.55
2 3592 42.380491 -71.083711 0.036640748383 0.003611 53.55
2 3593 42.380498 -71.083704 0.036650961655 0.003611 53.55
2 3594 42.380505 -71.083697 0.036661174928 0.003611 53.55
2 3595 42.380513 -71.083689 0.036671388200 0.003611 53.55
2 3596 42.380520 -71.083682 0.036681601364 0.003611 53.55
2 3597 42.380527 -71.083675 0.036691814529 0.003611 53.55
2 3598 42.380534 -71.083668 0.036702027694 0.003611 53.55
2 3599 42.380541 -71.083661 0.036712240858 0.003611 53.55
2 3600 42.380549 -71.083653 0.036722454023 0.003611 53.55
2 3601 42.380556 -71.083646 0.036732667076 0.003611 53.55
2 3602 42.380563 -71.083639 0.036742880129 0.003611 53.55
2 3603 42.380570 -71.083632 0.036753093182 0.003611 53.55
2 3604 42.380578 -71.083624 0.036763306235 0.003611 53.55
2 3605 42.380585 -71.083617 0.036773519288 0.003611 53.55
2 3606 42.380592 -71.083610 0.036783732225 0.003611 53.55
2 3607 42.380599 -71.083603 0.036793945162 0.003611 53.55
2 3608 42.380606 -71.083596 0.036804158099 0.003611 53.55
2 3609 42.380614 -71.083588 0.036814371036 0.003611 53.55
2 3610 42.380621 -71.083581 0.036824583973 0.003611 53.55
2 3611 42.380628 -71.083574 0.036834796791 0.003611 53.55
2 3612 42.380635 -71.083567 0.036845009608 0.003611 53.55
2 3613 42.380643 -71.083559 0.036855222425 0.003611 53.55
2 3614 42.380650 -71.083552 0.036865435242 0.003611 53.55
2 3615 42.380657 -71.083545 0.036875648060 0.003611 53.55
2 3616 42.380664 -71.083538 0.036885860753 0.003611 53.55
2 3617 42.380671 -71.083531 0.036896073446 0.003611 53.55
2 3618 42.380679 -71.083523 0.036906286139 0.003611 53.55
2 3619 42.380686 -71.083516 0.036916498833 0.003611 53.55
2 3620 42.380693 -71.083509 0.036926711526 0.003611 53.55
2 3621 42.380700 -71.083502 0.036936924091 0.003611 53.55
2 3622 42.380708 -71.083494 0.036947136656 0.003611 53.55
2 3623 42.380715 -71.083487 0.036957349221 0.003611 53.55
2 3624 42.380722 -71.083480 0.036967561787 0.003611 53.55
2 3625 42.380729 -71.083473 0.036977774352 0.003611 53.55
2 3626 42.380736 -71.083466 0.036987986785 0.003611 53.55
2 3627 42.380744 -71.083458 0.036998199218 0.003611 53.55
2 3628 42.380751 -71.083451 0.037008411651 0.003611 53.55
2 3629 42.380758 -71.083444 0.037018624084 0.003611 53.55
2 3630 42.380765 -71.083437 0.037028836517 0.003611 53.55
2 3631 42.380773 -71.083429 0.037039048813 0.003611 53.55
2 3632 42.380780 -71.083422 0.037049261110 0.003611 53.55
2 3633 42.380787 -71.083415 0.037059473407 0.003611 53.55
2 3634 42.380794 -71.083408 0.037069685704 0.003611 53.55
2 3635 42.380801 -71.083401 0.037079898000 0.003611 53.55
2 3636 42.380809 -71.083393 0.037090110157 0.003611 53.55
2 3637 42.380816 -71.083386 0.037100322313 0.003611 53.55
2 3638 42.380823 -71.083379 0.037110534469 0.003611 53.55
2 3639 42.380830 -71.083372 0.037120746626 0.003611 53.55
2 3640 42.380838 -71.083364 0.037130958782 0.003610 53.55
2 3641 42.380845 -71.083357 0.037141170794 0.003610 53.55
2 3642 42.380852 -71.083350 0.037151382806 0.003610 53.55
2 3643 42.380859 -71.083343 0.037161594817 0.003610 53.55
2 3644 42.380866 -71.083336 0.037171806829 0.003610 53.55
2 3645 42.380874 -71.083328 0.037182018841 0.003610 53.55
2 3646 42.380881 -71.083321 0.037192230704 0.003610 53.55
2 3647 42.380888 -71.083314 0.037202442568 0.003610 53.55
2 3648 42.380895 -71.083307 0.037212654431 0.003610 53.55
2 3649 42.380903 -71.083299 0.037222866294 0.003610 53.55
2 3650 42.380910 -71.083292 0.037233078157 0.003610 53.55
2 3651 42.380917 -71.083285 0.037243289868 0.003610 53.55
2 3652 42.380924 -71.083278 0.037253501579 0.003610 53.55
2 3653 42.380931 -71.083271 0.037263713289 0.003610 53.55
2 3654 42.380939 -71.083263 0.037273925000 0.003610 53.55
2 3655 42.380946 -71.083256 0.037284136710 0.003610 53.55
2 3656 42.380953 -71.083249 0.037294348264 0.003610 53.55
2 3657 42.380960 -71.083242 0.037304559818 0.003610 53.55
2 3658 42.380967 -71.083235 0.037314771372 0.003610 53.55
2 3659 42.380975 -71.083227 0.037324982926 0.003610 53.55
2 3660 42.380982 -71.083220 0.037335194479 0.003610 53.55
2 3661 42.380989 -71.083213 0.037345405872 0.003610 53.55
2 3662 42.380996 -71.083206 0.037355617265 0.003610 53.55
3 3552 42.380202 -71.084000 0.036232202012 0.003611 53.55
3 3553 42.380209 -71.083993 0.036242415997 0.003611 53.55
3 3554 42.380216 -71.083986 0.036252629983 0.003611 53.55
3 3555 42.380224 -71.083978 0.036262843968 0.003611 53.55
3 3556 42.380231 -71.083971 0.036273057879 0.003611 53.55
3 3557 42.380238 -71.083964 0.036283271790 0.003611 53.55
3 3558 42.380245 -71.083957 0.036293485700 0.003611 53.55
3 3559 42.380253 -71.083949 0.036303699611 0.003611 53.55
3 3560 42.380260 -71.083942 0.036313913522 0.003611 53.55
3 3561 42.380267 -71.083935 0.036324127353 0.003611 53.55
3 3562 42.380274 -71.083928 0.036334341185 0.003611 53.55
3 3563 42.380281 -71.083921 0.036344555017 0.003611 53.55
3 3564 42.380289 -71.083913 0.036354768849 0.003611 53.55
3 3565 42.380296 -71.083906 0.036364982680 0.003611 53.55
3 3566 42.380303 -71.083899 0.036375196429 0.003611 53.55
3 3567 42.380310 -71.083892 0.036385410178 0.003611 53.55
3 3568 42.380318 -71.083884 0.036395623927 0.003611 53.55
3 3569 42.380325 -71.083877 0.036405837675 0.003611 53.55
3 3570 42.380332 -71.083870 0.036416051424 0.003611 53.55
3 3571 42.380339 -71.083863 0.036426265086 0.003611 53.55
3 3572 42.380346 -71.083856 0.036436478747 0.003611 53.55
3 3573 42.380354 -71.083848 0.036446692409 0.003611 53.55
3 3574 42.380361 -71.083841 0.036456906071 0.003611 53.55
3 3575 42.380368 -71.083834 0.036467119732 0.003611 53.55
3 3576 42.380375 -71.083827 0.036477333303 0.003611 53.55
3 3577 42.380383 -71.083819 0.036487546873 0.003611 53.55
3 3578 42.380390 -71.083812 0.036497760444 0.003611 53.55
3 3579 42.380397 -71.083805 0.036507974014 0.003611 53.55
3 3580 42.380404 -71.083798 0.036518187584 0.003611 53.55
3 3581 42.380411 -71.083791 0.036528401060 0.003611 53.55
3 3582 42.380419 -71.083783 0.036538614535 0.003611 53.55
3 3583 42.380426 -71.083776 0.036548828010 0.003611 53.55
3 3584 42.380433 -71.083769 0.036559041485 0.003611 53.55
3 3585 42.380440 -71.083762 0.036569254960 0.003611 53.55
3 3586 42.380448 -71.083754 0.036579468336 0.003611 53.55
3 3587 42.380455 -71.083747 0.036589681712 0.003611 53.55
3 3588 42.380462 -71.083740 0.036599895087 0.003611 53.55
3 3589 42.380469 -71.083733 0.036610108463 0.003611 53.55
3 3590 42.380476 -71.083726 0.036620321839 0.003611 53.55
3 3591 42.380484 -71.083718 0.036630535111 0.003611 53.55
3 3592 42.380491 -71.083711 0.036640748383 0.003611 53.55
3 3593 42.380498 -71.083704 0.036650961655 0.003611 53.55
3 3594 42.380505 -71.083697 0.036661174928 0.003611 53.55
3 3595 42.380513 -71.083689 0.036671388200 0.003611 53.55
3 3596 42.380520 -71.083682 0.036681601364 0.003611 53.55
3 3597 42.380527 -71.083675 0.036691814529 0.003611 53.55
3 3598 42.380534 -71.083668 0.036702027694 0.003611 53.55
3 3599 42.380541 -71.083661 0.036712240858 0.003611 53.55
3 3600 42.380549 -71.083653 0.036722454023 0.003611 53.55
3 3601 42.380556 -71.083646 0.036732667076 0.003611 53.55
3 3602 42.380563 -71.083639 0.036742880129 0.003611 53.55
3 3603 42.380570 -71.083632 0.036753093182 0.003611 53.55
3 3604 42.380578 -71.083624 0.036763306235 0.003611 53.55
3 3605 42.380585 -71.083617 0.036773519288 0.003611 53.55
3 3606 42.380592 -71.083610 0.036783732225 0.003611 53.55
3 3607 42.380599 -71.083603 0.036793945162 0.003611 53.55
3 3608 42.380606 -71.083596 0.036804158099 0.003611 53.55
3 3609 42.380614 -71.083588 0.036814371036 0.003611 53.55
3 3610 42.380621 -71.083581 0.036824583973 0.003611 53.55
3 3611 42.380628 -71.083574 0.036834796791 0.003611 53.55
3 3612 42.380635 -71.083567 0.036845009608 0.003611 53.55
3 3613 42.380643 -71.083559 0.036855222425 0.003611 53.55
3 3614 42.380650 -71.083552 0.036865435242 0.003611 53.55
3 3615 42.380657 -71.083545 0.036875648060 0.003611 53.55
3 3616 42.380664 -71.083538 0.036885860753 0.003611 53.55
3 3617 42.380671 -71.083531 0.036896073446 0.003611 53.55
3 3618 42.380679 -71.083523 0.036906286139 0.003611 53.55
3 3619 42.380686 -71.083516 0.036916498833 0.003611 53.55
3 3620 42.380693 -71.083509 0.036926711526 0.003611 53.55
3 3621 42.380700 -71.083502 0.036936924091 0.003611 53.55
3 3622 42.380708 -71.083494 0.036947136656 0.003611 53.55
3 3623 42.380715 -71.083487 0.036957349221 0.003611 53.55
3 3624 42.380722 -71.083480 0.036967561787 0.003611 53.55
3 3625 42.380729 -71.083473 0.036977774352 0.003611 53.55
3 3626 42.380736 -71.083466 0.036987986785 0.003611 53.55
3 3627 42.380744 -71.083458 0.036998199218 0.003611 53.55
3 3628 42.380751 -71.083451 0.037008411651 0.003611 53.55
3 3629 42.380758 -71.083444 0.037018624084 0.003611 53.55
3 3630 42.380765 -71.083437 0.037028836517 0.003611 53.55
3 3631 42.380773 -71.083429 0.037039048813 0.003611 53.55
3 3632 42.380780 -71.083422 0.037049261110 0.003611 53.55
3 3633 42.380787 -71.083415 0.037059473407 0.003611 53.55
3 3634 42.380794 -71.083408 0.037069685704 0.003611 53.55
3 3635 42.380801 -71.083401 0.037079898000 0.003611 53.55
3 3636 42.380809 -71.083393 0.037090110157 0.003611 53.55
3 3637 42.380816 -71.083386 0.037100322313 0.003611 53.55
3 3638 42.380823 -71.083379 0.037110534469 0.003611 53.55
3 3639 42.380830 -71.083372 0.037120746626 0.003611 53.55
3 3640 42.380838 -71.083364 0.037130958782 0.003610 53.55
3 3641 42.380845 -71.083357 0.037141170794 0.003610 53.55
3 3642 42.380852 -71.083350 0.037151382806 0.003610 53.55
3 3643 42.380859 -71.083343 0.037161594817 0.003610 53.55
3 3644 42.380866 -71.083336 0.037171806829 0.003610 53.55
3 3645 42.380874 -71.083328 0.037182018841 0.003610 53.55
3 3646 42.380881 -71.083321 0.037192230704 0.003610 53.55
3 3647 42.380888 -71.083314 0.037202442568 0.003610 53.55
3 3648 42.380895 -71.083307 0.037212654431 0.003610 53.55
3 3649 42.380903 -71.083299 0.037222866294 0.003610 53.55
3 3650 42.380910 -71.083292 0.037233078157 0.003610 53.55
3 3651 42.380917 -71.083285 0.037243289868 0.003610 53.55
3 3652 42.380924 -71.083278 0.037253501579 0.003610 53.55
3 3653 42.380931 -71.083271 0.037263713289 0.003610 53.55
3 3654 42.380939 -71.083263 0.037273925000 0.003610 53.55
3 3655 42.380946 -71.083256 0.037284136710 0.003610 53.55
3 3656 42.380953 -71.083249 0.037294348264 0.003610 53.55
3 3657 42.380960 -71.083242 0.037304559818 0.003610 53.55
3 3658 42.380967 -71.083235 0.037314771372 0.003610 53.55
3 3659 42.380975 -71.083227 0.037324982926 0.003610 53.55
3 3660 42.380982 -71.083220 0.037335194479 0.003610 53.55
3 3661 42.380989 -71.083213 0.037345405872 0.003610 53.55
3 3662 42.380996 -71.083206 0.037355617265 0.003610 53.55
4 3552 42.380202 -71.084000 0.036232202012 0.003611 53.55
4 3553 42.380209 -71.083993 0.036242415997 0.003611 53.55
4 3554 42.380216 -71.083986 0.036252629983 0.003611 53.55
4 3555 42.380224 -71.083978 0.036262843968 0.003611 53.55
4 3556 42.380231 -71.083971 0.036273057879 0.003611 53.55
4 3557 42.380238 -71.083964 0.036283271790 0.003611 53.55
4 3558 42.380245 -71.083957 0.036293485700 0.003611 53.55
4 3559 42.380253 -71.083949 0.036303699611 0.003611 53.55
4 3560 42.380260 -71.083942 0.036313913522 0.003611 53.55
4 3561 42.380267 -71.083935 0.036324127353 0.003611 53.55
4 3562 42.380274 -71.083928 0.036334341185 0.003611 53.55
4 3563 42.380281 -71.083921 0.036344555017 0.003611 53.55
4 3564 42.380289 -71.083913 0.036354768849 0.003611 53.55
4 3565 42.380296 -71.083906 0.036364982680 0.003611 53.55
4 3566 42.380303 -71.083899 0.036375196429 0.003611 53.55
4 3567 42.380310 -71.083892 0.036385410178 0.003611 53.55
4 3568 42.380318 -71.083884 0.036395623927 0.003611 53.55
4 3569 42.380325 -71.083877 0.036405837675 0.003611 53.55
4 3570 42.380332 -71.083870 0.036416051424 0.003611 53.55
4 3571 42.380339 -71.083863 0.036426265086 0.003611 53.55
4 3572 42.380346 -71.083856 0.036436478747 0.003611 53.55
4 3573 42.380354 -71.083848 0.036446692409 0.003611 53.55
4 3574 42.380361 -71.083841 0.036456906071 0.003611 53.55
4 3575 42.380368 -71.083834 0.036467119732 0.003611 53.55
4 3576 42.380375 -71.083827 0.036477333303 0.003611 53.55
4 3577 42.380383 -71.083819 0.036487546873 0.003611 53.55
4 3578 42.380390 -71.083812 0.036497760444 0.003611 53.55
4 3579 42.380397 -71.083805 0.036507974014 0.003611 53.55
4 3580 42.380404 -71.083798 0.036518187584 0.003611 53.55
4 3581 42.380411 -71.083791 0.036528401060 0.003611 53.55
4 3582 42.380419 -71.083783 0.036538614535 0.003611 53.55
4 3583 42.380426 -71.083776 0.036548828010 0.003611 53.55
4 3584 42.380433 -71.083769 0.036559041485 0.003611 53.55
4 3585 42.380440 -71.083762 0.036569254960 0.003611 53.55
4 3586 42.380448 -71.083754 0.036579468336 0.003611 53.55
4 3587 42.380455 -71.083747 0.036589681712 0.003611 53.55
4 3588 42.380462 -71.083740 0.036599895087 0.003611 53.55
4 3589 42.380469 -71.083733 0.036610108463 0.003611 53.55
4 3590 42.380476 -71.083726 0.036620321839 0.003611 53.55
4 3591 42.380484 -71.083718 0.036630535111 0.003611 53.55
4 3592 42.380491 -71.083711 0.036640748383 0.003611 53.55
4 3593 42.380498 -71.083704 0.036650961655 0.003611 53.55
4 3594 42.380505 -71.083697 0.036661174928 0.003611 53.55
4 3595 42.380513 -71.083689 0.036671388200 0.003611 53.55
4 3596 42.380520 -71.083682 0.036681601364 0.003611 53.55
4 3597 42.380527 -71.083675 0.036691814529 0.003611 53.55
4 3598 42.380534 -71.083668 0.036702027694 0.003611 53.55
4 3599 42.380541 -71.083661 0.036712240858 0.003611 53.55
4 3600 42.380549 -71.083653 0.036722454023 0.003611 53.55
4 3601 42.380556 -71.083646 0.036732667076 0.003611 53.55
4 3602 42.380563 -71.083639 0.036742880129 0.003611 53.55
4 3603 42.380570 -71.083632 0.036753093182 0.003611 53.55
4 3604 42.380578 -71.083624 0.036763306235 0.003611 53.55
4 3605 42.380585 -71.083617 0.036773519288 0.003611 53.55
4 3606 42.380592 -71.083610 0.036783732225 0.003611 53.55
4 3607 42.380599 -71.083603 0.036793945162 0.003611 53.55
4 3608 42.380606 -71.083596 0.036804158099 0.003611 53.55
4 3609 42.380614 -71.083588 0.036814371036 0.003611 53.55
4 3610 42.380621 -71.083581 0.036824583973 0.003611 53.55
4 3611 42.380628 -71.083574 0.036834796791 0.003611 53.55
4 3612 42.380635 -71.083567 0.036845009608 0.003611 53.55
4 3613 42.380643 -71.083559 0.036855222425 0.003611 53.55
4 3614 42.380650 -71.083552 0.036865435242 0.003611 53.55
4 3615 42.380657 -71.083545 0.036875648060 0.003611 53.55
4 3616 42.380664 -71.083538 0.036885860753 0.003611 53.55
4 3617 42.380671 -71.083531 0.036896073446 0.003611 53.55
4 3618 42.380679 -71.083523 0.036906286139 0.003611 53.55
4 3619 42.380686 -71.083516 0.036916498833 0.003611 53.55
4 3620 42.380693 -71.083509 0.036926711526 0.003611 53.55
4 3621 42.380700 -71.083502 0.036936924091 0.003611 53.55
4 3622 42.380708 -71.083494 0.036947136656 0.003611 53.55
4 3623 42.380715 -71.083487 0.036957349221 0.003611 53.55
4 3624 42.380722 -71.083480 0.036967561787 0.003611 53.55
4 3625 42.380729 -71.083473 0.036977774352 0.003611 53.55
4 3626 42.380736 -71.083466 0.036987986785 0.003611 53.55
4 3627 42.380744 -71.083458 0.036998199218 0.003611 53.55
4 3628 42.380751 -71.083451 0.037008411651 0.003611 53.55
4 3629 42.380758 -71.083444 0.037018624084 0.003611 53.55
4 3630 42.380765 -71.083437 0.037028836517 0.003611 53.55
4 3631 42.380773 -71.083429 0.037039048813 0.003611 53.55
4 3632 42.380780 -71.083422 0.037049261110 0.003611 53.55
4 3633 42.380787 -71.083415 0.037059473407 0.003611 53.55
4 3634 42.380794 -71.083408 0.037069685704 0.003611 53.55
4 3635 42.380801 -71.083401 0.037079898000 0.003611 53.55
4 3636 42.380809 -71.083393 0.037090110157 0.003611 53.55
4 3637 42.380816 -71.083386 0.037100322313 0.003611 53.55
4 3638 42.380823 -71.083379 0.037110534469 0.003611 53.55
4 3639 42.380830 -71.083372 0.037120746626 0.003611 53.55
4 3640 42.380838 -71.083364 0.037130958782 0.003610 53.55
4 3641 42.380845 -71.083357 0.037141170794 0.003610 53.55
4 3642 42.380852 -71.083350 0.037151382806 0.003610 53.55
4 3643 42.380859 -71.083343 0.037161594817 0.003610 53.55
4 3644 42.380866 -71.083336 0.037171806829 0.003610 53.55
4 3645 42.380874 -71.083328 0.037182018841 0.003610 53.55
4 3646 42.380881 -71.083321 0.037192230704 0.003610 53.55
4 3647 42.380888 -71.083314 0.037202442568 0.003610 53.55
4 3648 42.380895 -71.083307 0.037212654431 0.003610 53.55
4 3649 42.380903 -71.083299 0.037222866294 0.003610 53.55
4 3650 42.380910 -71.083292 0.037233078157 0.003610 53.55
4 3651 42.380917 -71.083285 0.037243289868 0.003610 53.55
4 3652 42.380924 -71.083278 0.037253501579 0.003610 53.55
4 3653 42.380931 -71.083271 0.037263713289 0.003610 53.55
4 3654 42.380939 -71.083263 0.037273925000 0.003610 53.55
4 3655 42.380946 -71.083256 0.037284136710 0.003610 53.55
4 3656 42.380953 -71.083249 0.037294348264 0.003610 53.55
4 3657 42.380960 -71.083242 0.037304559818 0.003610 53.55
4 3658 42.380967 -71.083235 0.037314771372 0.003610 53.55
4 3659 42.380975 -71.083227 0.037324982926 0.003610 53.55
4 3660 42.380982 -71.083220 0.037335194479 0.003610 53.55
4 3661 42.380989 -71.083213 0.037345405872 0.003610 53.55
4 3662 42.380996 -71.083206 0.037355617265 0.003610 53.55
