1 4079 42.384004 -71.080198 0.041608966142 0.003600 53.55
1 4080 42.384011 -71.080191 0.041619149880 0.003600 53.55
1 4081 42.384018 -71.080184 0.041629333112 0.003600 53.55
1 4082 42.384026 -71.080176 0.041639516345 0.003600 53.55
1 4083 42.384033 -71.080169 0.041649699577 0.003600 53.55
1 4084 42.384040 -71.080162 0.041659882809 0.003600 53.55
1 4085 42.384047 -71.080155 0.041670066041 0.003600 53.55
1 4086 42.384054 -71.080148 0.041680248764 0.003600 53.55
1 4087 42.384062 -71.080140 0.041690431486 0.003600 53.55
1 4088 42.384069 -71.080133 0.041700614209 0.003600 53.55
1 4089 42.384076 -71.080126 0.041710796931 0.003600 53.55
1 4090 42.384083 -71.080119 0.041720979654 0.003600 53.55
1 4091 42.384090 -71.080112 0.041731161862 0.003600 53.55
1 4092 42.384098 -71.080104 0.041741344071 0.003600 53.55
1 4093 42.384105 -71.080097 0.041751526279 0.003600 53.55
1 4094 42.384112 -71.080090 0.041761708488 0.003600 53.55
1 4095 42.384119 -71.080083 0.041771890696 0.003600 53.55
1 4096 42.384126 -71.080076 0.041782072387 0.003600 53.55
1 4097 42.384134 -71.080068 0.041792254077 0.003600 53.55
1 4098 42.384141 -71.080061 0.041802435767 0.003600 53.55
1 4099 42.384148 -71.080054 0.041812617458 0.003600 53.55
1 4100 42.384155 -71.080047 0.041822799148 0.003600 53.55
1 4101 42.384162 -71.080040 0.041832980317 0.003600 53.55
1 4102 42.384170 -71.080032 0.041843161485 0.003600 53.55
1 4103 42.384177 -71.080025 0.041853342653 0.003600 53.55
1 4104 42.384184 -71.080018 0.041863523821 0.003600 53.55
1 4105 42.384191 -71.080011 0.041873704989 0.003599 53.55
1 4106 42.384198 -71.080004 0.041883885631 0.003599 53.55
2 4079 42.384004 -71.080198 0.041608966142 0.003600 53.55
2 4080 42.384011 -71.080191 0.041619149880 0.003600 53.55
2 4081 42.384018 -71.080184 0.041629333112 0.003600 53.55
2 4082 42.384026 -71.080176 0.041639516345 0.003600 53.55
2 4083 42.384033 -71.080169 0.041649699577 0.003600 53.55
2 4084 42.384040 -71.080162 0.041659882809 0.003600 53.55
2 4085 42.384047 -71.080155 0.041670066041 0.003600 53.55
2 4086 42.384054 -71.080148 0.041680248764 0.003600 53.55
2 4087 42.384062 -71.080140 0.041690431486 0.003600 53.55
2 4088 42.384069 -71.080133 0.041700614209 0.003600 53.55
2 4089 42.384076 -71.080126 0.041710796931 0.003600 53.55
2 4090 42.384083 -71.080119 0.041720979654 0.003600 53.55
2 4091 42.384090 -71.080112 0.041731161862 0.003600 53.55
2 4092 42.384098 -71.080104 0.041741344071 0.003600 53.55
2 4093 42.384105 -71.080097 0.041751526279 0.003600 53.55
2 4094 42.384112 -71.080090 0.041761708488 0.003600 53.55
2 4095 42.384119 -71.080083 0.041771890696 0.003600 53.55
2 4096 42.384126 -71.080076 0.041782072387 0.003600 53.55
2 4097 42.384134 -71.080068 0.041792254077 0.003600 53.55
2 4098 42.384141 -71.080061 0.041802435767 0.003600 53.55
2 4099 42.384148 -71.080054 0.041812617458 0.003600 53.55
2 4100 42.384155 -71.080047 0.041822799148 0.003600 53.55
2 4101 42.384162 -71.080040 0.041832980317 0.003600 53.55
2 4102 42.384170 -71.080032 0.041843161485 0.003600 53.55
2 4103 42.384177 -71.080025 0.041853342653 0.003600 53.55
2 4104 42.384184 -71.080018 0.041863523821 0.003600 53.55
2 4105 42.384191 -71.080011 0.041873704989 0.003599 53.55
2 4106 42.384198 -71.080004 0.041883885631 0.003599 53.55
3 4079 42.384004 -71.080198 0.041608966142 0.003600 53.55
3 4080 42.384011 -71.080191 0.041619149880 0.003600 53.55
3 4081 42.384018 -71.080184 0.041629333112 0.003600 53.55
3 4082 42.384026 -71.080176 0.041639516345 0.003600 53.55
3 4083 42.384033 -71.080169 0.041649699577 0.003600 53.55
3 4084 42.384040 -71.080162 0.041659882809 0.003600 53.55
3 4085 42.384047 -71.080155 0.041670066041 0.003600 53.55
3 4086 42.384054 -71.080148 0.041680248764 0.003600 53.55
3 4087 42.384062 -71.080140 0.041690431486 0.003600 53.55
3 4088 42.384069 -71.080133 0.041700614209 0.003600 53.55
3 4089 42.384076 -71.080126 0.041710796931 0.003600 53.55
3 4090 42.384083 -71.080119 0.041720979654 0.003600 53.55
3 4091 42.384090 -71.080112 0.041731161862 0.003600 53.55
3 4092 42.384098 -71.080104 0.041741344071 0.003600 53.55
3 4093 42.384105 -71.080097 0.041751526279 0.003600 53.55
3 4094 42.384112 -71.080090 0.041761708488 0.003600 53.55
3 4095 42.384119 -71.080083 0.041771890696 0.003600 53.55
3 4096 42.384126 -71.080076 0.041782072387 0.003600 53.55
3 4097 42.384134 -71.080068 0.041792254077 0.003600 53.55
3 4098 42.384141 -71.080061 0.041802435767 0.003600 53.55
3 4099 42.384148 -71.080054 0.041812617458 0.003600 53.55
3 4100 42.384155 -71.080047 0.041822799148 0.003600 53.55
3 4101 42.384162 -71.080040 0.041832980317 0.003600 53.55
3 4102 42.384170 -71.080032 0.041843161485 0.003600 53.55
3 4103 42.384177 -71.080025 0.041853342653 0.003600 53.55
3 4104 42.384184 -71.080018 0.041863523821 0.003600 53.55
3 4105 42.384191 -71.080011 0.041873704989 0.003599 53.55
3 4106 42.384198 -71.080004 0.041883885631 0.003599 53.55
4 4079 42.384004 -71.080198 0.041608966142 0.003600 53.55
4 4080 42.384011 -71.080191 0.041619149880 0.003600 53.55
4 4081 42.384018 -71.080184 0.041629333112 0.003600 53.55
4 4082 42.384026 -71.080176 0.041639516345 0.003600 53.55
4 4083 42.384033 -71.080169 0.041649699577 0.003600 53.55
4 4084 42.384040 -71.080162 0.041659882809 0.003600 53.55
4 4085 42.384047 -71.080155 0.041670066041 0.003600 53.55
4 4086 42.384054 -71.080148 0.041680248764 0.003600 53.55
4 4087 42.384062 -71.080140 0.041690431486 0.003600 53.55
4 4088 42.384069 -71.080133 0.041700614209 0.003600 53.55
4 4089 42.384076 -71.080126 0.041710796931 0.003600 53.55
4 4090 42.384083 -71.080119 0.041720979654 0.003600 53.55
4 4091 42.384090 -71.080112 0.041731161862 0.003600 53.55
4 4092 42.384098 -71.080104 0.041741344071 0.003600 53.55
4 4093 42.384105 -71.080097 0.041751526279 0.003600 53.55
4 4094 42.384112 -71.080090 0.041761708488 0.003600 53.55
4 4095 42.384119 -71.080083 0.041771890696 0.003600 53.55
4 4096 42.384126 -71.080076 0.041782072387 0.003600 53.55
4 4097 42.384134 -71.080068 0.041792254077 0.003600 53.55
4 4098 42.384141 -71.080061 0.041802435767 0.003600 53.55
4 4099 42.384148 -71.080054 0.041812617458 0.003600 53.55
4 4100 42.384155 -71.080047 0.041822799148 0.003600 53.55
4 4101 42.384162 -71.080040 0.041832980317 0.003600 53.55
4 4102 42.384170 -71.080032 0.041843161485 0.003600 53.55
4 4103 42.384177 -71.080025 0.041853342653 0.003600 53.55
4 4104 42.384184 -71.080018 0.041863523821 0.003600 53.55
4 4105 42.384191 -71.080011 0.041873704989 0.003599 53.55
4 4106 42.384198 -71.080004 0.041883885631 0.003599 53.55
