1 3968 42.383204 -71.080998 0.040478003350 0.003604 53.55
1 3969 42.383211 -71.080991 0.040488197174 0.003604 53.55
1 3970 42.383219 -71.080983 0.040498390997 0.003604 53.55
1 3971 42.383226 -71.080976 0.040508584406 0.003604 53.55
1 3972 42.383233 -71.080969 0.040518777814 0.003604 53.55
1 3973 42.383240 -71.080962 0.040528971223 0.003604 53.55
1 3974 42.383247 -71.080955 0.040539164631 0.003604 53.55
1 3975 42.383255 -71.080947 0.040549358039 0.003604 53.55
1 3976 42.383262 -71.080940 0.040559551028 0.003604 53.55
1 3977 42.383269 -71.080933 0.040569744017 0.003604 53.55
1 3978 42.383276 -71.080926 0.040579937006 0.003604 53.55
1 3979 42.383284 -71.080918 0.040590129995 0.003604 53.55
1 3980 42.383291 -71.080911 0.040600322984 0.003604 53.55
1 3981 42.383298 -71.080904 0.040610515550 0.003604 53.55
1 3982 42.383305 -71.080897 0.040620708115 0.003604 53.55
1 3983 42.383312 -71.080890 0.040630900681 0.003604 53.55
1 3984 42.383320 -71.080882 0.040641093246 0.003604 53.55
1 3985 42.383327 -71.080875 0.040651285812 0.003603 53.55
1 3986 42.383334 -71.080868 0.040661477950 0.003603 53.55
1 3987 42.383341 -71.080861 0.040671670088 0.003603 53.55
1 3988 42.383348 -71.080854 0.040681862226 0.003603 53.55
1 3989 42.383356 -71.080846 0.040692054363 0.003603 53.55
1 3990 42.383363 -71.080839 0.040702246501 0.003603 53.55
1 3991 42.383370 -71.080832 0.040712438208 0.003603 53.55
1 3992 42.383377 -71.080825 0.040722629914 0.003603 53.55
1 3993 42.383384 -71.080818 0.040732821620 0.003603 53.55
1 3994 42.383392 -71.080810 0.040743013326 0.003603 53.55
1 3995 42.383399 -71.080803 0.040753205032 0.003603 53.55
1 3996 42.383406 -71.080796 0.040763396303 0.003603 53.55
1 3997 42.383413 -71.080789 0.040773587573 0.003603 53.55
1 3998 42.383420 -71.080782 0.040783778843 0.003603 53.55
1 3999 42.383428 -71.080774 0.040793970114 0.003603 53.55
1 4000 42.383435 -71.080767 0.040804161384 0.003603 53.55
1 4001 42.383442 -71.080760 0.040814352215 0.003603 53.55
1 4002 42.383449 -71.080753 0.040824543045 0.003603 53.55
1 4003 42.383456 -71.080746 0.040834733875 0.003603 53.55
1 4004 42.383464 -71.080738 0.040844924706 0.003603 53.55
1 4005 42.383471 -71.080731 0.040855115536 0.003603 53.55
1 4006 42.383478 -71.080724 0.040865305923 0.003603 53.55
1 4007 42.383485 -71.080717 0.040875496309 0.003603 53.55
1 4008 42.383493 -71.080709 0.040885686695 0.003603 53.55
1 4009 42.383500 -71.080702 0.040895877082 0.003603 53.55
1 4010 42.383507 -71.080695 0.040906067468 0.003603 53.55
1 4011 42.383514 -71.080688 0.040916257406 0.003603 53.55
1 4012 42.383521 -71.080681 0.040926447345 0.003603 53.55
1 4013 42.383529 -71.080673 0.040936637283 0.003603 53.55
1 4014 42.383536 -71.080666 0.040946827221 0.003603 53.55
1 4015 42.383543 -71.080659 0.040957017159 0.003603 53.55
1 4016 42.383550 -71.080652 0.040967206645 0.003603 53.55
1 4017 42.383557 -71.080645 0.040977396131 0.003603 53.55
1 4018 42.383565 -71.080637 0.040987585617 0.003603 53.55
1 4019 42.383572 -71.080630 0.040997775103 0.003603 53.55
1 4020 42.383579 -71.080623 0.041007964589 0.003602 53.55
1 4021 42.383586 -71.080616 0.041018153619 0.003602 53.55
1 4022 42.383593 -71.080609 0.041028342648 0.003602 53.55
1 4023 42.383601 -71.080601 0.041038531678 0.003602 53.55
1 4024 42.383608 -71.080594 0.041048720708 0.003602 53.55
1 4025 42.383615 -71.080587 0.041058909737 0.003602 53.55
1 4026 42.383622 -71.080580 0.041069098306 0.003602 53.55
1 4027 42.383629 -71.080573 0.041079286875 0.003602 53.55
1 4028 42.383637 -71.080565 0.041089475444 0.003602 53.55
1 4029 42.383644 -71.080558 0.041099664014 0.003602 53.55
1 4030 42.383651 -71.080551 0.041109852583 0.003602 53.55
1 4031 42.383658 -71.080544 0.041120040687 0.003602 53.55
1 4032 42.383665 -71.080537 0.041130228792 0.003602 53.55
1 4033 42.383673 -71.080529 0.041140416896 0.003602 53.55
1 4034 42.383680 -71.080522 0.041150605001 0.003602 53.55
1 4035 42.383687 -71.080515 0.041160793105 0.003602 53.55
1 4036 42.383694 -71.080508 0.041170980741 0.003602 53.55
1 4037 42.383701 -71.080501 0.041181168377 0.003602 53.55
1 4038 42.383709 -71.080493 0.041191356013 0.003602 53.55
1 4039 42.383716 -71.080486 0.041201543648 0.003602 53.55
1 4040 42.383723 -71.080479 0.041211731284 0.003602 53.55
1 4041 42.383730 -71.080472 0.041221918447 0.003602 53.55
1 4042 42.383737 -71.080465 0.041232105610 0.003602 53.55
1 4043 42.383745 -71.080457 0.041242292773 0.003602 53.55
1 4044 42.383752 -71.080450 0.041252479936 0.003602 53.55
1 4045 42.383759 -71.080443 0.041262667099 0.003602 53.55
1 4046 42.383766 -71.080436 0.041272853785 0.003602 53.55
1 4047 42.383773 -71.080429 0.041283040471 0.003602 53.55
1 4048 42.383781 -71.080421 0.041293227157 0.003602 53.55
1 4049 42.383788 -71.080414 0.041303413843 0.003602 53.55
1 4050 42.383795 -71.080407 0.041313600529 0.003601 53.55
1 4051 42.383802 -71.080400 0.041323786734 0.003601 53.55
1 4052 42.383809 -71.080393 0.041333972939 0.003601 53.55
1 4053 42.383817 -71.080385 0.041344159144 0.003601 53.55
1 4054 42.383824 -71.080378 0.041354345349 0.003601 53.55
1 4055 42.383831 -71.080371 0.041364531554 0.003601 53.55
1 4056 42.383838 -71.080364 0.041374717274 0.003601 53.55
1 4057 42.383846 -71.080356 0.041384902994 0.003601 53.55
1 4058 42.383853 -71.080349 0.041395088713 0.003601 53.55
1 4059 42.383860 -71.080342 0.041405274433 0.003601 53.55
1 4060 42.383867 -71.080335 0.041415460153 0.003601 53.55
1 4061 42.383874 -71.080328 0.041425645384 0.003601 53.55
1 4062 42.383882 -71.080320 0.041435830614 0.003601 53.55
1 4063 42.383889 -71.080313 0.041446015845 0.003601 53.55
1 4064 42.383896 -71.080306 0.041456201075 0.003601 53.55
1 4065 42.383903 -71.080299 0.041466386306 0.003601 53.55
1 4066 42.383910 -71.080292 0.041476571043 0.003601 53.55
1 4067 42.383918 -71.080284 0.041486755780 0.003601 53.55
1 4068 42.383925 -71.080277 0.041496940517 0.003601 53.55
1 4069 42.383932 -71.080270 0.041507125254 0.003601 53.55
1 4070 42.383939 -71.080263 0.041517309992 0.003601 53.55
1 4071 42.383946 -71.080256 0.041527494231 0.003601 53.55
1 4072 42.383954 -71.080248 0.041537678471 0.003601 53.55
1 4073 42.383961 -71.080241 0.041547862711 0.003601 53.55
1 4074 42.383968 -71.080234 0.041558046950 0.003601 53.55
1 4075 42.383975 -71.080227 0.041568231190 0.003600 53.55
1 4076 42.383982 -71.080220 0.041578414928 0.003600 53.55
1 4077 42.383990 -71.080212 0.041588598666 0.003600 53.55
1 4078 42.383997 -71.080205 0.041598782404 0.003600 53.55
2 3968 42.383204 -71.080998 0.040478003350 0.003604 53.55
2 3969 42.383211 -71.080991 0.040488197174 0.003604 53.55
2 3970 42.383219 -71.080983 0.040498390997 0.003604 53.55
2 3971 42.383226 -71.080976 0.040508584406 0.003604 53.55
2 3972 42.383233 -71.080969 0.040518777814 0.003604 53.55
2 3973 42.383240 -71.080962 0.040528971223 0.003604 53.55
2 3974 42.383247 -71.080955 0.040539164631 0.003604 53.55
2 3975 42.383255 -71.080947 0.040549358039 0.003604 53.55
2 3976 42.383262 -71.080940 0.040559551028 0.003604 53.55
2 3977 42.383269 -71.080933 0.040569744017 0.003604 53.55
2 3978 42.383276 -71.080926 0.040579937006 0.003604 53.55
2 3979 42.383284 -71.080918 0.040590129995 0.003604 53.55
2 3980 42.383291 -71.080911 0.040600322984 0.003604 53.55
2 3981 42.383298 -71.080904 0.040610515550 0.003604 53.55
2 3982 42.383305 -71.080897 0.040620708115 0.003604 53.55
2 3983 42.383312 -71.080890 0.040630900681 0.003604 53.55
2 3984 42.383320 -71.080882 0.040641093246 0.003604 53.55
2 3985 42.383327 -71.080875 0.040651285812 0.003603 53.55
2 3986 42.383334 -71.080868 0.040661477950 0.003603 53.55
2 3987 42.383341 -71.080861 0.040671670088 0.003603 53.55
2 3988 42.383348 -71.080854 0.040681862226 0.003603 53.55
2 3989 42.383356 -71.080846 0.040692054363 0.003603 53.55
2 3990 42.383363 -71.080839 0.040702246501 0.003603 53.55
2 3991 42.383370 -71.080832 0.040712438208 0.003603 53.55
2 3992 42.383377 -71.080825 0.040722629914 0.003603 53.55
2 3993 42.383384 -71.080818 0.040732821620 0.003603 53.55
2 3994 42.383392 -71.080810 0.040743013326 0.003603 53.55
2 3995 42.383399 -71.080803 0.040753205032 0.003603 53.55
2 3996 42.383406 -71.080796 0.040763396303 0.003603 53.55
2 3997 42.383413 -71.080789 0.040773587573 0.003603 53.55
2 3998 42.383420 -71.080782 0.040783778843 0.003603 53.55
2 3999 42.383428 -71.080774 0.040793970114 0.003603 53.55
2 4000 42.383435 -71.080767 0.040804161384 0.003603 53.55
2 4001 42.383442 -71.080760 0.040814352215 0.003603 53.55
2 4002 42.383449 -71.080753 0.040824543045 0.003603 53.55
2 4003 42.383456 -71.080746 0.040834733875 0.003603 53.55
2 4004 42.383464 -71.080738 0.040844924706 0.003603 53.55
2 4005 42.383471 -71.080731 0.040855115536 0.003603 53.55
2 4006 42.383478 -71.080724 0.040865305923 0.003603 53.55
2 4007 42.383485 -71.080717 0.040875496309 0.003603 53.55
2 4008 42.383493 -71.080709 0.040885686695 0.003603 53.55
2 4009 42.383500 -71.080702 0.040895877082 0.003603 53.55
2 4010 42.383507 -71.080695 0.040906067468 0.003603 53.55
2 4011 42.383514 -71.080688 0.040916257406 0.003603 53.55
2 4012 42.383521 -71.080681 0.040926447345 0.003603 53.55
2 4013 42.383529 -71.080673 0.040936637283 0.003603 53.55
2 4014 42.383536 -71.080666 0.040946827221 0.003603 53.55
2 4015 42.383543 -71.080659 0.040957017159 0.003603 53.55
2 4016 42.383550 -71.080652 0.040967206645 0.003603 53.55
2 4017 42.383557 -71.080645 0.040977396131 0.003603 53.55
2 4018 42.383565 -71.080637 0.040987585617 0.003603 53.55
2 4019 42.383572 -71.080630 0.040997775103 0.003603 53.55
2 4020 42.383579 -71.080623 0.041007964589 0.003602 53.55
2 4021 42.383586 -71.080616 0.041018153619 0.003602 53.55
2 4022 42.383593 -71.080609 0.041028342648 0.003602 53.55
2 4023 42.383601 -71.080601 0.041038531678 0.003602 53.55
2 4024 42.383608 -71.080594 0.041048720708 0.003602 53.55
2 4025 42.383615 -71.080587 0.041058909737 0.003602 53.55
2 4026 42.383622 -71.080580 0.041069098306 0.003602 53.55
2 4027 42.383629 -71.080573 0.041079286875 0.003602 53.55
2 4028 42.383637 -71.080565 0.041089475444 0.003602 53.55
2 4029 42.383644 -71.080558 0.041099664014 0.003602 53.55
2 4030 42.383651 -71.080551 0.041109852583 0.003602 53.55
2 4031 42.383658 -71.080544 0.041120040687 0.003602 53.55
2 4032 42.383665 -71.080537 0.041130228792 0.003602 53.55
2 4033 42.383673 -71.080529 0.041140416896 0.003602 53.55
2 4034 42.383680 -71.080522 0.041150605001 0.003602 53.55
2 4035 42.383687 -71.080515 0.041160793105 0.003602 53.55
2 4036 42.383694 -71.080508 0.041170980741 0.003602 53.55
2 4037 42.383701 -71.080501 0.041181168377 0.003602 53.55
2 4038 42.383709 -71.080493 0.041191356013 0.003602 53.55
2 4039 42.383716 -71.080486 0.041201543648 0.003602 53.55
2 4040 42.383723 -71.080479 0.041211731284 0.003602 53.55
2 4041 42.383730 -71.080472 0.041221918447 0.003602 53.55
2 4042 42.383737 -71.080465 0.041232105610 0.003602 53.55
2 4043 42.383745 -71.080457 0.041242292773 0.003602 53.55
2 4044 42.383752 -71.080450 0.041252479936 0.003602 53.55
2 4045 42.383759 -71.080443 0.041262667099 0.003602 53.55
2 4046 42.383766 -71.080436 0.041272853785 0.003602 53.55
2 4047 42.383773 -71.080429 0.041283040471 0.003602 53.55
2 4048 42.383781 -71.080421 0.041293227157 0.003602 53.55
2 4049 42.383788 -71.080414 0.041303413843 0.003602 53.55
2 4050 42.383795 -71.080407 0.041313600529 0.003601 53.55
2 4051 42.383802 -71.080400 0.041323786734 0.003601 53.55
2 4052 42.383809 -71.080393 0.041333972939 0.003601 53.55
2 4053 42.383817 -71.080385 0.041344159144 0.003601 53.55
2 4054 42.383824 -71.080378 0.041354345349 0.003601 53.55
2 4055 42.383831 -71.080371 0.041364531554 0.003601 53.55
2 4056 42.383838 -71.080364 0.041374717274 0.003601 53.55
2 4057 42.383846 -71.080356 0.041384902994 0.003601 53.55
2 4058 42.383853 -71.080349 0.041395088713 0.003601 53.55
2 4059 42.383860 -71.080342 0.041405274433 0.003601 53.55
2 4060 42.383867 -71.080335 0.041415460153 0.003601 53.55
2 4061 42.383874 -71.080328 0.041425645384 0.003601 53.55
2 4062 42.383882 -71.080320 0.041435830614 0.003601 53.55
2 4063 42.383889 -71.080313 0.041446015845 0.003601 53.55
2 4064 42.383896 -71.080306 0.041456201075 0.003601 53.55
2 4065 42.383903 -71.080299 0.041466386306 0.003601 53.55
2 4066 42.383910 -71.080292 0.041476571043 0.003601 53.55
2 4067 42.383918 -71.080284 0.041486755780 0.003601 53.55
2 4068 42.383925 -71.080277 0.041496940517 0.003601 53.55
2 4069 42.383932 -71.080270 0.041507125254 0.003601 53.55
2 4070 42.383939 -71.080263 0.041517309992 0.003601 53.55
2 4071 42.383946 -71.080256 0.041527494231 0.003601 53.55
2 4072 42.383954 -71.080248 0.041537678471 0.003601 53.55
2 4073 42.383961 -71.080241 0.041547862711 0.003601 53.55
2 4074 42.383968 -71.080234 0.041558046950 0.003601 53.55
2 4075 42.383975 -71.080227 0.041568231190 0.003600 53.55
2 4076 42.383982 -71.080220 0.041578414928 0.003600 53.55
2 4077 42.383990 -71.080212 0.041588598666 0.003600 53.55
2 4078 42.383997 -71.080205 0.041598782404 0.003600 53.55
3 3968 42.383204 -71.080998 0.040478003350 0.003604 53.55
3 3969 42.383211 -71.080991 0.040488197174 0.003604 53.55
3 3970 42.383219 -71.080983 0.040498390997 0.003604 53.55
3 3971 42.383226 -71.080976 0.040508584406 0.003604 53.55
3 3972 42.383233 -71.080969 0.040518777814 0.003604 53.55
3 3973 42.383240 -71.080962 0.040528971223 0.003604 53.55
3 3974 42.383247 -71.080955 0.040539164631 0.003604 53.55
3 3975 42.383255 -71.080947 0.040549358039 0.003604 53.55
3 3976 42.383262 -71.080940 0.040559551028 0.003604 53.55
3 3977 42.383269 -71.080933 0.040569744017 0.003604 53.55
3 3978 42.383276 -71.080926 0.040579937006 0.003604 53.55
3 3979 42.383284 -71.080918 0.040590129995 0.003604 53.55
3 3980 42.383291 -71.080911 0.040600322984 0.003604 53.55
3 3981 42.383298 -71.080904 0.040610515550 0.003604 53.55
3 3982 42.383305 -71.080897 0.040620708115 0.003604 53.55
3 3983 42.383312 -71.080890 0.040630900681 0.003604 53.55
3 3984 42.383320 -71.080882 0.040641093246 0.003604 53.55
3 3985 42.383327 -71.080875 0.040651285812 0.003603 53.55
3 3986 42.383334 -71.080868 0.040661477950 0.003603 53.55
3 3987 42.383341 -71.080861 0.040671670088 0.003603 53.55
3 3988 42.383348 -71.080854 0.040681862226 0.003603 53.55
3 3989 42.383356 -71.080846 0.040692054363 0.003603 53.55
3 3990 42.383363 -71.080839 0.040702246501 0.003603 53.55
3 3991 42.383370 -71.080832 0.040712438208 0.003603 53.55
3 3992 42.383377 -71.080825 0.040722629914 0.003603 53.55
3 3993 42.383384 -71.080818 0.040732821620 0.003603 53.55
3 3994 42.383392 -71.080810 0.040743013326 0.003603 53.55
3 3995 42.383399 -71.080803 0.040753205032 0.003603 53.55
3 3996 42.383406 -71.080796 0.040763396303 0.003603 53.55
3 3997 42.383413 -71.080789 0.040773587573 0.003603 53.55
3 3998 42.383420 -71.080782 0.040783778843 0.003603 53.55
3 3999 42.383428 -71.080774 0.040793970114 0.003603 53.55
3 4000 42.383435 -71.080767 0.040804161384 0.003603 53.55
3 4001 42.383442 -71.080760 0.040814352215 0.003603 53.55
3 4002 42.383449 -71.080753 0.040824543045 0.003603 53.55
3 4003 42.383456 -71.080746 0.040834733875 0.003603 53.55
3 4004 42.383464 -71.080738 0.040844924706 0.003603 53.55
3 4005 42.383471 -71.080731 0.040855115536 0.003603 53.55
3 4006 42.383478 -71.080724 0.040865305923 0.003603 53.55
3 4007 42.383485 -71.080717 0.040875496309 0.003603 53.55
3 4008 42.383493 -71.080709 0.040885686695 0.003603 53.55
3 4009 42.383500 -71.080702 0.040895877082 0.003603 53.55
3 4010 42.383507 -71.080695 0.040906067468 0.003603 53.55
3 4011 42.383514 -71.080688 0.040916257406 0.003603 53.55
3 4012 42.383521 -71.080681 0.040926447345 0.003603 53.55
3 4013 42.383529 -71.080673 0.040936637283 0.003603 53.55
3 4014 42.383536 -71.080666 0.040946827221 0.003603 53.55
3 4015 42.383543 -71.080659 0.040957017159 0.003603 53.55
3 4016 42.383550 -71.080652 0.040967206645 0.003603 53.55
3 4017 42.383557 -71.080645 0.040977396131 0.003603 53.55
3 4018 42.383565 -71.080637 0.040987585617 0.003603 53.55
3 4019 42.383572 -71.080630 0.040997775103 0.003603 53.55
3 4020 42.383579 -71.080623 0.041007964589 0.003602 53.55
3 4021 42.383586 -71.080616 0.041018153619 0.003602 53.55
3 4022 42.383593 -71.080609 0.041028342648 0.003602 53.55
3 4023 42.383601 -71.080601 0.041038531678 0.003602 53.55
3 4024 42.383608 -71.080594 0.041048720708 0.003602 53.55
3 4025 42.383615 -71.080587 0.041058909737 0.003602 53.55
3 4026 42.383622 -71.080580 0.041069098306 0.003602 53.55
3 4027 42.383629 -71.080573 0.041079286875 0.003602 53.55
3 4028 42.383637 -71.080565 0.041089475444 0.003602 53.55
3 4029 42.383644 -71.080558 0.041099664014 0.003602 53.55
3 4030 42.383651 -71.080551 0.041109852583 0.003602 53.55
3 4031 42.383658 -71.080544 0.041120040687 0.003602 53.55
3 4032 42.383665 -71.080537 0.041130228792 0.003602 53.55
3 4033 42.383673 -71.080529 0.041140416896 0.003602 53.55
3 4034 42.383680 -71.080522 0.041150605001 0.003602 53.55
3 4035 42.383687 -71.080515 0.041160793105 0.003602 53.55
3 4036 42.383694 -71.080508 0.041170980741 0.003602 53.55
3 4037 42.383701 -71.080501 0.041181168377 0.003602 53.55
3 4038 42.383709 -71.080493 0.041191356013 0.003602 53.55
3 4039 42.383716 -71.080486 0.041201543648 0.003602 53.55
3 4040 42.383723 -71.080479 0.041211731284 0.003602 53.55
3 4041 42.383730 -71.080472 0.041221918447 0.003602 53.55
3 4042 42.383737 -71.080465 0.041232105610 0.003602 53.55
3 4043 42.383745 -71.080457 0.041242292773 0.003602 53.55
3 4044 42.383752 -71.080450 0.041252479936 0.003602 53.55
3 4045 42.383759 -71.080443 0.041262667099 0.003602 53.55
3 4046 42.383766 -71.080436 0.041272853785 0.003602 53.55
3 4047 42.383773 -71.080429 0.041283040471 0.003602 53.55
3 4048 42.383781 -71.080421 0.041293227157 0.003602 53.55
3 4049 42.383788 -71.080414 0.041303413843 0.003602 53.55
3 4050 42.383795 -71.080407 0.041313600529 0.003601 53.55
3 4051 42.383802 -71.080400 0.041323786734 0.003601 53.55
3 4052 42.383809 -71.080393 0.041333972939 0.003601 53.55
3 4053 42.383817 -71.080385 0.041344159144 0.003601 53.55
3 4054 42.383824 -71.080378 0.041354345349 0.003601 53.55
3 4055 42.383831 -71.080371 0.041364531554 0.003601 53.55
3 4056 42.383838 -71.080364 0.041374717274 0.003601 53.55
3 4057 42.383846 -71.080356 0.041384902994 0.003601 53.55
3 4058 42.383853 -71.080349 0.041395088713 0.003601 53.55
3 4059 42.383860 -71.080342 0.041405274433 0.003601 53.55
3 4060 42.383867 -71.080335 0.041415460153 0.003601 53.55
3 4061 42.383874 -71.080328 0.041425645384 0.003601 53.55
3 4062 42.383882 -71.080320 0.041435830614 0.003601 53.55
3 4063 42.383889 -71.080313 0.041446015845 0.003601 53.55
3 4064 42.383896 -71.080306 0.041456201075 0.003601 53.55
3 4065 42.383903 -71.080299 0.041466386306 0.003601 53.55
3 4066 42.383910 -71.080292 0.041476571043 0.003601 53.55
3 4067 42.383918 -71.080284 0.041486755780 0.003601 53.55
3 4068 42.383925 -71.080277 0.041496940517 0.003601 53.55
3 4069 42.383932 -71.080270 0.041507125254 0.003601 53.55
3 4070 42.383939 -71.080263 0.041517309992 0.003601 53.55
3 4071 42.383946 -71.080256 0.041527494231 0.003601 53.55
3 4072 42.383954 -71.080248 0.041537678471 0.003601 53.55
3 4073 42.383961 -71.080241 0.041547862711 0.003601 53.55
3 4074 42.383968 -71.080234 0.041558046950 0.003601 53.55
3 4075 42.383975 -71.080227 0.041568231190 0.003600 53.55
3 4076 42.383982 -71.080220 0.041578414928 0.003600 53.55
3 4077 42.383990 -71.080212 0.041588598666 0.003600 53.55
3 4078 42.383997 -71.080205 0.041598782404 0.003600 53.55
4 3968 42.383204 -71.080998 0.040478003350 0.003604 53.55
4 3969 42.383211 -71.080991 0.040488197174 0.003604 53.55
4 3970 42.383219 -71.080983 0.040498390997 0.003604 53.55
4 3971 42.383226 -71.080976 0.040508584406 0.003604 53.55
4 3972 42.383233 -71.080969 0.040518777814 0.003604 53.55
4 3973 42.383240 -71.080962 0.040528971223 0.003604 53.55
4 3974 42.383247 -71.080955 0.040539164631 0.003604 53.55
4 3975 42.383255 -71.080947 0.040549358039 0.003604 53.55
4 3976 42.383262 -71.080940 0.040559551028 0.003604 53.55
4 3977 42.383269 -71.080933 0.040569744017 0.003604 53.55
4 3978 42.383276 -71.080926 0.040579937006 0.003604 53.55
4 3979 42.383284 -71.080918 0.040590129995 0.003604 53.55
4 3980 42.383291 -71.080911 0.040600322984 0.003604 53.55
4 3981 42.383298 -71.080904 0.040610515550 0.003604 53.55
4 3982 42.383305 -71.080897 0.040620708115 0.003604 53.55
4 3983 42.383312 -71.080890 0.040630900681 0.003604 53.55
4 3984 42.383320 -71.080882 0.040641093246 0.003604 53.55
4 3985 42.383327 -71.080875 0.040651285812 0.003603 53.55
4 3986 42.383334 -71.080868 0.040661477950 0.003603 53.55
4 3987 42.383341 -71.080861 0.040671670088 0.003603 53.55
4 3988 42.383348 -71.080854 0.040681862226 0.003603 53.55
4 3989 42.383356 -71.080846 0.040692054363 0.003603 53.55
4 3990 42.383363 -71.080839 0.040702246501 0.003603 53.55
4 3991 42.383370 -71.080832 0.040712438208 0.003603 53.55
4 3992 42.383377 -71.080825 0.040722629914 0.003603 53.55
4 3993 42.383384 -71.080818 0.040732821620 0.003603 53.55
4 3994 42.383392 -71.080810 0.040743013326 0.003603 53.55
4 3995 42.383399 -71.080803 0.040753205032 0.003603 53.55
4 3996 42.383406 -71.080796 0.040763396303 0.003603 53.55
4 3997 42.383413 -71.080789 0.040773587573 0.003603 53.55
4 3998 42.383420 -71.080782 0.040783778843 0.003603 53.55
4 3999 42.383428 -71.080774 0.040793970114 0.003603 53.55
4 4000 42.383435 -71.080767 0.040804161384 0.003603 53.55
4 4001 42.383442 -71.080760 0.040814352215 0.003603 53.55
4 4002 42.383449 -71.080753 0.040824543045 0.003603 53.55
4 4003 42.383456 -71.080746 0.040834733875 0.003603 53.55
4 4004 42.383464 -71.080738 0.040844924706 0.003603 53.55
4 4005 42.383471 -71.080731 0.040855115536 0.003603 53.55
4 4006 42.383478 -71.080724 0.040865305923 0.003603 53.55
4 4007 42.383485 -71.080717 0.040875496309 0.003603 53.55
4 4008 42.383493 -71.080709 0.040885686695 0.003603 53.55
4 4009 42.383500 -71.080702 0.040895877082 0.003603 53.55
4 4010 42.383507 -71.080695 0.040906067468 0.003603 53.55
4 4011 42.383514 -71.080688 0.040916257406 0.003603 53.55
4 4012 42.383521 -71.080681 0.040926447345 0.003603 53.55
4 4013 42.383529 -71.080673 0.040936637283 0.003603 53.55
4 4014 42.383536 -71.080666 0.040946827221 0.003603 53.55
4 4015 42.383543 -71.080659 0.040957017159 0.003603 53.55
4 4016 42.383550 -71.080652 0.040967206645 0.003603 53.55
4 4017 42.383557 -71.080645 0.040977396131 0.003603 53.55
4 4018 42.383565 -71.080637 0.040987585617 0.003603 53.55
4 4019 42.383572 -71.080630 0.040997775103 0.003603 53.55
4 4020 42.383579 -71.080623 0.041007964589 0.003602 53.55
4 4021 42.383586 -71.080616 0.041018153619 0.003602 53.55
4 4022 42.383593 -71.080609 0.041028342648 0.003602 53.55
4 4023 42.383601 -71.080601 0.041038531678 0.003602 53.55
4 4024 42.383608 -71.080594 0.041048720708 0.003602 53.55
4 4025 42.383615 -71.080587 0.041058909737 0.003602 53.55
4 4026 42.383622 -71.080580 0.041069098306 0.003602 53.55
4 4027 42.383629 -71.080573 0.041079286875 0.003602 53.55
4 4028 42.383637 -71.080565 0.041089475444 0.003602 53.55
4 4029 42.383644 -71.080558 0.041099664014 0.003602 53.55
4 4030 42.383651 -71.080551 0.041109852583 0.003602 53.55
4 4031 42.383658 -71.080544 0.041120040687 0.003602 53.55
4 4032 42.383665 -71.080537 0.041130228792 0.003602 53.55
4 4033 42.383673 -71.080529 0.041140416896 0.003602 53.55
4 4034 42.383680 -71.080522 0.041150605001 0.003602 53.55
4 4035 42.383687 -71.080515 0.041160793105 0.003602 53.55
4 4036 42.383694 -71.080508 0.041170980741 0.003602 53.55
4 4037 42.383701 -71.080501 0.041181168377 0.003602 53.55
4 4038 42.383709 -71.080493 0.041191356013 0.003602 53.55
4 4039 42.383716 -71.080486 0.041201543648 0.003602 53.55
4 4040 42.383723 -71.080479 0.041211731284 0.003602 53.55
4 4041 42.383730 -71.080472 0.041221918447 0.003602 53.55
4 4042 42.383737 -71.080465 0.041232105610 0.003602 53.55
4 4043 42.383745 -71.080457 0.041242292773 0.003602 53.55
4 4044 42.383752 -71.080450 0.041252479936 0.003602 53.55
4 4045 42.383759 -71.080443 0.041262667099 0.003602 53.55
4 4046 42.383766 -71.080436 0.041272853785 0.003602 53.55
4 4047 42.383773 -71.080429 0.041283040471 0.003602 53.55
4 4048 42.383781 -71.080421 0.041293227157 0.003602 53.55
4 4049 42.383788 -71.080414 0.041303413843 0.003602 53.55
4 4050 42.383795 -71.080407 0.041313600529 0.003601 53.55
4 4051 42.383802 -71.080400 0.041323786734 0.003601 53.55
4 4052 42.383809 -71.080393 0.041333972939 0.003601 53.55
4 4053 42.383817 -71.080385 0.041344159144 0.003601 53.55
4 4054 42.383824 -71.080378 0.041354345349 0.003601 53.55
4 4055 42.383831 -71.080371 0.041364531554 0.003601 53.55
4 4056 42.383838 -71.080364 0.041374717274 0.003601 53.55
4 4057 42.383846 -71.080356 0.041384902994 0.003601 53.55
4 4058 42.383853 -71.080349 0.041395088713 0.003601 53.55
4 4059 42.383860 -71.080342 0.041405274433 0.003601 53.55
4 4060 42.383867 -71.080335 0.041415460153 0.003601 53.55
4 4061 42.383874 -71.080328 0.041425645384 0.003601 53.55
4 4062 42.383882 -71.080320 0.041435830614 0.003601 53.55
4 4063 42.383889 -71.080313 0.041446015845 0.003601 53.55
4 4064 42.383896 -71.080306 0.041456201075 0.003601 53.55
4 4065 42.383903 -71.080299 0.041466386306 0.003601 53.55
4 4066 42.383910 -71.080292 0.041476571043 0.003601 53.55
4 4067 42.383918 -71.080284 0.041486755780 0.003601 53.55
4 4068 42.383925 -71.080277 0.041496940517 0.003601 53.55
4 4069 42.383932 -71.080270 0.041507125254 0.003601 53.55
4 4070 42.383939 -71.080263 0.041517309992 0.003601 53.55
4 4071 42.383946 -71.080256 0.041527494231 0.003601 53.55
4 4072 42.383954 -71.080248 0.041537678471 0.003601 53.55
4 4073 42.383961 -71.080241 0.041547862711 0.003601 53.55
4 4074 42.383968 -71.080234 0.041558046950 0.003601 53.55
4 4075 42.383975 -71.080227 0.041568231190 0.003600 53.55
4 4076 42.383982 -71.080220 0.041578414928 0.003600 53.55
4 4077 42.383990 -71.080212 0.041588598666 0.003600 53.55
4 4078 42.383997 -71.080205 0.041598782404 0.003600 53.55
