1 3691 42.381206 -71.082996 0.037651733826 0.003610 53.55
1 3692 42.381213 -71.082989 0.037661944168 0.003610 53.55
1 3693 42.381220 -71.082982 0.037672154509 0.003610 53.55
1 3694 42.381227 -71.082975 0.037682364851 0.003610 53.55
1 3695 42.381235 -71.082967 0.037692575193 0.003610 53.55
1 3696 42.381242 -71.082960 0.037702785345 0.003610 53.55
1 3697 42.381249 -71.082953 0.037712995497 0.003610 53.55
1 3698 42.381256 -71.082946 0.037723205649 0.003610 53.55
1 3699 42.381264 -71.082938 0.037733415801 0.003610 53.55
1 3700 42.381271 -71.082931 0.037743625953 0.003610 53.55
1 3701 42.381278 -71.082924 0.037753835911 0.003610 53.55
1 3702 42.381285 -71.082917 0.037764045870 0.003610 53.55
1 3703 42.381292 -71.082910 0.037774255828 0.003610 53.55
1 3704 42.381300 -71.082902 0.037784465786 0.003610 53.55
1 3705 42.381307 -71.082895 0.037794675745 0.003610 53.55
1 3706 42.381314 -71.082888 0.037804885505 0.003610 53.55
1 3707 42.381321 -71.082881 0.037815095266 0.003610 53.55
1 3708 42.381328 -71.082874 0.037825305027 0.003610 53.55
1 3709 42.381336 -71.082866 0.037835514787 0.003610 53.55
1 3710 42.381343 -71.082859 0.037845724548 0.003610 53.55
1 3711 42.381350 -71.082852 0.037855934106 0.003610 53.55
1 3712 42.381357 -71.082845 0.037866143665 0.003610 53.55
1 3713 42.381365 -71.082837 0.037876353224 0.003610 53.55
1 3714 42.381372 -71.082830 0.037886562783 0.003610 53.55
1 3715 42.381379 -71.082823 0.037896772341 0.003610 53.55
1 3716 42.381386 -71.082816 0.037906981694 0.003610 53.55
1 3717 42.381393 -71.082809 0.037917191047 0.003610 53.55
1 3718 42.381401 -71.082801 0.037927400400 0.003610 53.55
1 3719 42.381408 -71.082794 0.037937609752 0.003610 53.55
1 3720 42.381415 -71.082787 0.037947819105 0.003609 53.55
1 3721 42.381422 -71.082780 0.037958028248 0.003609 53.55
1 3722 42.381430 -71.082772 0.037968237391 0.003609 53.55
1 3723 42.381437 -71.082765 0.037978446533 0.003609 53.55
1 3724 42.381444 -71.082758 0.037988655676 0.003609 53.55
1 3725 42.381451 -71.082751 0.037998864819 0.003609 53.55
1 3726 42.381458 -71.082744 0.038009073747 0.003609 53.55
1 3727 42.381466 -71.082736 0.038019282676 0.003609 53.55
1 3728 42.381473 -71.082729 0.038029491604 0.003609 53.55
1 3729 42.381480 -71.082722 0.038039700533 0.003609 53.55
1 3730 42.381487 -71.082715 0.038049909461 0.003609 53.55
1 3731 42.381495 -71.082707 0.038060118172 0.003609 53.55
1 3732 42.381502 -71.082700 0.038070326882 0.003609 53.55
1 3733 42.381509 -71.082693 0.038080535592 0.003609 53.55
1 3734 42.381516 -71.082686 0.038090744302 0.003609 53.55
1 3735 42.381523 -71.082679 0.038100953013 0.003609 53.55
1 3736 42.381531 -71.082671 0.038111161501 0.003609 53.55
1 3737 42.381538 -71.082664 0.038121369989 0.003609 53.55
1 3738 42.381545 -71.082657 0.038131578476 0.003609 53.55
1 3739 42.381552 -71.082650 0.038141786964 0.003609 53.55
1 3740 42.381560 -71.082642 0.038151995452 0.003609 53.55
1 3741 42.381567 -71.082635 0.038162203714 0.003609 53.55
1 3742 42.381574 -71.082628 0.038172411975 0.003609 53.55
1 3743 42.381581 -71.082621 0.038182620236 0.003609 53.55
1 3744 42.381588 -71.082614 0.038192828498 0.003609 53.55
1 3745 42.381596 -71.082606 0.038203036759 0.003609 53.55
1 3746 42.381603 -71.082599 0.038213244790 0.003609 53.55
1 3747 42.381610 -71.082592 0.038223452821 0.003609 53.55
1 3748 42.381617 -71.082585 0.038233660852 0.003609 53.55
1 3749 42.381624 -71.082578 0.038243868883 0.003609 53.55
1 3750 42.381632 -71.082570 0.038254076914 0.003609 53.55
1 3751 42.381639 -71.082563 0.038264284710 0.003609 53.55
1 3752 42.381646 -71.082556 0.038274492506 0.003609 53.55
1 3753 42.381653 -71.082549 0.038284700302 0.003609 53.55
1 3754 42.381661 -71.082541 0.038294908098 0.003609 53.55
1 3755 42.381668 -71.082534 0.038305115895 0.003609 53.55
1 3756 42.381675 -71.082527 0.038315323452 0.003609 53.55
1 3757 42.381682 -71.082520 0.038325531009 0.003609 53.55
1 3758 42.381689 -71.082513 0.038335738567 0.003609 53.55
1 3759 42.381697 -71.082505 0.038345946124 0.003609 53.55
1 3760 42.381704 -71.082498 0.038356153682 0.003609 53.55
1 3761 42.381711 -71.082491 0.038366360996 0.003609 53.55
1 3762 42.381718 -71.082484 0.038376568311 0.003609 53.55
1 3763 42.381726 -71.082476 0.038386775625 0.003609 53.55
1 3764 42.381733 -71.082469 0.038396982940 0.003609 53.55
1 3765 42.381740 -71.082462 0.038407190254 0.003609 53.55
1 3766 42.381747 -71.082455 0.038417397322 0.003609 53.55
1 3767 42.381754 -71.082448 0.038427604389 0.003609 53.55
1 3768 42.381762 -71.082440 0.038437811457 0.003609 53.55
1 3769 42.381769 -71.082433 0.038448018525 0.003609 53.55
1 3770 42.381776 -71.082426 0.038458225592 0.003609 53.55
1 3771 42.381783 -71.082419 0.038468432409 0.003609 53.55
1 3772 42.381790 -71.082412 0.038478639225 0.003609 53.55
1 3773 42.381798 -71.082404 0.038488846042 0.003609 53.55
1 3774 42.381805 -71.082397 0.038499052858 0.003609 53.55
1 3775 42.381812 -71.082390 0.038509259675 0.003609 53.55
1 3776 42.381819 -71.082383 0.038519466236 0.003609 53.55
1 3777 42.381827 -71.082375 0.038529672797 0.003609 53.55
1 3778 42.381834 -71.082368 0.038539879358 0.003609 53.55
1 3779 42.381841 -71.082361 0.038550085920 0.003609 53.55
1 3780 42.381848 -71.082354 0.038560292481 0.003608 53.55
1 3781 42.381855 -71.082347 0.038570498783 0.003608 53.55
1 3782 42.381863 -71.082339 0.038580705085 0.003608 53.55
1 3783 42.381870 -71.082332 0.038590911387 0.003608 53.55
1 3784 42.381877 -71.082325 0.038601117689 0.003608 53.55
1 3785 42.381884 -71.082318 0.038611323991 0.003608 53.55
1 3786 42.381892 -71.082310 0.038621530030 0.003608 53.55
1 3787 42.381899 -71.082303 0.038631736069 0.003608 53.55
1 3788 42.381906 -71.082296 0.038641942107 0.003608 53.55
1 3789 42.381913 -71.082289 0.038652148146 0.003608 53.55
1 3790 42.381920 -71.082282 0.038662354184 0.003608 53.55
1 3791 42.381928 -71.082274 0.038672559956 0.003608 53.55
1 3792 42.381935 -71.082267 0.038682765727 0.003608 53.55
1 3793 42.381942 -71.082260 0.038692971498 0.003608 53.55
1 3794 42.381949 -71.082253 0.038703177269 0.003608 53.55
1 3795 42.381956 -71.082246 0.038713383040 0.003608 53.55
1 3796 42.381964 -71.082238 0.038723588540 0.003608 53.55
1 3797 42.381971 -71.082231 0.038733794039 0.003608 53.55
1 3798 42.381978 -71.082224 0.038743999539 0.003608 53.55
1 3799 42.381985 -71.082217 0.038754205039 0.003608 53.55
1 3800 42.381993 -71.082209 0.038764410538 0.003608 53.55
1 3801 42.382000 -71.082202 0.038774615762 0.003608 53.55
2 3691 42.381206 -71.082996 0.037651733826 0.003610 53.55
2 3692 42.381213 -71.082989 0.037661944168 0.003610 53.55
2 3693 42.381220 -71.082982 0.037672154509 0.003610 53.55
2 3694 42.381227 -71.082975 0.037682364851 0.003610 53.55
2 3695 42.381235 -71.082967 0.037692575193 0.003610 53.55
2 3696 42.381242 -71.082960 0.037702785345 0.003610 53.55
2 3697 42.381249 -71.082953 0.037712995497 0.003610 53.55
2 3698 42.381256 -71.082946 0.037723205649 0.003610 53.55
2 3699 42.381264 -71.082938 0.037733415801 0.003610 53.55
2 3700 42.381271 -71.082931 0.037743625953 0.003610 53.55
2 3701 42.381278 -71.082924 0.037753835911 0.003610 53.55
2 3702 42.381285 -71.082917 0.037764045870 0.003610 53.55
2 3703 42.381292 -71.082910 0.037774255828 0.003610 53.55
2 3704 42.381300 -71.082902 0.037784465786 0.003610 53.55
2 3705 42.381307 -71.082895 0.037794675745 0.003610 53.55
2 3706 42.381314 -71.082888 0.037804885505 0.003610 53.55
2 3707 42.381321 -71.082881 0.037815095266 0.003610 53.55
2 3708 42.381328 -71.082874 0.037825305027 0.003610 53.55
2 3709 42.381336 -71.082866 0.037835514787 0.003610 53.55
2 3710 42.381343 -71.082859 0.037845724548 0.003610 53.55
2 3711 42.381350 -71.082852 0.037855934106 0.003610 53.55
2 3712 42.381357 -71.082845 0.037866143665 0.003610 53.55
2 3713 42.381365 -71.082837 0.037876353224 0.003610 53.55
2 3714 42.381372 -71.082830 0.037886562783 0.003610 53.55
2 3715 42.381379 -71.082823 0.037896772341 0.003610 53.55
2 3716 42.381386 -71.082816 0.037906981694 0.003610 53.55
2 3717 42.381393 -71.082809 0.037917191047 0.003610 53.55
2 3718 42.381401 -71.082801 0.037927400400 0.003610 53.55
2 3719 42.381408 -71.082794 0.037937609752 0.003610 53.55
2 3720 42.381415 -71.082787 0.037947819105 0.003609 53.55
2 3721 42.381422 -71.082780 0.037958028248 0.003609 53.55
2 3722 42.381430 -71.082772 0.037968237391 0.003609 53.55
2 3723 42.381437 -71.082765 0.037978446533 0.003609 53.55
2 3724 42.381444 -71.082758 0.037988655676 0.003609 53.55
2 3725 42.381451 -71.082751 0.037998864819 0.003609 53.55
2 3726 42.381458 -71.082744 0.038009073747 0.003609 53.55
2 3727 42.381466 -71.082736 0.038019282676 0.003609 53.55
2 3728 42.381473 -71.082729 0.038029491604 0.003609 53.55
2 3729 42.381480 -71.082722 0.038039700533 0.003609 53.55
2 3730 42.381487 -71.082715 0.038049909461 0.003609 53.55
2 3731 42.381495 -71.082707 0.038060118172 0.003609 53.55
2 3732 42.381502 -71.082700 0.038070326882 0.003609 53.55
2 3733 42.381509 -71.082693 0.038080535592 0.003609 53.55
2 3734 42.381516 -71.082686 0.038090744302 0.003609 53.55
2 3735 42.381523 -71.082679 0.038100953013 0.003609 53.55
2 3736 42.381531 -71.082671 0.038111161501 0.003609 53.55
2 3737 42.381538 -71.082664 0.038121369989 0.003609 53.55
2 3738 42.381545 -71.082657 0.038131578476 0.003609 53.55
2 3739 42.381552 -71.082650 0.038141786964 0.003609 53.55
2 3740 42.381560 -71.082642 0.038151995452 0.003609 53.55
2 3741 42.381567 -71.082635 0.038162203714 0.003609 53.55
2 3742 42.381574 -71.082628 0.038172411975 0.003609 53.55
2 3743 42.381581 -71.082621 0.038182620236 0.003609 53.55
2 3744 42.381588 -71.082614 0.038192828498 0.003609 53.55
2 3745 42.381596 -71.082606 0.038203036759 0.003609 53.55
2 3746 42.381603 -71.082599 0.038213244790 0.003609 53.55
2 3747 42.381610 -71.082592 0.038223452821 0.003609 53.55
2 3748 42.381617 -71.082585 0.038233660852 0.003609 53.55
2 3749 42.381624 -71.082578 0.038243868883 0.003609 53.55
2 3750 42.381632 -71.082570 0.038254076914 0.003609 53.55
2 3751 42.381639 -71.082563 0.038264284710 0.003609 53.55
2 3752 42.381646 -71.082556 0.038274492506 0.003609 53.55
2 3753 42.381653 -71.082549 0.038284700302 0.003609 53.55
2 3754 42.381661 -71.082541 0.038294908098 0.003609 53.55
2 3755 42.381668 -71.082534 0.038305115895 0.003609 53.55
2 3756 42.381675 -71.082527 0.038315323452 0.003609 53.55
2 3757 42.381682 -71.082520 0.038325531009 0.003609 53.55
2 3758 42.381689 -71.082513 0.038335738567 0.003609 53.55
2 3759 42.381697 -71.082505 0.038345946124 0.003609 53.55
2 3760 42.381704 -71.082498 0.038356153682 0.003609 53.55
2 3761 42.381711 -71.082491 0.038366360996 0.003609 53.55
2 3762 42.381718 -71.082484 0.038376568311 0.003609 53.55
2 3763 42.381726 -71.082476 0.038386775625 0.003609 53.55
2 3764 42.381733 -71.082469 0.038396982940 0.003609 53.55
2 3765 42.381740 -71.082462 0.038407190254 0.003609 53.55
2 3766 42.381747 -71.082455 0.038417397322 0.003609 53.55
2 3767 42.381754 -71.082448 0.038427604389 0.003609 53.55
2 3768 42.381762 -71.082440 0.038437811457 0.003609 53.55
2 3769 42.381769 -71.082433 0.038448018525 0.003609 53.55
2 3770 42.381776 -71.082426 0.038458225592 0.003609 53.55
2 3771 42.381783 -71.082419 0.038468432409 0.003609 53.55
2 3772 42.381790 -71.082412 0.038478639225 0.003609 53.55
2 3773 42.381798 -71.082404 0.038488846042 0.003609 53.55
2 3774 42.381805 -71.082397 0.038499052858 0.003609 53.55
2 3775 42.381812 -71.082390 0.038509259675 0.003609 53.55
2 3776 42.381819 -71.082383 0.038519466236 0.003609 53.55
2 3777 42.381827 -71.082375 0.038529672797 0.003609 53.55
2 3778 42.381834 -71.082368 0.038539879358 0.003609 53.55
2 3779 42.381841 -71.082361 0.038550085920 0.003609 53.55
2 3780 42.381848 -71.082354 0.038560292481 0.003608 53.55
2 3781 42.381855 -71.082347 0.038570498783 0.003608 53.55
2 3782 42.381863 -71.082339 0.038580705085 0.003608 53.55
2 3783 42.381870 -71.082332 0.038590911387 0.003608 53.55
2 3784 42.381877 -71.082325 0.038601117689 0.003608 53.55
2 3785 42.381884 -71.082318 0.038611323991 0.003608 53.55
2 3786 42.381892 -71.082310 0.038621530030 0.003608 53.55
2 3787 42.381899 -71.082303 0.038631736069 0.003608 53.55
2 3788 42.381906 -71.082296 0.038641942107 0.003608 53.55
2 3789 42.381913 -71.082289 0.038652148146 0.003608 53.55
2 3790 42.381920 -71.082282 0.038662354184 0.003608 53.55
2 3791 42.381928 -71.082274 0.038672559956 0.003608 53.55
2 3792 42.381935 -71.082267 0.038682765727 0.003608 53.55
2 3793 42.381942 -71.082260 0.038692971498 0.003608 53.55
2 3794 42.381949 -71.082253 0.038703177269 0.003608 53.55
2 3795 42.381956 -71.082246 0.038713383040 0.003608 53.55
2 3796 42.381964 -71.082238 0.038723588540 0.003608 53.55
2 3797 42.381971 -71.082231 0.038733794039 0.003608 53.55
2 3798 42.381978 -71.082224 0.038743999539 0.003608 53.55
2 3799 42.381985 -71.082217 0.038754205039 0.003608 53.55
2 3800 42.381993 -71.082209 0.038764410538 0.003608 53.55
2 3801 42.382000 -71.082202 0.038774615762 0.003608 53.55
3 3691 42.381206 -71.082996 0.037651733826 0.003610 53.55
3 3692 42.381213 -71.082989 0.037661944168 0.003610 53.55
3 3693 42.381220 -71.082982 0.037672154509 0.003610 53.55
3 3694 42.381227 -71.082975 0.037682364851 0.003610 53.55
3 3695 42.381235 -71.082967 0.037692575193 0.003610 53.55
3 3696 42.381242 -71.082960 0.037702785345 0.003610 53.55
3 3697 42.381249 -71.082953 0.037712995497 0.003610 53.55
3 3698 42.381256 -71.082946 0.037723205649 0.003610 53.55
3 3699 42.381264 -71.082938 0.037733415801 0.003610 53.55
3 3700 42.381271 -71.082931 0.037743625953 0.003610 53.55
3 3701 42.381278 -71.082924 0.037753835911 0.003610 53.55
3 3702 42.381285 -71.082917 0.037764045870 0.003610 53.55
3 3703 42.381292 -71.082910 0.037774255828 0.003610 53.55
3 3704 42.381300 -71.082902 0.037784465786 0.003610 53.55
3 3705 42.381307 -71.082895 0.037794675745 0.003610 53.55
3 3706 42.381314 -71.082888 0.037804885505 0.003610 53.55
3 3707 42.381321 -71.082881 0.037815095266 0.003610 53.55
3 3708 42.381328 -71.082874 0.037825305027 0.003610 53.55
3 3709 42.381336 -71.082866 0.037835514787 0.003610 53.55
3 3710 42.381343 -71.082859 0.037845724548 0.003610 53.55
3 3711 42.381350 -71.082852 0.037855934106 0.003610 53.55
3 3712 42.381357 -71.082845 0.037866143665 0.003610 53.55
3 3713 42.381365 -71.082837 0.037876353224 0.003610 53.55
3 3714 42.381372 -71.082830 0.037886562783 0.003610 53.55
3 3715 42.381379 -71.082823 0.037896772341 0.003610 53.55
3 3716 42.381386 -71.082816 0.037906981694 0.003610 53.55
3 3717 42.381393 -71.082809 0.037917191047 0.003610 53.55
3 3718 42.381401 -71.082801 0.037927400400 0.003610 53.55
3 3719 42.381408 -71.082794 0.037937609752 0.003610 53.55
3 3720 42.381415 -71.082787 0.037947819105 0.003609 53.55
3 3721 42.381422 -71.082780 0.037958028248 0.003609 53.55
3 3722 42.381430 -71.082772 0.037968237391 0.003609 53.55
3 3723 42.381437 -71.082765 0.037978446533 0.003609 53.55
3 3724 42.381444 -71.082758 0.037988655676 0.003609 53.55
3 3725 42.381451 -71.082751 0.037998864819 0.003609 53.55
3 3726 42.381458 -71.082744 0.038009073747 0.003609 53.55
3 3727 42.381466 -71.082736 0.038019282676 0.003609 53.55
3 3728 42.381473 -71.082729 0.038029491604 0.003609 53.55
3 3729 42.381480 -71.082722 0.038039700533 0.003609 53.55
3 3730 42.381487 -71.082715 0.038049909461 0.003609 53.55
3 3731 42.381495 -71.082707 0.038060118172 0.003609 53.55
3 3732 42.381502 -71.082700 0.038070326882 0.003609 53.55
3 3733 42.381509 -71.082693 0.038080535592 0.003609 53.55
3 3734 42.381516 -71.082686 0.038090744302 0.003609 53.55
3 3735 42.381523 -71.082679 0.038100953013 0.003609 53.55
3 3736 42.381531 -71.082671 0.038111161501 0.003609 53.55
3 3737 42.381538 -71.082664 0.038121369989 0.003609 53.55
3 3738 42.381545 -71.082657 0.038131578476 0.003609 53.55
3 3739 42.381552 -71.082650 0.038141786964 0.003609 53.55
3 3740 42.381560 -71.082642 0.038151995452 0.003609 53.55
3 3741 42.381567 -71.082635 0.038162203714 0.003609 53.55
3 3742 42.381574 -71.082628 0.038172411975 0.003609 53.55
3 3743 42.381581 -71.082621 0.038182620236 0.003609 53.55
3 3744 42.381588 -71.082614 0.038192828498 0.003609 53.55
3 3745 42.381596 -71.082606 0.038203036759 0.003609 53.55
3 3746 42.381603 -71.082599 0.038213244790 0.003609 53.55
3 3747 42.381610 -71.082592 0.038223452821 0.003609 53.55
3 3748 42.381617 -71.082585 0.038233660852 0.003609 53.55
3 3749 42.381624 -71.082578 0.038243868883 0.003609 53.55
3 3750 42.381632 -71.082570 0.038254076914 0.003609 53.55
3 3751 42.381639 -71.082563 0.038264284710 0.003609 53.55
3 3752 42.381646 -71.082556 0.038274492506 0.003609 53.55
3 3753 42.381653 -71.082549 0.038284700302 0.003609 53.55
3 3754 42.381661 -71.082541 0.038294908098 0.003609 53.55
3 3755 42.381668 -71.082534 0.038305115895 0.003609 53.55
3 3756 42.381675 -71.082527 0.038315323452 0.003609 53.55
3 3757 42.381682 -71.082520 0.038325531009 0.003609 53.55
3 3758 42.381689 -71.082513 0.038335738567 0.003609 53.55
3 3759 42.381697 -71.082505 0.038345946124 0.003609 53.55
3 3760 42.381704 -71.082498 0.038356153682 0.003609 53.55
3 3761 42.381711 -71.082491 0.038366360996 0.003609 53.55
3 3762 42.381718 -71.082484 0.038376568311 0.003609 53.55
3 3763 42.381726 -71.082476 0.038386775625 0.003609 53.55
3 3764 42.381733 -71.082469 0.038396982940 0.003609 53.55
3 3765 42.381740 -71.082462 0.038407190254 0.003609 53.55
3 3766 42.381747 -71.082455 0.038417397322 0.003609 53.55
3 3767 42.381754 -71.082448 0.038427604389 0.003609 53.55
3 3768 42.381762 -71.082440 0.038437811457 0.003609 53.55
3 3769 42.381769 -71.082433 0.038448018525 0.003609 53.55
3 3770 42.381776 -71.082426 0.038458225592 0.003609 53.55
3 3771 42.381783 -71.082419 0.038468432409 0.003609 53.55
3 3772 42.381790 -71.082412 0.038478639225 0.003609 53.55
3 3773 42.381798 -71.082404 0.038488846042 0.003609 53.55
3 3774 42.381805 -71.082397 0.038499052858 0.003609 53.55
3 3775 42.381812 -71.082390 0.038509259675 0.003609 53.55
3 3776 42.381819 -71.082383 0.038519466236 0.003609 53.55
3 3777 42.381827 -71.082375 0.038529672797 0.003609 53.55
3 3778 42.381834 -71.082368 0.038539879358 0.003609 53.55
3 3779 42.381841 -71.082361 0.038550085920 0.003609 53.55
3 3780 42.381848 -71.082354 0.038560292481 0.003608 53.55
3 3781 42.381855 -71.082347 0.038570498783 0.003608 53.55
3 3782 42.381863 -71.082339 0.038580705085 0.003608 53.55
3 3783 42.381870 -71.082332 0.038590911387 0.003608 53.55
3 3784 42.381877 -71.082325 0.038601117689 0.003608 53.55
3 3785 42.381884 -71.082318 0.038611323991 0.003608 53.55
3 3786 42.381892 -71.082310 0.038621530030 0.003608 53.55
3 3787 42.381899 -71.082303 0.038631736069 0.003608 53.55
3 3788 42.381906 -71.082296 0.038641942107 0.003608 53.55
3 3789 42.381913 -71.082289 0.038652148146 0.003608 53.55
3 3790 42.381920 -71.082282 0.038662354184 0.003608 53.55
3 3791 42.381928 -71.082274 0.038672559956 0.003608 53.55
3 3792 42.381935 -71.082267 0.038682765727 0.003608 53.55
3 3793 42.381942 -71.082260 0.038692971498 0.003608 53.55
3 3794 42.381949 -71.082253 0.038703177269 0.003608 53.55
3 3795 42.381956 -71.082246 0.038713383040 0.003608 53.55
3 3796 42.381964 -71.082238 0.038723588540 0.003608 53.55
3 3797 42.381971 -71.082231 0.038733794039 0.003608 53.55
3 3798 42.381978 -71.082224 0.038743999539 0.003608 53.55
3 3799 42.381985 -71.082217 0.038754205039 0.003608 53.55
3 3800 42.381993 -71.082209 0.038764410538 0.003608 53.55
3 3801 42.382000 -71.082202 0.038774615762 0.003608 53.55
4 3691 42.381206 -71.082996 0.037651733826 0.003610 53.55
4 3692 42.381213 -71.082989 0.037661944168 0.003610 53.55
4 3693 42.381220 -71.082982 0.037672154509 0.003610 53.55
4 3694 42.381227 -71.082975 0.037682364851 0.003610 53.55
4 3695 42.381235 -71.082967 0.037692575193 0.003610 53.55
4 3696 42.381242 -71.082960 0.037702785345 0.003610 53.55
4 3697 42.381249 -71.082953 0.037712995497 0.003610 53.55
4 3698 42.381256 -71.082946 0.037723205649 0.003610 53.55
4 3699 42.381264 -71.082938 0.037733415801 0.003610 53.55
4 3700 42.381271 -71.082931 0.037743625953 0.003610 53.55
4 3701 42.381278 -71.082924 0.037753835911 0.003610 53.55
4 3702 42.381285 -71.082917 0.037764045870 0.003610 53.55
4 3703 42.381292 -71.082910 0.037774255828 0.003610 53.55
4 3704 42.381300 -71.082902 0.037784465786 0.003610 53.55
4 3705 42.381307 -71.082895 0.037794675745 0.003610 53.55
4 3706 42.381314 -71.082888 0.037804885505 0.003610 53.55
4 3707 42.381321 -71.082881 0.037815095266 0.003610 53.55
4 3708 42.381328 -71.082874 0.037825305027 0.003610 53.55
4 3709 42.381336 -71.082866 0.037835514787 0.003610 53.55
4 3710 42.381343 -71.082859 0.037845724548 0.003610 53.55
4 3711 42.381350 -71.082852 0.037855934106 0.003610 53.55
4 3712 42.381357 -71.082845 0.037866143665 0.003610 53.55
4 3713 42.381365 -71.082837 0.037876353224 0.003610 53.55
4 3714 42.381372 -71.082830 0.037886562783 0.003610 53.55
4 3715 42.381379 -71.082823 0.037896772341 0.003610 53.55
4 3716 42.381386 -71.082816 0.037906981694 0.003610 53.55
4 3717 42.381393 -71.082809 0.037917191047 0.003610 53.55
4 3718 42.381401 -71.082801 0.037927400400 0.003610 53.55
4 3719 42.381408 -71.082794 0.037937609752 0.003610 53.55
4 3720 42.381415 -71.082787 0.037947819105 0.003609 53.55
4 3721 42.381422 -71.082780 0.037958028248 0.003609 53.55
4 3722 42.381430 -71.082772 0.037968237391 0.003609 53.55
4 3723 42.381437 -71.082765 0.037978446533 0.003609 53.55
4 3724 42.381444 -71.082758 0.037988655676 0.003609 53.55
4 3725 42.381451 -71.082751 0.037998864819 0.003609 53.55
4 3726 42.381458 -71.082744 0.038009073747 0.003609 53.55
4 3727 42.381466 -71.082736 0.038019282676 0.003609 53.55
4 3728 42.381473 -71.082729 0.038029491604 0.003609 53.55
4 3729 42.381480 -71.082722 0.038039700533 0.003609 53.55
4 3730 42.381487 -71.082715 0.038049909461 0.003609 53.55
4 3731 42.381495 -71.082707 0.038060118172 0.003609 53.55
4 3732 42.381502 -71.082700 0.038070326882 0.003609 53.55
4 3733 42.381509 -71.082693 0.038080535592 0.003609 53.55
4 3734 42.381516 -71.082686 0.038090744302 0.003609 53.55
4 3735 42.381523 -71.082679 0.038100953013 0.003609 53.55
4 3736 42.381531 -71.082671 0.038111161501 0.003609 53.55
4 3737 42.381538 -71.082664 0.038121369989 0.003609 53.55
4 3738 42.381545 -71.082657 0.038131578476 0.003609 53.55
4 3739 42.381552 -71.082650 0.038141786964 0.003609 53.55
4 3740 42.381560 -71.082642 0.038151995452 0.003609 53.55
4 3741 42.381567 -71.082635 0.038162203714 0.003609 53.55
4 3742 42.381574 -71.082628 0.038172411975 0.003609 53.55
4 3743 42.381581 -71.082621 0.038182620236 0.003609 53.55
4 3744 42.381588 -71.082614 0.038192828498 0.003609 53.55
4 3745 42.381596 -71.082606 0.038203036759 0.003609 53.55
4 3746 42.381603 -71.082599 0.038213244790 0.003609 53.55
4 3747 42.381610 -71.082592 0.038223452821 0.003609 53.55
4 3748 42.381617 -71.082585 0.038233660852 0.003609 53.55
4 3749 42.381624 -71.082578 0.038243868883 0.003609 53.55
4 3750 42.381632 -71.082570 0.038254076914 0.003609 53.55
4 3751 42.381639 -71.082563 0.038264284710 0.003609 53.55
4 3752 42.381646 -71.082556 0.038274492506 0.003609 53.55
4 3753 42.381653 -71.082549 0.038284700302 0.003609 53.55
4 3754 42.381661 -71.082541 0.038294908098 0.003609 53.55
4 3755 42.381668 -71.082534 0.038305115895 0.003609 53.55
4 3756 42.381675 -71.082527 0.038315323452 0.003609 53.55
4 3757 42.381682 -71.082520 0.038325531009 0.003609 53.55
4 3758 42.381689 -71.082513 0.038335738567 0.003609 53.55
4 3759 42.381697 -71.082505 0.038345946124 0.003609 53.55
4 3760 42.381704 -71.082498 0.038356153682 0.003609 53.55
4 3761 42.381711 -71.082491 0.038366360996 0.003609 53.55
4 3762 42.381718 -71.082484 0.038376568311 0.003609 53.55
4 3763 42.381726 -71.082476 0.038386775625 0.003609 53.55
4 3764 42.381733 -71.082469 0.038396982940 0.003609 53.55
4 3765 42.381740 -71.082462 0.038407190254 0.003609 53.55
4 3766 42.381747 -71.082455 0.038417397322 0.003609 53.55
4 3767 42.381754 -71.082448 0.038427604389 0.003609 53.55
4 3768 42.381762 -71.082440 0.038437811457 0.003609 53.55
4 3769 42.381769 -71.082433 0.038448018525 0.003609 53.55
4 3770 42.381776 -71.082426 0.038458225592 0.003609 53.55
4 3771 42.381783 -71.082419 0.038468432409 0.003609 53.55
4 3772 42.381790 -71.082412 0.038478639225 0.003609 53.55
4 3773 42.381798 -71.082404 0.038488846042 0.003609 53.55
4 3774 42.381805 -71.082397 0.038499052858 0.003609 53.55
4 3775 42.381812 -71.082390 0.038509259675 0.003609 53.55
4 3776 42.381819 -71.082383 0.038519466236 0.003609 53.55
4 3777 42.381827 -71.082375 0.038529672797 0.003609 53.55
4 3778 42.381834 -71.082368 0.038539879358 0.003609 53.55
4 3779 42.381841 -71.082361 0.038550085920 0.003609 53.55
4 3780 42.381848 -71.082354 0.038560292481 0.003608 53.55
4 3781 42.381855 -71.082347 0.038570498783 0.003608 53.55
4 3782 42.381863 -71.082339 0.038580705085 0.003608 53.55
4 3783 42.381870 -71.082332 0.038590911387 0.003608 53.55
4 3784 42.381877 -71.082325 0.038601117689 0.003608 53.55
4 3785 42.381884 -71.082318 0.038611323991 0.003608 53.55
4 3786 42.381892 -71.082310 0.038621530030 0.003608 53.55
4 3787 42.381899 -71.082303 0.038631736069 0.003608 53.55
4 3788 42.381906 -71.082296 0.038641942107 0.003608 53.55
4 3789 42.381913 -71.082289 0.038652148146 0.003608 53.55
4 3790 42.381920 -71.082282 0.038662354184 0.003608 53.55
4 3791 42.381928 -71.082274 0.038672559956 0.003608 53.55
4 3792 42.381935 -71.082267 0.038682765727 0.003608 53.55
4 3793 42.381942 -71.082260 0.038692971498 0.003608 53.55
4 3794 42.381949 -71.082253 0.038703177269 0.003608 53.55
4 3795 42.381956 -71.082246 0.038713383040 0.003608 53.55
4 3796 42.381964 -71.082238 0.038723588540 0.003608 53.55
4 3797 42.381971 -71.082231 0.038733794039 0.003608 53.55
4 3798 42.381978 -71.082224 0.038743999539 0.003608 53.55
4 3799 42.381985 -71.082217 0.038754205039 0.003608 53.55
4 3800 42.381993 -71.082209 0.038764410538 0.003608 53.55
4 3801 42.382000 -71.082202 0.038774615762 0.003608 53.55
